SAMPLES:	22787
BITSPERSAMPLE:	16
CHANNELS:	1
SAMPLERATE:	16000
NORMALIZED:	FALSE
-8
2
16
28
34
37
40
40
37
33
31
30
31
36
43
47
47
45
42
44
43
43
45
45
45
38
30
23
12
1
-8
-15
-20
-25
-32
-41
-46
-53
-56
-57
-57
-55
-57
-56
-57
-61
-64
-66
-67
-67
-65
-63
-63
-62
-59
-53
-44
-32
-23
-15
-10
-7
-1
5
10
17
22
27
30
29
26
21
16
16
22
27
31
35
35
33
33
33
33
38
43
42
43
42
39
35
28
20
17
14
11
7
2
0
-4
-7
-11
-15
-17
-18
-20
-26
-28
-30
-30
-30
-28
-28
-24
-20
-18
-17
-15
-16
-13
-11
-15
-17
-13
-8
-7
-5
-5
-1
3
2
5
11
17
22
28
34
37
43
44
43
42
41
39
37
32
27
21
18
14
9
2
-2
-5
-4
-5
-5
-4
-3
-3
-1
-2
-3
-4
-6
-7
-11
-13
-17
-22
-25
-28
-29
-28
-24
-21
-17
-13
-10
-9
-7
-1
4
8
11
12
12
9
4
0
-6
-12
-13
-14
-16
-16
-16
-10
-5
-1
1
7
12
14
15
13
9
7
3
-3
-9
-16
-24
-31
-36
-42
-43
-41
-41
-39
-35
-29
-23
-17
-14
-11
-9
-8
-10
-9
-8
-7
-6
-8
-11
-11
-9
-5
-2
1
7
14
18
27
34
41
47
50
50
52
50
46
44
42
37
31
28
24
21
23
23
22
23
22
24
27
25
27
27
23
21
19
14
11
6
-1
-5
-9
-17
-18
-17
-14
-10
-11
-9
-3
-1
-3
-1
2
1
-1
-4
-2
1
2
1
4
2
-1
-3
-8
-10
-12
-13
-13
-11
-10
-7
-1
3
2
1
0
-2
-2
-2
-1
-1
-2
-7
-9
-10
-12
-13
-14
-16
-20
-27
-30
-29
-30
-31
-27
-25
-23
-19
-19
-17
-13
-14
-15
-13
-12
-12
-10
-10
-10
-9
-9
-8
-7
-5
-4
-1
-1
0
4
7
8
11
15
17
17
17
14
12
8
6
1
-4
-8
-10
-8
-6
-5
-2
-1
0
1
-3
-5
-6
-6
-5
-5
-4
0
4
7
14
20
23
26
27
26
25
25
25
26
26
27
28
27
25
22
21
19
13
9
7
4
-2
-5
-9
-11
-12
-15
-15
-13
-17
-18
-16
-12
-13
-14
-8
-8
-9
-10
-8
-5
-3
-2
-3
-1
-2
-4
-2
1
7
11
12
11
8
5
4
3
7
10
13
15
15
17
16
11
8
5
-5
-14
-24
-30
-31
-31
-27
-21
-15
-10
-7
-8
-9
-15
-20
-19
-13
-7
-1
4
8
13
15
18
20
18
15
10
6
4
0
-2
2
0
1
1
-2
2
3
2
2
0
-2
-5
-7
-9
-8
-11
-10
-11
-18
-21
-23
-27
-25
-27
-24
-22
-20
-17
-14
-12
-9
-5
-3
2
3
3
6
7
10
15
15
12
7
5
2
-1
-3
-4
-5
-6
-4
0
6
11
17
19
22
25
27
28
26
23
22
22
21
18
13
6
1
-1
-3
-5
-4
-6
-7
-3
2
9
11
13
15
18
21
28
31
29
25
21
20
20
20
18
14
10
6
4
2
4
3
1
1
-1
0
5
7
12
14
14
18
19
19
17
11
3
-6
-19
-29
-39
-46
-50
-52
-54
-57
-56
-53
-47
-43
-35
-26
-18
-10
-5
-1
0
0
0
1
1
-1
-2
-4
-7
-9
-12
-16
-19
-22
-24
-23
-19
-15
-11
-8
-6
-3
-2
-2
-2
-2
0
3
4
2
0
-1
1
-1
-1
-2
-7
-11
-12
-16
-17
-18
-16
-15
-10
-2
11
26
36
44
49
51
53
51
48
45
39
35
32
24
18
13
7
1
-2
-7
-10
-13
-14
-16
-19
-17
-18
-18
-14
-11
-6
0
5
7
9
8
8
10
9
11
11
10
8
8
8
10
15
19
24
28
28
30
32
31
31
32
31
29
26
26
22
19
18
14
9
4
0
-6
-11
-15
-20
-24
-27
-30
-32
-33
-32
-31
-30
-31
-32
-34
-33
-32
-30
-31
-29
-28
-27
-25
-19
-17
-13
-8
-5
-1
-3
-4
-8
-9
-11
-13
-12
-11
-9
-5
1
8
12
15
18
18
17
13
8
6
0
-4
-6
-8
-7
-5
-4
-2
0
-1
-3
-4
-7
-9
-10
-12
-13
-17
-20
-18
-17
-15
-12
-10
-4
0
3
7
8
8
10
11
9
8
3
0
-2
-3
-5
-5
-3
-2
0
0
0
1
1
2
0
-4
-6
-9
-12
-11
-9
-6
3
8
14
16
13
12
16
21
26
31
33
37
42
46
50
54
55
58
58
57
53
47
41
38
37
37
38
39
38
40
35
30
28
24
22
18
10
7
3
-3
-9
-13
-19
-24
-26
-26
-27
-28
-28
-28
-28
-26
-27
-30
-29
-29
-29
-27
-26
-27
-26
-26
-25
-27
-29
-32
-36
-38
-39
-41
-44
-45
-45
-49
-51
-51
-50
-47
-45
-44
-41
-40
-39
-38
-37
-34
-31
-30
-30
-30
-33
-33
-31
-30
-26
-26
-24
-22
-22
-22
-20
-17
-11
-4
0
5
9
10
11
12
14
16
20
21
20
21
23
24
28
30
33
36
36
35
37
39
42
49
54
58
62
63
62
60
60
58
55
53
51
47
46
43
40
39
36
36
36
37
39
37
34
29
24
20
17
16
18
20
23
23
23
23
22
19
17
14
10
6
3
3
2
2
-2
-6
-11
-19
-22
-25
-26
-23
-20
-16
-13
-14
-14
-17
-20
-20
-20
-20
-24
-30
-38
-48
-55
-61
-63
-61
-55
-47
-38
-33
-31
-32
-36
-41
-44
-46
-50
-51
-51
-52
-50
-48
-48
-47
-45
-39
-34
-27
-21
-16
-10
-10
-11
-13
-17
-21
-23
-25
-25
-25
-24
-23
-21
-16
-10
-3
5
10
18
24
27
29
27
26
26
25
25
21
19
18
16
16
13
12
12
13
17
24
31
38
42
44
46
46
45
42
39
36
34
37
38
40
43
43
42
38
34
30
27
25
25
24
25
26
24
24
20
17
15
14
13
12
13
17
18
18
14
11
8
6
5
5
4
3
0
0
-2
-5
-8
-12
-16
-18
-16
-14
-12
-10
-6
-7
-10
-11
-13
-13
-12
-14
-21
-24
-27
-29
-28
-28
-30
-31
-32
-32
-31
-28
-25
-23
-23
-23
-21
-20
-19
-18
-21
-25
-29
-32
-37
-39
-38
-38
-36
-34
-29
-25
-21
-19
-17
-14
-13
-12
-11
-13
-13
-14
-15
-20
-24
-26
-26
-23
-18
-14
-9
-7
-3
0
6
12
16
18
18
19
17
19
19
19
19
20
22
21
21
21
20
21
22
27
31
35
38
39
41
42
45
45
45
44
42
42
39
37
37
39
38
38
38
36
36
38
39
37
36
34
32
29
26
24
21
20
18
15
12
9
9
8
7
6
3
-1
-6
-11
-14
-14
-15
-13
-14
-13
-15
-18
-17
-20
-21
-19
-18
-21
-26
-30
-35
-37
-38
-36
-33
-31
-32
-32
-32
-30
-28
-28
-31
-34
-38
-39
-40
-39
-40
-40
-41
-41
-41
-44
-45
-47
-48
-45
-43
-41
-40
-39
-38
-33
-27
-21
-17
-13
-10
-6
-4
-4
-3
-4
-5
-7
-9
-11
-7
-5
-6
-2
1
5
11
16
19
25
31
35
36
40
41
43
44
43
43
42
39
34
32
29
30
31
30
32
33
35
39
42
42
44
45
47
45
42
39
35
29
21
15
13
9
7
5
2
1
-1
0
3
4
6
6
4
4
3
0
-2
-5
-6
-9
-10
-9
-13
-15
-15
-12
-7
-5
-2
2
3
4
7
7
8
10
8
7
6
3
-1
-5
-10
-11
-13
-16
-17
-17
-18
-17
-13
-10
-7
-5
-7
-8
-15
-23
-26
-28
-30
-26
-25
-25
-24
-25
-28
-30
-31
-31
-29
-28
-26
-21
-17
-16
-13
-10
-7
-4
-3
-2
-3
-6
-10
-10
-9
-5
0
4
6
7
11
14
16
17
18
17
14
12
6
2
0
2
3
4
7
8
5
4
3
1
2
1
1
4
3
5
6
4
2
2
-1
-4
-4
-4
-5
-4
-4
-4
-2
0
2
3
7
10
14
17
20
21
23
23
23
23
22
24
25
27
26
27
28
28
28
27
24
22
20
20
20
19
17
16
18
18
18
18
15
12
12
9
6
6
3
-1
-2
-4
-5
-8
-10
-14
-17
-20
-25
-27
-27
-27
-27
-24
-23
-24
-22
-22
-22
-20
-18
-15
-15
-15
-14
-14
-14
-18
-20
-24
-29
-30
-31
-30
-29
-28
-27
-24
-22
-21
-21
-21
-20
-18
-14
-11
-8
-7
-4
-6
-7
-10
-13
-17
-20
-21
-21
-22
-22
-22
-21
-21
-17
-16
-12
-7
-2
4
8
10
12
12
14
16
19
20
19
20
20
20
19
20
18
18
18
19
19
20
23
26
27
28
29
28
28
26
25
24
25
27
29
31
30
27
21
15
9
5
4
4
4
6
8
8
7
6
2
2
0
0
2
5
8
11
10
8
9
9
10
9
7
8
8
5
4
1
-2
-5
-6
-9
-11
-11
-13
-11
-12
-12
-11
-10
-9
-7
-5
-2
0
1
2
1
0
-2
-6
-11
-15
-18
-18
-21
-21
-20
-19
-17
-16
-13
-13
-13
-10
-10
-7
-3
1
3
6
8
11
13
14
12
10
5
1
-5
-10
-14
-17
-17
-18
-17
-14
-11
-8
-4
-1
1
3
0
-1
-3
-6
-7
-8
-7
-4
-2
1
0
-2
-4
-8
-12
-14
-19
-19
-17
-15
-13
-8
-3
1
6
10
11
13
15
13
14
15
15
14
15
13
11
12
11
10
10
9
5
2
-1
-4
-6
-6
-7
-5
-3
0
6
14
20
25
26
27
24
21
18
13
10
6
4
1
0
-2
-4
-4
-4
-4
-3
-1
1
3
6
6
8
10
11
12
13
14
12
9
7
4
1
0
0
-1
-2
-2
-4
-5
-6
-9
-12
-14
-16
-17
-15
-12
-9
-5
-3
0
0
0
-1
-3
-6
-10
-11
-12
-15
-15
-16
-17
-20
-22
-24
-23
-23
-19
-15
-13
-11
-7
-5
-5
-2
-1
-1
1
1
1
0
-1
-2
-2
-3
-1
-1
-2
-1
0
2
3
4
3
4
3
2
1
0
1
1
5
7
8
6
5
0
-3
-5
-7
-7
-8
-8
-7
-3
0
2
4
5
5
5
3
2
2
3
5
7
10
11
13
13
15
15
15
16
18
19
21
23
24
24
26
28
29
31
31
31
32
30
27
25
23
21
17
16
15
13
12
12
12
14
12
9
6
2
-3
-7
-11
-12
-13
-14
-13
-11
-10
-10
-11
-11
-12
-12
-14
-16
-18
-19
-20
-20
-22
-25
-28
-31
-33
-37
-38
-39
-38
-38
-36
-34
-32
-31
-29
-28
-28
-27
-25
-24
-22
-20
-18
-16
-14
-14
-14
-17
-17
-17
-18
-18
-17
-17
-18
-18
-17
-19
-19
-20
-20
-16
-14
-10
-6
-1
2
6
6
8
9
8
10
12
13
15
18
23
26
29
30
30
30
28
28
26
26
25
26
27
29
30
31
33
35
36
37
37
35
34
35
33
30
27
26
24
23
23
24
27
30
32
32
33
33
30
27
24
20
17
14
9
4
0
-2
-6
-8
-9
-8
-7
-4
-4
-3
-1
-1
-2
-4
-6
-9
-11
-15
-17
-17
-16
-17
-18
-19
-20
-21
-23
-25
-25
-24
-24
-24
-25
-26
-24
-24
-25
-26
-26
-26
-26
-26
-25
-25
-25
-24
-25
-26
-23
-21
-19
-17
-14
-11
-8
-9
-10
-11
-13
-15
-17
-17
-19
-17
-16
-14
-10
-5
-2
2
5
7
8
10
10
11
12
13
14
13
12
11
11
10
11
11
10
12
12
14
15
17
18
18
17
13
9
7
4
3
4
6
9
10
11
10
10
8
6
5
3
3
5
8
9
11
11
7
6
3
1
1
1
3
6
8
10
12
11
10
8
6
5
4
4
5
4
5
4
5
3
2
2
0
1
2
4
7
8
8
7
6
3
3
3
2
1
0
-1
-2
-3
-5
-9
-11
-14
-15
-15
-15
-15
-14
-14
-14
-14
-14
-13
-12
-10
-9
-7
-6
-5
-4
-4
-5
-6
-5
-7
-7
-9
-10
-10
-10
-11
-11
-9
-9
-8
-8
-8
-6
-5
-6
-8
-6
-6
-6
-4
-3
-1
0
0
0
-1
-2
-2
-2
-2
-2
-2
1
1
3
3
4
4
4
5
6
7
9
10
12
12
12
14
13
13
14
16
15
15
14
12
10
9
6
5
6
6
7
10
12
13
12
10
7
6
6
7
9
11
12
16
18
19
18
17
15
13
10
9
8
6
5
4
3
4
4
6
6
7
9
9
11
9
6
3
1
-2
-3
-3
-2
-3
-3
-6
-9
-11
-15
-19
-22
-23
-24
-22
-21
-20
-20
-18
-18
-18
-19
-19
-19
-22
-21
-21
-21
-20
-21
-20
-18
-17
-17
-16
-14
-13
-14
-13
-13
-14
-13
-12
-10
-9
-7
-6
-5
-4
-2
-3
-4
-5
-6
-6
-7
-6
-6
-3
-4
-4
-3
-4
-5
-6
-4
-3
-2
-1
1
5
7
8
9
9
11
12
12
13
13
13
15
14
13
12
14
16
16
16
17
17
17
17
15
14
14
13
13
12
13
13
13
13
12
10
8
6
4
3
5
7
9
8
9
10
10
11
7
7
6
5
3
2
2
3
4
5
5
5
4
1
-1
-4
-6
-7
-8
-9
-8
-8
-9
-7
-7
-5
-6
-5
-6
-8
-8
-9
-10
-10
-12
-10
-7
-7
-5
-4
-3
-2
-1
-1
-4
-3
-3
-2
-1
0
1
4
5
4
5
4
2
1
0
-3
-5
-5
-5
-5
-4
-2
1
2
2
2
2
1
-1
-1
-1
0
0
1
0
-1
-1
1
0
-1
-3
-4
-5
-6
-5
-5
-7
-5
-3
-3
-3
-2
1
0
1
3
3
2
1
1
2
3
4
4
5
4
3
6
5
3
5
5
3
2
1
-1
-1
-2
-3
-5
-5
-4
-6
-8
-6
-4
-3
-1
1
1
1
3
4
5
5
4
2
1
0
1
2
3
3
4
4
4
4
3
3
3
2
3
2
-1
-1
-1
-3
-4
-1
-1
0
1
0
-2
-6
-8
-7
-7
-5
-5
-5
-6
-5
-2
-2
-1
1
3
4
5
3
2
5
6
6
4
2
3
4
5
7
5
3
1
1
1
4
4
2
1
-2
-2
-3
-5
-5
-4
-1
1
3
1
0
-4
-3
-2
-3
-3
-4
-3
-5
-7
-8
-8
-8
-7
-6
-6
-7
-9
-10
-9
-12
-12
-11
-9
-7
-5
-4
-5
-6
-5
-4
-3
-3
1
2
3
3
3
2
3
2
3
3
6
7
8
8
7
7
8
9
10
11
10
11
9
7
7
9
9
10
11
10
9
7
5
4
3
3
2
1
0
-1
-3
-4
-5
-5
-3
-4
-2
-1
-1
-2
-2
-1
-1
0
0
2
5
7
9
10
9
9
8
9
7
6
4
3
1
1
2
3
4
8
8
8
7
6
4
5
5
4
3
0
-1
-4
-7
-9
-12
-14
-18
-20
-23
-23
-24
-23
-21
-19
-16
-14
-11
-9
-8
-7
-6
-5
-5
-4
-5
-5
-5
-4
-2
-2
-1
0
4
4
4
1
0
0
0
0
0
-1
-1
-1
-1
-2
-1
-2
-3
-3
-3
-4
-5
-5
-5
-4
-5
-3
-2
-1
1
5
6
5
2
1
0
-1
0
2
4
7
10
9
10
10
10
10
10
10
10
8
6
6
6
7
10
12
13
16
15
15
12
9
7
5
4
6
8
9
11
12
10
7
5
3
2
0
0
2
0
1
4
4
3
2
2
2
0
2
1
-1
-3
-4
-6
-7
-9
-12
-12
-9
-8
-7
-6
-6
-6
-7
-8
-8
-7
-8
-9
-6
-4
-4
-5
-6
-6
-8
-10
-13
-12
-11
-13
-12
-11
-10
-7
-7
-6
-5
-6
-6
-6
-5
-4
-3
-2
1
2
0
-1
0
0
0
0
-1
0
-1
0
0
1
3
5
4
4
6
6
6
6
6
7
5
4
6
7
7
7
5
5
4
3
2
2
0
-2
-2
-2
-1
2
4
6
7
8
8
8
8
5
2
-1
-3
-5
-3
-1
1
1
1
1
0
0
0
-1
1
-1
0
-1
0
1
2
3
4
2
2
2
3
4
4
6
4
4
5
4
7
9
10
9
6
3
0
-2
-3
-5
-6
-7
-7
-8
-8
-6
-6
-4
-4
-5
-5
-5
-6
-6
-7
-9
-10
-10
-9
-6
-4
-4
-2
-3
-5
-5
-8
-9
-12
-11
-9
-9
-7
-8
-4
-3
-2
0
0
2
3
2
2
0
2
1
3
5
6
8
7
8
7
5
5
4
4
4
3
3
4
3
2
5
0
4
5
1
7
-2
-1
-1
-3
0
-3
1
1
0
3
0
4
3
3
8
4
8
5
7
6
6
8
7
9
10
12
12
8
9
4
2
1
-3
-1
-3
-2
-2
-4
-6
-7
-6
-5
-5
-5
-6
-6
-6
-5
-5
-3
-1
0
2
2
0
1
1
2
2
2
1
2
0
1
1
1
0
-1
-2
-2
-2
-1
0
0
-1
-3
-3
-4
-4
-2
-3
-2
-2
-3
-3
-3
0
0
0
1
-2
-4
-2
-4
-2
-2
-2
-2
-4
-4
-6
-6
-3
-3
1
2
1
1
-1
0
0
1
1
1
1
-1
-1
-3
-2
-3
-3
0
1
1
0
1
1
1
2
3
3
1
-1
1
-2
-3
-4
-3
-2
-2
1
3
5
5
4
7
6
5
3
5
2
1
0
-1
-1
-5
-3
-1
0
3
5
8
7
4
6
6
4
2
3
1
-3
-6
-7
-5
-6
-2
5
6
6
4
4
4
1
0
0
-2
-5
-10
-10
-12
-13
-12
-8
-6
-4
-2
0
2
1
1
2
1
0
0
1
1
-1
1
0
2
6
5
10
9
9
8
7
8
7
7
5
4
2
2
-1
-4
-4
-3
-2
-5
-6
-6
-8
-4
-3
-1
0
-4
-2
-6
-10
-12
-12
-10
-15
-16
-15
-16
-15
-17
-17
-18
-18
-20
-23
-26
-26
-23
-23
-23
-24
-21
-17
-16
-12
-11
-10
-6
-5
-1
-1
1
4
6
8
7
14
16
17
21
22
22
21
19
20
18
17
17
18
16
14
14
15
15
13
14
13
12
11
13
13
12
12
12
12
10
8
7
5
1
0
-5
-7
-6
-7
-10
-14
-15
-16
-20
-25
-29
-30
-32
-36
-39
-37
-35
-33
-33
-35
-35
-37
-40
-43
-44
-44
-45
-42
-39
-37
-32
-29
-20
-16
-18
-18
-11
-7
-9
-11
-2
10
11
15
19
24
25
25
24
24
24
34
43
45
57
80
106
122
133
152
166
173
178
180
181
180
196
214
223
229
246
278
301
301
295
296
287
266
224
182
146
114
88
57
27
8
5
10
-3
-26
-40
-53
-69
-111
-160
-193
-203
-212
-232
-249
-248
-231
-210
-198
-193
-181
-158
-143
-149
-168
-182
-173
-159
-156
-169
-172
-166
-158
-148
-147
-141
-122
-106
-108
-116
-111
-95
-91
-93
-92
-88
-85
-81
-73
-71
-78
-79
-74
-82
-110
-136
-143
-149
-165
-180
-185
-183
-179
-177
-174
-169
-158
-155
-167
-180
-190
-195
-197
-203
-205
-201
-185
-157
-122
-91
-67
-30
7
24
25
37
63
77
89
110
132
147
164
193
222
244
272
294
294
292
315
356
380
378
380
395
404
403
397
418
513
674
799
847
892
1020
1195
1303
1308
1280
1247
1193
1098
969
850
754
687
609
463
299
219
213
174
40
-130
-241
-318
-433
-619
-812
-923
-970
-1040
-1164
-1275
-1294
-1239
-1196
-1186
-1183
-1155
-1095
-1054
-1028
-990
-922
-830
-783
-795
-789
-713
-595
-528
-519
-489
-438
-387
-364
-354
-328
-299
-278
-286
-300
-285
-202
-78
17
64
113
182
249
279
277
251
202
154
98
44
16
31
65
67
66
92
127
160
183
190
175
146
127
119
106
86
81
89
85
70
53
59
86
84
55
18
-12
-32
-37
-50
-80
-85
-68
-48
-23
35
125
221
296
349
412
501
594
663
719
770
818
836
828
826
827
799
748
696
669
658
670
685
665
670
748
873
939
888
840
851
815
773
865
1039
1119
1087
1106
1197
1241
1203
1142
1045
842
517
198
-85
-392
-656
-821
-936
-1093
-1235
-1267
-1201
-1177
-1215
-1220
-1183
-1184
-1268
-1374
-1454
-1514
-1559
-1599
-1655
-1699
-1683
-1605
-1498
-1393
-1295
-1191
-1094
-1038
-1023
-1009
-954
-851
-793
-801
-782
-702
-573
-479
-367
-209
-81
5
57
129
184
178
162
169
140
90
97
164
240
292
345
411
501
595
641
643
612
565
498
399
293
220
170
105
32
-26
-36
-9
46
104
137
151
162
177
194
211
237
303
323
295
304
357
440
485
480
459
414
381
335
273
224
174
147
137
146
153
182
262
337
418
502
631
804
925
979
1024
1065
1075
1028
982
938
863
789
706
647
632
641
668
676
615
566
553
530
453
346
237
229
361
543
712
886
1102
1260
1378
1418
1455
1438
1232
907
524
125
-294
-659
-930
-1153
-1394
-1577
-1680
-1726
-1768
-1808
-1787
-1767
-1841
-1963
-2058
-2119
-2135
-2150
-2146
-2122
-2069
-1974
-1815
-1620
-1412
-1232
-1101
-1016
-985
-974
-973
-963
-954
-971
-1033
-1071
-1063
-998
-872
-679
-452
-265
-137
-40
77
221
360
468
528
551
591
688
812
937
1102
1253
1347
1382
1380
1381
1365
1285
1147
1001
835
649
482
364
287
266
271
270
299
361
450
541
589
607
590
545
523
516
517
520
540
604
649
641
664
716
709
619
478
325
144
-64
-243
-391
-520
-579
-557
-460
-312
-165
4
188
364
540
691
798
825
752
682
610
498
420
365
314
263
222
245
340
428
486
528
564
534
448
391
360
297
249
279
411
710
1210
1522
1323
1042
1046
1312
1386
926
417
157
-218
-713
-1211
-1557
-1655
-1677
-1659
-1830
-2225
-2321
-2034
-1792
-1885
-2224
-2295
-2146
-2152
-2271
-2363
-2324
-2065
-1804
-1746
-1797
-1727
-1284
-765
-574
-630
-657
-544
-452
-572
-678
-615
-515
-475
-601
-766
-640
-280
61
246
221
241
402
602
794
935
1061
1200
1252
1265
1285
1399
1700
1914
1887
1707
1556
1629
1735
1633
1393
1164
1040
891
650
499
504
581
587
430
268
267
363
464
407
237
128
66
11
-81
-192
-211
-146
-111
-138
-164
-65
103
133
11
-192
-362
-422
-494
-625
-757
-876
-889
-828
-782
-654
-436
-183
76
247
363
532
710
822
782
634
555
575
611
578
505
493
534
630
740
862
1023
1142
1142
1039
920
868
811
636
403
156
-15
28
258
547
761
903
1072
1273
1403
1429
1360
1191
873
360
-228
-782
-1201
-1445
-1650
-1896
-2070
-2125
-2036
-1827
-1645
-1523
-1505
-1545
-1586
-1716
-1883
-1986
-2046
-2073
-2149
-2259
-2196
-2008
-1755
-1457
-1197
-985
-850
-743
-615
-535
-511
-481
-513
-621
-732
-786
-737
-626
-500
-343
-222
-167
-46
172
401
570
723
916
1040
1071
1169
1361
1578
1707
1775
1795
1727
1632
1587
1566
1461
1273
1110
985
816
677
635
657
668
638
573
480
426
432
389
229
27
-133
-249
-367
-425
-371
-272
-174
-31
138
286
404
488
504
395
208
54
-92
-274
-471
-621
-644
-625
-566
-381
-121
133
373
538
652
758
804
816
711
515
388
352
371
387
412
503
640
835
1055
1230
1371
1433
1427
1335
1114
923
787
618
385
79
-238
-305
-93
221
453
522
656
840
939
1009
951
678
289
-202
-697
-1199
-1688
-1946
-2060
-2235
-2372
-2415
-2321
-2059
-1847
-1699
-1666
-1798
-1877
-1954
-2100
-2256
-2409
-2458
-2517
-2624
-2585
-2401
-2120
-1794
-1523
-1304
-1114
-935
-693
-504
-447
-429
-434
-464
-548
-640
-588
-468
-317
-106
65
240
439
680
967
1192
1366
1568
1739
1872
1967
2045
2202
2398
2547
2593
2506
2395
2317
2189
2019
1819
1644
1503
1287
1076
968
921
952
977
933
824
624
465
389
234
6
-231
-448
-626
-753
-756
-668
-535
-361
-166
-6
136
258
324
285
95
-120
-270
-416
-617
-779
-865
-934
-938
-796
-559
-309
-125
15
195
293
336
373
352
248
94
34
89
211
328
351
427
644
847
1030
1161
1245
1272
1143
1003
921
762
533
268
-10
-288
-611
-680
-467
-289
-137
-39
67
305
481
571
617
412
146
-124
-482
-844
-1233
-1475
-1565
-1700
-1770
-1778
-1770
-1680
-1641
-1591
-1563
-1655
-1769
-1902
-2101
-2261
-2365
-2416
-2392
-2384
-2351
-2257
-2091
-1804
-1424
-1065
-726
-447
-223
-56
77
208
288
252
119
12
-58
-49
14
155
359
498
608
791
997
1262
1500
1695
1852
1887
1977
2141
2297
2418
2472
2485
2447
2307
2190
2120
2051
1997
1885
1699
1491
1336
1297
1255
1124
949
748
541
310
72
-110
-287
-467
-592
-714
-804
-816
-714
-533
-423
-328
-152
36
153
145
90
45
-41
-173
-296
-403
-504
-544
-496
-469
-501
-494
-399
-291
-223
-172
-101
-33
-57
-74
-73
-116
-141
-107
-69
-92
-84
-45
-39
34
164
270
331
311
315
341
263
169
54
-105
-277
-497
-594
-695
-875
-770
-502
-261
-52
8
189
475
549
602
523
344
250
-7
-311
-655
-1053
-1198
-1241
-1350
-1445
-1635
-1676
-1497
-1421
-1423
-1511
-1628
-1628
-1677
-1810
-1883
-1934
-1850
-1757
-1815
-1773
-1577
-1238
-784
-457
-245
-11
174
383
508
507
548
567
503
403
260
291
479
634
790
849
889
1095
1373
1648
1819
1875
1993
2092
2117
2153
2260
2439
2549
2521
2416
2299
2272
2354
2373
2228
1981
1755
1581
1383
1168
984
802
565
236
-110
-397
-588
-718
-908
-1209
-1489
-1574
-1511
-1437
-1353
-1244
-1096
-920
-725
-517
-381
-281
-172
-192
-397
-629
-726
-699
-690
-789
-924
-998
-1005
-941
-893
-897
-900
-861
-803
-809
-837
-802
-725
-696
-676
-611
-508
-359
-173
9
128
156
209
331
427
486
471
451
438
379
351
318
268
242
174
60
-61
-81
115
414
645
765
830
987
1235
1424
1491
1371
1171
998
694
260
-170
-429
-477
-587
-783
-921
-985
-881
-702
-612
-664
-847
-958
-956
-1060
-1261
-1438
-1502
-1500
-1557
-1583
-1470
-1214
-854
-558
-393
-269
-120
92
209
171
72
2
-19
-75
-145
-174
-122
19
173
287
409
580
828
1090
1265
1365
1498
1680
1819
1870
1878
1978
2141
2206
2167
2101
2072
2099
2078
1954
1730
1460
1203
956
627
251
-100
-421
-729
-1109
-1465
-1690
-1835
-1966
-2110
-2236
-2227
-2072
-1847
-1646
-1461
-1199
-869
-564
-371
-272
-221
-208
-185
-191
-271
-354
-403
-415
-463
-586
-694
-726
-771
-889
-1030
-1163
-1206
-1163
-1070
-1009
-977
-885
-701
-496
-337
-138
144
388
503
615
783
954
1103
1194
1214
1214
1192
1253
1369
1320
1199
1154
1128
1053
863
649
521
467
562
682
749
831
938
1147
1317
1396
1510
1536
1393
1181
896
588
256
-52
-204
-338
-503
-625
-687
-696
-713
-723
-743
-887
-1108
-1267
-1445
-1683
-1917
-2110
-2215
-2279
-2289
-2169
-1988
-1766
-1481
-1177
-905
-684
-483
-321
-262
-246
-189
-130
-83
-53
-21
60
175
323
497
633
717
839
983
1097
1218
1354
1484
1561
1627
1767
1958
2108
2154
2120
2108
2116
2115
2111
2011
1812
1563
1267
947
566
153
-221
-632
-1106
-1569
-1924
-2121
-2258
-2363
-2349
-2251
-2086
-1859
-1626
-1356
-1073
-814
-563
-388
-317
-287
-248
-202
-224
-286
-301
-318
-351
-389
-483
-614
-738
-887
-1005
-1079
-1154
-1142
-1066
-985
-837
-651
-440
-200
1
202
403
604
818
986
1136
1253
1336
1513
1684
1732
1778
1832
1858
1836
1704
1597
1510
1281
990
709
429
122
-189
-265
-76
132
341
564
803
1136
1437
1673
1838
1735
1491
1264
1017
749
369
-14
-236
-436
-618
-719
-796
-807
-871
-1018
-1154
-1374
-1581
-1721
-1949
-2225
-2489
-2666
-2631
-2523
-2429
-2247
-1992
-1648
-1251
-931
-638
-407
-249
-121
-102
-122
-98
-64
-36
-63
-86
24
198
400
600
676
714
812
955
1133
1213
1249
1337
1429
1536
1656
1802
1969
2055
2074
2094
2085
2052
2034
1977
1806
1499
1120
740
309
-161
-591
-998
-1419
-1825
-2133
-2270
-2272
-2202
-2082
-1958
-1803
-1602
-1403
-1207
-1012
-809
-605
-525
-541
-521
-463
-408
-378
-394
-438
-494
-491
-450
-501
-601
-680
-707
-746
-842
-913
-882
-772
-673
-577
-430
-262
-60
147
319
531
744
960
1184
1349
1474
1572
1678
1806
1843
1838
1862
1846
1772
1582
1376
1189
958
707
400
100
-109
-296
-363
-270
-89
196
443
653
965
1285
1560
1780
1792
1664
1494
1280
1039
712
296
-25
-246
-471
-694
-964
-1147
-1208
-1319
-1458
-1644
-1872
-1991
-2136
-2314
-2431
-2549
-2534
-2423
-2379
-2279
-2090
-1803
-1425
-1123
-854
-605
-400
-205
-105
-47
16
34
54
53
40
122
260
418
565
658
769
950
1162
1350
1436
1451
1454
1431
1426
1456
1538
1674
1794
1863
1912
1954
1988
1996
1936
1774
1454
981
471
-18
-483
-906
-1317
-1690
-1992
-2175
-2170
-2060
-1898
-1705
-1545
-1402
-1258
-1109
-903
-751
-724
-770
-854
-878
-814
-728
-663
-666
-654
-578
-473
-325
-182
-86
-84
-161
-193
-190
-203
-251
-326
-367
-379
-366
-278
-93
148
348
523
726
944
1199
1400
1535
1625
1629
1619
1598
1560
1520
1372
1190
1044
895
792
672
528
420
277
132
73
42
72
172
302
488
700
933
1205
1446
1603
1698
1693
1592
1464
1298
1065
715
276
-67
-302
-555
-799
-1058
-1271
-1385
-1492
-1538
-1572
-1677
-1742
-1790
-1875
-1949
-2022
-1996
-1901
-1865
-1819
-1768
-1657
-1468
-1304
-1138
-996
-931
-874
-878
-917
-891
-804
-684
-607
-531
-359
-93
245
580
841
1032
1181
1341
1529
1667
1700
1706
1717
1699
1696
1787
1968
2133
2188
2163
2132
2092
2021
1877
1595
1141
562
4
-492
-987
-1442
-1789
-2044
-2250
-2373
-2313
-2107
-1881
-1657
-1442
-1278
-1180
-1098
-1006
-965
-1030
-1147
-1191
-1174
-1146
-1053
-865
-666
-476
-274
-43
162
278
359
404
347
236
110
-37
-196
-371
-483
-481
-445
-374
-232
-21
300
632
939
1262
1513
1713
1874
1939
1937
1849
1720
1614
1452
1307
1202
1097
1079
1106
1100
1079
1009
922
805
611
437
285
179
192
292
483
711
908
1174
1477
1730
1905
1917
1819
1660
1376
957
447
-95
-537
-861
-1144
-1404
-1623
-1728
-1685
-1581
-1455
-1383
-1403
-1447
-1523
-1653
-1777
-1879
-1931
-1936
-2010
-2071
-2011
-1865
-1643
-1454
-1377
-1313
-1271
-1244
-1194
-1144
-1048
-944
-855
-702
-492
-236
106
460
758
952
1028
1108
1210
1248
1247
1207
1151
1139
1138
1221
1413
1595
1743
1859
1904
1880
1743
1516
1209
720
130
-449
-996
-1481
-1903
-2226
-2421
-2530
-2499
-2318
-2072
-1817
-1576
-1326
-1088
-971
-912
-818
-748
-728
-758
-760
-655
-501
-321
-74
181
415
638
843
1030
1122
1088
984
815
598
350
99
-76
-190
-290
-315
-246
-60
193
479
845
1216
1501
1742
1910
2009
2079
2073
1997
1860
1675
1525
1439
1341
1248
1162
1124
1163
1199
1197
1146
1037
906
767
603
425
228
92
83
181
394
656
905
1202
1477
1652
1752
1730
1604
1374
976
484
-53
-582
-991
-1313
-1570
-1806
-2018
-2097
-2073
-2011
-1934
-1962
-2048
-2129
-2232
-2300
-2382
-2483
-2538
-2598
-2686
-2723
-2672
-2503
-2316
-2214
-2126
-2014
-1856
-1642
-1419
-1201
-982
-740
-442
-138
114
343
558
723
845
935
1036
1141
1206
1231
1218
1221
1305
1428
1575
1719
1796
1900
2006
2073
2077
1972
1814
1572
1177
714
246
-165
-517
-877
-1186
-1410
-1534
-1507
-1400
-1261
-1098
-955
-778
-613
-548
-533
-578
-647
-692
-748
-763
-687
-522
-289
-59
172
474
822
1128
1328
1396
1351
1208
994
743
459
138
-139
-315
-390
-393
-356
-203
75
350
626
894
1143
1385
1512
1538
1520
1419
1313
1236
1136
1031
923
870
910
925
931
951
922
891
777
596
421
183
-29
-202
-412
-489
-387
-170
191
497
766
1114
1405
1649
1800
1738
1612
1382
1008
583
15
-525
-951
-1373
-1724
-2036
-2295
-2345
-2321
-2314
-2288
-2332
-2339
-2294
-2308
-2323
-2382
-2466
-2474
-2501
-2511
-2471
-2417
-2259
-2078
-1946
-1768
-1591
-1367
-1064
-842
-632
-395
-174
84
292
429
588
711
833
966
1033
1102
1145
1158
1220
1287
1362
1493
1572
1676
1819
1914
2040
2132
2167
2168
2037
1858
1685
1407
1084
693
263
-103
-472
-773
-996
-1180
-1258
-1284
-1268
-1157
-1057
-966
-883
-844
-813
-847
-939
-969
-935
-878
-763
-578
-320
-36
253
582
919
1165
1306
1345
1282
1160
974
751
465
113
-167
-332
-436
-481
-492
-393
-197
-18
188
413
631
853
982
1019
981
915
926
904
808
729
703
782
870
899
945
961
932
884
764
594
402
199
-31
-316
-580
-626
-439
-149
126
342
659
1124
1597
1922
1989
1871
1739
1547
1209
711
137
-289
-617
-979
-1348
-1697
-1898
-1914
-1877
-1874
-1976
-2038
-1933
-1846
-1911
-2087
-2213
-2227
-2283
-2413
-2493
-2526
-2477
-2325
-2145
-1972
-1800
-1524
-1144
-864
-715
-545
-278
-3
151
195
260
388
540
693
776
837
955
1142
1335
1438
1478
1565
1656
1688
1651
1590
1592
1626
1630
1592
1496
1397
1376
1330
1186
952
666
393
84
-269
-598
-846
-1024
-1157
-1290
-1405
-1420
-1330
-1188
-1101
-1078
-1031
-967
-915
-853
-788
-684
-552
-389
-169
53
303
619
920
1153
1232
1213
1212
1165
1012
743
406
115
-106
-305
-441
-501
-479
-381
-280
-172
16
263
536
766
849
893
974
1072
1185
1199
1154
1138
1123
1158
1162
1073
1000
898
773
668
529
401
262
85
-75
-215
-206
-8
260
488
635
838
1171
1525
1801
1941
1947
1876
1748
1516
1096
618
229
-98
-438
-876
-1285
-1520
-1629
-1677
-1761
-1911
-2029
-2116
-2172
-2277
-2502
-2720
-2876
-2960
-3041
-3139
-3125
-2961
-2713
-2471
-2283
-2060
-1763
-1426
-1127
-949
-801
-632
-437
-275
-197
-95
87
322
561
751
920
1088
1248
1401
1485
1489
1494
1518
1489
1392
1273
1240
1297
1322
1295
1243
1215
1252
1287
1257
1131
917
720
508
204
-135
-437
-659
-881
-1104
-1251
-1286
-1201
-1063
-950
-897
-845
-727
-582
-501
-461
-392
-238
-50
76
195
350
584
855
1032
1122
1183
1246
1300
1214
994
746
501
298
89
-128
-280
-361
-382
-328
-248
-155
-5
183
359
444
466
551
680
767
767
761
799
851
921
944
922
908
868
864
864
772
677
594
488
300
46
-28
149
408
596
661
784
1051
1389
1748
1939
1908
1796
1667
1455
1048
560
212
-46
-337
-705
-1115
-1393
-1476
-1454
-1473
-1669
-1931
-2082
-2152
-2296
-2552
-2803
-2976
-3115
-3291
-3441
-3456
-3311
-3077
-2865
-2701
-2534
-2295
-1932
-1556
-1331
-1217
-1073
-850
-623
-475
-341
-122
176
486
731
882
1041
1283
1504
1617
1614
1582
1584
1540
1421
1273
1165
1160
1214
1246
1265
1285
1362
1484
1526
1470
1368
1240
1095
869
544
240
8
-201
-456
-725
-901
-945
-908
-853
-824
-813
-770
-674
-568
-502
-461
-383
-244
-110
-10
125
337
603
851
990
1053
1116
1239
1375
1380
1277
1149
1042
932
749
544
385
275
235
211
149
117
133
219
313
325
344
441
550
593
581
521
481
520
530
493
457
414
436
462
427
402
391
356
238
37
-133
-181
-73
133
294
380
492
722
1002
1258
1410
1399
1310
1131
849
526
150
-174
-412
-696
-1005
-1282
-1433
-1427
-1425
-1495
-1622
-1789
-1941
-2088
-2286
-2535
-2789
-2967
-3088
-3215
-3315
-3292
-3126
-2897
-2695
-2517
-2282
-2014
-1751
-1528
-1390
-1277
-1114
-884
-638
-454
-270
-9
302
616
889
1135
1344
1482
1596
1691
1762
1814
1808
1781
1711
1642
1647
1681
1721
1730
1733
1790
1841
1857
1857
1823
1756
1617
1414
1164
882
615
373
127
-155
-443
-638
-731
-775
-819
-846
-816
-801
-788
-734
-661
-535
-390
-259
-133
-23
148
404
632
774
844
898
988
1078
1121
1105
1036
927
820
699
533
371
237
126
-21
-226
-388
-462
-487
-467
-446
-410
-333
-255
-144
-37
33
116
192
270
315
267
263
265
241
203
113
35
-33
-138
-266
-420
-566
-608
-516
-318
-109
41
169
370
637
907
1111
1147
1063
940
777
589
330
47
-143
-286
-396
-503
-638
-727
-766
-791
-840
-991
-1195
-1392
-1600
-1813
-2048
-2240
-2342
-2422
-2495
-2556
-2563
-2464
-2301
-2118
-1943
-1804
-1691
-1541
-1354
-1154
-904
-627
-338
-62
176
422
725
1075
1377
1587
1699
1743
1806
1889
1941
1917
1825
1726
1675
1657
1629
1628
1656
1688
1742
1772
1784
1806
1835
1848
1770
1570
1292
976
678
400
111
-200
-571
-917
-1150
-1293
-1327
-1283
-1242
-1195
-1160
-1109
-961
-738
-528
-369
-278
-239
-166
-7
193
358
457
484
499
547
629
703
724
669
541
415
303
169
43
-111
-317
-510
-698
-832
-854
-825
-778
-721
-666
-557
-358
-137
20
107
130
126
147
176
182
163
131
100
65
40
14
-9
-10
-54
-131
-188
-254
-261
-137
42
230
447
658
891
1160
1355
1495
1577
1533
1470
1389
1220
998
730
502
346
177
23
-151
-322
-400
-451
-510
-639
-908
-1153
-1358
-1596
-1831
-2075
-2267
-2397
-2523
-2603
-2586
-2517
-2384
-2201
-2061
-1977
-1898
-1758
-1508
-1231
-967
-682
-397
-74
215
500
820
1070
1278
1421
1462
1484
1494
1492
1481
1394
1329
1330
1366
1444
1511
1601
1739
1840
1939
2011
2022
2017
1954
1804
1506
1108
729
394
84
-294
-701
-1028
-1255
-1409
-1477
-1454
-1387
-1291
-1184
-1074
-958
-800
-607
-383
-194
-107
-40
88
252
386
449
477
508
539
578
553
511
455
382
302
182
37
-136
-280
-391
-555
-715
-839
-934
-926
-898
-854
-762
-658
-517
-349
-179
-12
111
227
285
267
287
296
282
250
205
205
187
130
103
75
56
32
5
-40
-151
-223
-163
13
199
383
583
807
1086
1338
1541
1700
1756
1755
1700
1512
1233
922
697
552
330
110
-86
-272
-323
-388
-518
-674
-931
-1170
-1400
-1682
-1948
-2178
-2292
-2349
-2441
-2474
-2421
-2308
-2099
-1876
-1722
-1580
-1413
-1194
-966
-760
-562
-339
-79
175
375
545
732
931
1116
1227
1240
1240
1299
1340
1339
1336
1348
1394
1473
1556
1657
1797
1955
2067
2087
2053
2005
1923
1726
1384
940
480
66
-311
-685
-1080
-1422
-1604
-1681
-1718
-1683
-1564
-1379
-1179
-991
-783
-566
-383
-233
-119
-77
-77
-67
-17
39
61
89
152
242
333
386
403
406
381
324
174
-24
-183
-362
-553
-733
-938
-1082
-1117
-1099
-950
-785
-651
-421
-182
44
277
437
598
705
663
631
574
477
438
372
257
174
102
86
111
116
129
115
76
35
-21
-105
-114
11
187
421
672
913
1229
1529
1782
2048
2195
2215
2154
1943
1620
1221
822
548
291
-7
-289
-577
-769
-860
-929
-981
-1159
-1413
-1640
-1900
-2085
-2174
-2244
-2297
-2420
-2541
-2533
-2421
-2214
-1958
-1771
-1618
-1511
-1387
-1154
-915
-687
-494
-385
-277
-120
67
320
584
777
888
917
991
1116
1212
1286
1297
1242
1229
1265
1356
1497
1616
1764
1871
1917
1967
1980
1947
1788
1448
1041
584
111
-287
-679
-1047
-1331
-1542
-1583
-1508
-1395
-1199
-969
-718
-493
-336
-145
16
71
94
73
27
10
-15
-21
-18
-33
26
167
321
444
509
547
550
484
328
107
-134
-395
-666
-929
-1176
-1383
-1494
-1466
-1324
-1095
-807
-459
-47
296
535
729
839
866
781
597
420
242
91
4
-60
-56
18
130
294
453
567
639
638
579
449
303
267
348
473
600
749
994
1352
1723
2036
2269
2387
2387
2307
2147
1870
1499
1150
842
488
81
-294
-521
-653
-785
-932
-1108
-1313
-1529
-1747
-1954
-2140
-2294
-2408
-2514
-2632
-2711
-2691
-2565
-2366
-2161
-2006
-1880
-1742
-1565
-1332
-1109
-915
-714
-540
-396
-232
-15
258
523
723
872
971
1079
1258
1424
1504
1490
1462
1494
1538
1598
1650
1691
1732
1714
1703
1710
1688
1662
1537
1285
961
571
193
-167
-549
-868
-1138
-1339
-1391
-1355
-1238
-1042
-790
-490
-247
-113
-33
-20
-71
-154
-299
-455
-602
-752
-828
-833
-761
-546
-245
60
284
422
536
619
623
482
210
-154
-556
-919
-1243
-1502
-1661
-1706
-1609
-1427
-1158
-769
-347
44
383
595
719
778
755
663
483
263
76
-36
-78
-43
72
254
458
673
890
1040
1120
1105
1016
867
713
681
709
804
946
1091
1389
1731
2056
2411
2602
2705
2729
2564
2302
1882
1433
1071
651
237
-180
-544
-709
-810
-886
-941
-1065
-1212
-1341
-1491
-1676
-1852
-2014
-2174
-2358
-2554
-2643
-2615
-2493
-2323
-2200
-2087
-1949
-1779
-1572
-1402
-1276
-1136
-1007
-877
-751
-590
-340
-94
145
379
578
782
995
1150
1214
1175
1109
1083
1064
1030
1003
1023
1094
1170
1232
1334
1439
1500
1504
1404
1193
924
626
299
-68
-455
-768
-960
-1072
-1142
-1151
-1053
-894
-699
-472
-286
-160
-117
-185
-305
-419
-504
-554
-629
-717
-760
-717
-540
-235
92
390
635
787
891
926
857
697
418
46
-357
-776
-1127
-1364
-1473
-1449
-1361
-1196
-890
-458
44
499
825
1057
1178
1186
1128
1021
856
648
441
289
209
232
360
544
759
939
1074
1178
1233
1221
1133
953
809
771
776
814
875
1033
1347
1725
2069
2309
2422
2508
2523
2386
2099
1671
1233
850
451
46
-350
-665
-810
-864
-904
-1013
-1189
-1335
-1441
-1581
-1802
-2083
-2343
-2560
-2764
-2960
-3091
-3094
-3008
-2902
-2816
-2746
-2635
-2439
-2218
-2059
-1959
-1845
-1689
-1478
-1250
-1002
-698
-367
-31
277
513
713
935
1129
1239
1237
1175
1135
1099
1050
1025
1062
1198
1316
1377
1444
1491
1547
1573
1491
1338
1067
701
367
45
-254
-503
-676
-776
-855
-881
-790
-600
-364
-185
-93
-19
0
-55
-107
-131
-186
-241
-267
-266
-218
-111
90
350
573
744
879
966
1000
961
833
643
416
138
-144
-428
-661
-787
-834
-782
-693
-585
-346
-16
325
609
785
937
1034
1027
946
764
540
351
203
108
41
12
75
256
482
676
835
952
1021
1000
868
724
676
722
780
789
847
1040
1350
1703
1978
2148
2215
2162
2055
1874
1537
1120
740
401
52
-330
-661
-831
-907
-966
-1044
-1188
-1342
-1452
-1565
-1721
-1987
-2298
-2501
-2688
-2892
-3056
-3151
-3136
-3080
-3025
-2949
-2859
-2729
-2546
-2387
-2297
-2203
-2042
-1797
-1539
-1330
-1078
-742
-359
50
387
609
781
962
1128
1225
1230
1195
1166
1139
1087
1063
1141
1323
1494
1587
1654
1699
1734
1778
1739
1570
1276
917
598
285
-17
-272
-463
-595
-686
-707
-632
-478
-291
-130
-56
-49
-23
10
15
1
-54
-89
-60
5
143
329
539
762
918
1035
1137
1193
1207
1113
893
622
346
109
-78
-272
-435
-512
-494
-403
-283
-120
100
327
516
654
733
789
841
831
718
536
354
247
201
143
108
102
160
265
364
480
555
581
547
412
258
207
296
447
521
532
615
861
1231
1590
1868
1981
1970
1927
1854
1689
1400
1078
800
476
83
-309
-614
-755
-856
-1005
-1218
-1480
-1678
-1815
-1987
-2224
-2533
-2799
-3011
-3211
-3397
-3522
-3521
-3494
-3429
-3307
-3155
-2961
-2756
-2556
-2364
-2231
-2064
-1819
-1527
-1298
-1114
-852
-531
-154
188
458
684
854
1036
1205
1280
1324
1328
1325
1317
1293
1375
1519
1647
1768
1871
1950
2019
2056
2063
2019
1861
1590
1298
997
699
459
249
47
-170
-359
-411
-358
-236
-108
-34
25
60
120
236
334
396
416
392
388
418
506
660
808
882
898
911
952
997
982
881
705
477
265
69
-142
-330
-444
-464
-422
-396
-332
-176
-5
142
235
279
321
328
294
215
44
-125
-211
-243
-268
-327
-376
-332
-247
-153
-59
-18
-4
-36
-151
-272
-387
-376
-173
19
153
273
501
926
1361
1729
1973
2018
2002
1923
1760
1541
1206
892
618
299
-28
-341
-548
-671
-791
-923
-1121
-1358
-1564
-1765
-1983
-2278
-2589
-2840
-3049
-3189
-3288
-3306
-3253
-3157
-3012
-2845
-2654
-2454
-2260
-2092
-1979
-1866
-1708
-1514
-1281
-1053
-810
-515
-185
181
537
846
1118
1331
1505
1638
1708
1780
1818
1806
1810
1814
1871
1969
2042
2113
2185
2262
2295
2294
2254
2156
2011
1763
1455
1110
778
511
269
23
-221
-408
-468
-420
-342
-253
-186
-103
-15
50
124
194
269
341
371
376
391
464
605
711
749
725
694
690
658
558
341
47
-248
-497
-730
-962
-1123
-1178
-1134
-1072
-1013
-887
-703
-494
-310
-212
-192
-201
-187
-183
-208
-239
-279
-276
-230
-224
-172
-68
1
82
101
40
-1
-83
-192
-316
-489
-499
-322
-103
160
375
640
1065
1446
1775
2034
2123
2185
2164
1982
1756
1462
1231
1096
864
620
412
223
132
5
-216
-418
-677
-964
-1281
-1715
-2129
-2447
-2703
-2926
-3205
-3436
-3449
-3340
-3150
-2974
-2839
-2617
-2396
-2219
-2080
-1994
-1863
-1668
-1507
-1401
-1309
-1101
-737
-347
1
327
610
916
1226
1439
1593
1672
1712
1770
1734
1662
1663
1736
1862
1919
1936
2009
2120
2251
2344
2320
2181
1994
1784
1531
1216
875
589
351
88
-201
-391
-422
-380
-297
-221
-203
-171
-102
-19
51
85
116
165
188
188
215
286
413
537
560
521
428
355
356
277
93
-156
-424
-623
-811
-977
-1029
-1035
-1011
-965
-957
-914
-804
-714
-630
-591
-611
-581
-506
-392
-272
-186
-88
-15
48
130
185
236
277
254
158
29
-55
-113
-218
-387
-545
-578
-420
-157
86
365
652
945
1305
1583
1813
1968
1993
1990
1868
1691
1512
1339
1292
1208
1029
848
666
558
486
349
155
-113
-424
-763
-1147
-1560
-1989
-2367
-2683
-2961
-3179
-3270
-3208
-3064
-2868
-2682
-2530
-2341
-2164
-2008
-1882
-1808
-1733
-1647
-1496
-1335
-1174
-879
-500
-75
308
590
890
1199
1491
1732
1840
1875
1856
1829
1846
1842
1863
1946
2007
2019
2019
2039
2080
2146
2171
2090
1934
1716
1473
1235
953
664
409
159
-95
-379
-582
-628
-611
-548
-513
-514
-483
-438
-346
-225
-141
-103
-60
-23
-23
-26
20
104
117
35
-55
-148
-197
-201
-268
-379
-530
-688
-784
-903
-1027
-1072
-1053
-997
-991
-1002
-951
-883
-788
-696
-594
-487
-375
-207
-59
93
233
346
513
594
560
504
391
293
214
92
-24
-169
-281
-352
-464
-504
-385
-138
163
409
611
838
1124
1401
1612
1775
1850
1872
1868
1816
1742
1640
1581
1575
1478
1308
1124
962
847
681
438
152
-186
-512
-817
-1143
-1492
-1832
-2103
-2354
-2596
-2766
-2808
-2772
-2712
-2651
-2606
-2548
-2477
-2359
-2227
-2134
-2044
-1930
-1791
-1620
-1441
-1172
-828
-494
-132
188
472
738
991
1252
1452
1564
1645
1680
1699
1697
1695
1777
1864
1908
1929
1921
1926
1917
1915
1888
1755
1573
1360
1127
900
659
463
296
81
-176
-416
-562
-633
-636
-594
-580
-586
-594
-572
-490
-382
-279
-206
-190
-215
-250
-256
-214
-189
-230
-302
-372
-414
-389
-358
-349
-380
-439
-479
-533
-608
-709
-771
-756
-767
-817
-842
-823
-739
-607
-465
-288
-114
70
260
384
485
554
588
614
583
497
407
285
187
167
154
115
54
0
-44
-85
-40
160
425
629
758
885
1090
1338
1517
1684
1810
1833
1850
1849
1798
1720
1632
1611
1591
1450
1264
1071
922
778
540
272
-27
-364
-666
-938
-1240
-1526
-1739
-1933
-2141
-2374
-2550
-2604
-2643
-2701
-2799
-2877
-2878
-2869
-2821
-2745
-2696
-2598
-2396
-2159
-1917
-1653
-1305
-928
-588
-250
53
338
611
863
1078
1234
1342
1458
1591
1630
1611
1661
1780
1890
1914
1900
1895
1884
1882
1870
1796
1665
1478
1296
1093
824
590
393
216
3
-260
-464
-552
-570
-545
-497
-484
-467
-423
-357
-273
-185
-78
-15
-11
-33
-71
-48
11
13
-29
-78
-89
-26
41
83
65
-7
-49
-86
-159
-257
-370
-466
-519
-573
-640
-661
-638
-552
-385
-244
-94
78
263
483
584
620
655
603
570
471
279
114
-91
-219
-273
-365
-362
-360
-357
-291
-318
-218
38
258
443
517
611
806
994
1181
1349
1454
1529
1556
1523
1461
1383
1313
1310
1234
1019
824
633
501
394
212
37
-198
-441
-632
-888
-1130
-1384
-1645
-1830
-2086
-2340
-2447
-2493
-2524
-2574
-2635
-2664
-2663
-2608
-2540
-2475
-2418
-2320
-2150
-1954
-1742
-1481
-1114
-697
-325
11
320
640
963
1199
1394
1505
1583
1718
1808
1840
1867
1938
2076
2183
2237
2261
2249
2244
2230
2175
2046
1855
1650
1409
1111
818
555
355
162
-102
-361
-528
-574
-556
-538
-556
-560
-503
-421
-336
-249
-164
-72
-34
-80
-157
-216
-221
-210
-251
-333
-408
-426
-365
-307
-326
-406
-474
-510
-548
-618
-680
-723
-776
-821
-867
-903
-863
-750
-599
-444
-307
-124
105
324
488
555
568
585
573
489
353
174
7
-116
-206
-244
-278
-299
-245
-198
-170
-127
-52
119
330
496
635
767
922
1102
1271
1425
1534
1597
1657
1696
1662
1560
1457
1364
1272
1144
977
831
673
500
343
162
-23
-206
-426
-671
-953
-1267
-1529
-1719
-1921
-2127
-2303
-2439
-2531
-2596
-2615
-2592
-2578
-2528
-2444
-2395
-2358
-2257
-2076
-1868
-1658
-1412
-1098
-769
-445
-89
278
592
866
1139
1351
1489
1586
1652
1734
1805
1880
1985
2067
2124
2184
2218
2220
2223
2207
2125
1953
1680
1342
1006
674
367
69
-242
-546
-827
-1027
-1094
-1078
-1006
-901
-795
-705
-632
-519
-362
-248
-199
-195
-223
-241
-213
-172
-125
-92
-86
-82
-93
-90
-63
-69
-144
-294
-467
-579
-662
-730
-778
-837
-850
-814
-745
-637
-514
-368
-200
-32
101
233
427
589
682
708
696
693
627
517
379
183
4
-163
-303
-364
-424
-459
-450
-445
-396
-328
-207
18
268
505
714
911
1147
1395
1581
1721
1845
1901
1906
1883
1809
1677
1516
1402
1287
1109
925
757
571
379
190
-5
-199
-406
-611
-836
-1104
-1358
-1556
-1717
-1893
-2093
-2246
-2362
-2470
-2531
-2542
-2538
-2514
-2474
-2400
-2295
-2182
-2015
-1812
-1608
-1389
-1149
-863
-527
-221
56
350
589
799
1013
1243
1476
1638
1762
1853
1919
1999
2078
2151
2208
2186
2122
2084
2004
1922
1860
1695
1440
1151
846
567
323
80
-185
-450
-688
-875
-951
-933
-899
-869
-821
-772
-719
-647
-567
-488
-429
-415
-419
-396
-334
-255
-207
-206
-220
-227
-238
-263
-311
-384
-514
-682
-807
-896
-972
-1024
-1051
-1048
-1027
-948
-806
-637
-472
-342
-178
-1
186
392
548
660
720
730
766
784
751
686
574
416
232
106
24
-22
-75
-143
-175
-202
-218
-123
135
420
641
818
1004
1204
1471
1711
1892
2041
2097
2142
2164
2137
2050
1916
1804
1687
1508
1312
1103
889
694
459
200
-53
-301
-528
-747
-996
-1254
-1474
-1630
-1750
-1902
-2081
-2224
-2336
-2405
-2412
-2416
-2414
-2401
-2380
-2335
-2284
-2197
-2040
-1831
-1629
-1459
-1263
-1005
-712
-425
-159
43
220
423
642
888
1107
1259
1391
1515
1589
1634
1705
1753
1743
1665
1550
1477
1420
1357
1256
1089
880
607
367
193
-13
-217
-459
-739
-951
-1075
-1094
-1038
-973
-902
-860
-789
-661
-536
-380
-246
-165
-121
-137
-123
-50
37
100
111
109
94
90
103
65
-29
-198
-367
-523
-685
-762
-829
-857
-811
-748
-624
-468
-290
-37
178
341
494
637
837
997
1067
1121
1118
1089
1093
1049
973
847
665
521
389
241
104
0
-90
-160
-229
-211
-10
211
453
687
809
1005
1253
1491
1738
1851
1903
1954
1938
1910
1827
1718
1692
1588
1403
1201
941
747
583
370
117
-219
-526
-763
-1000
-1234
-1485
-1707
-1882
-2048
-2222
-2354
-2483
-2603
-2674
-2786
-2873
-2871
-2830
-2751
-2695
-2647
-2519
-2358
-2177
-1967
-1745
-1476
-1191
-915
-602
-316
-49
251
488
691
853
989
1187
1332
1387
1403
1430
1522
1601
1635
1646
1624
1597
1582
1552
1468
1354
1214
1044
813
552
352
223
91
-101
-314
-472
-551
-583
-548
-505
-507
-461
-379
-315
-237
-172
-63
42
77
114
149
206
274
320
325
276
216
204
177
66
-77
-223
-359
-489
-635
-732
-805
-853
-827
-778
-681
-520
-344
-153
23
173
382
603
779
878
888
889
899
889
867
784
637
512
395
291
200
97
37
-11
-140
-220
-143
11
190
335
449
610
763
918
1142
1329
1448
1518
1543
1549
1464
1376
1380
1344
1216
1004
800
676
570
435
270
56
-192
-423
-614
-808
-1020
-1183
-1329
-1529
-1769
-1932
-1968
-1983
-2070
-2209
-2325
-2412
-2448
-2421
-2385
-2382
-2374
-2335
-2247
-2156
-2038
-1785
-1463
-1174
-924
-678
-390
-67
243
538
755
900
1054
1232
1381
1460
1524
1614
1654
1615
1566
1550
1553
1521
1442
1336
1215
1098
995
890
765
594
436
308
147
-39
-211
-340
-415
-480
-556
-612
-612
-552
-466
-389
-322
-239
-138
-36
38
63
94
133
147
133
93
61
53
48
46
-13
-120
-211
-312
-403
-496
-585
-625
-641
-626
-577
-523
-434
-305
-151
22
173
347
551
737
866
943
1009
1038
1040
1044
977
879
801
723
637
494
385
331
230
127
119
221
331
376
451
597
720
777
870
1027
1123
1171
1219
1238
1189
1100
1068
1064
985
859
726
616
534
423
321
179
-59
-272
-416
-585
-804
-1000
-1121
-1268
-1497
-1726
-1875
-1959
-2063
-2166
-2257
-2374
-2495
-2580
-2602
-2593
-2611
-2635
-2627
-2604
-2552
-2430
-2238
-1952
-1621
-1322
-1008
-665
-321
39
379
645
841
978
1115
1239
1342
1467
1580
1649
1645
1597
1583
1566
1521
1475
1403
1296
1170
1054
968
874
734
582
473
345
178
58
-20
-107
-208
-301
-338
-338
-326
-260
-135
-36
46
184
308
370
391
409
416
389
359
332
317
277
247
256
262
252
201
107
18
-45
-116
-197
-280
-324
-308
-281
-247
-169
-47
116
289
447
606
744
845
913
930
929
922
875
819
737
637
571
498
416
331
200
53
-21
18
44
12
-7
32
117
183
214
249
326
410
468
491
451
375
395
479
466
372
257
203
226
224
192
122
46
-35
-159
-293
-459
-629
-760
-910
-1139
-1380
-1543
-1626
-1673
-1782
-1913
-1998
-2062
-2132
-2194
-2256
-2291
-2294
-2274
-2267
-2295
-2249
-2110
-1919
-1689
-1480
-1232
-894
-560
-241
54
333
597
855
1078
1206
1312
1451
1607
1730
1759
1731
1711
1708
1687
1637
1553
1456
1386
1300
1192
1082
974
899
809
629
424
250
134
47
-94
-248
-358
-398
-359
-307
-236
-134
-23
115
240
339
430
512
543
503
432
350
292
263
203
89
-6
-20
-54
-135
-223
-317
-381
-415
-469
-507
-550
-589
-513
-411
-315
-223
-111
79
242
390
553
675
791
876
914
984
997
966
960
878
737
634
517
372
188
-35
-80
-36
-79
-96
-144
-130
-17
-5
43
73
58
147
181
177
148
84
210
352
348
318
246
229
269
262
264
215
117
67
-25
-181
-313
-410
-449
-544
-797
-1006
-1136
-1246
-1294
-1407
-1538
-1607
-1729
-1809
-1855
-1933
-1927
-1908
-1906
-1922
-2012
-1991
-1863
-1741
-1555
-1403
-1237
-970
-704
-413
-133
133
463
708
849
979
1096
1260
1435
1515
1545
1539
1510
1514
1486
1419
1363
1310
1269
1196
1080
999
942
873
779
607
428
284
172
65
-92
-242
-333
-377
-393
-412
-380
-255
-90
76
234
349
420
492
542
541
491
417
372
324
239
165
126
135
143
88
19
-52
-112
-128
-162
-207
-243
-265
-229
-160
-62
66
172
267
382
502
621
752
867
966
1026
1015
1008
1014
992
921
800
655
484
264
29
-203
-334
-377
-450
-499
-532
-563
-530
-518
-505
-454
-447
-415
-359
-372
-426
-470
-418
-294
-221
-164
-111
-88
-31
26
47
66
51
16
-15
-109
-213
-276
-340
-408
-545
-712
-804
-907
-1017
-1099
-1211
-1326
-1475
-1601
-1674
-1746
-1788
-1799
-1783
-1789
-1827
-1811
-1716
-1596
-1457
-1332
-1237
-1094
-886
-592
-279
-28
252
567
868
1126
1347
1582
1787
1894
1932
1935
1912
1883
1882
1865
1786
1662
1560
1508
1460
1406
1315
1174
1032
855
655
475
275
82
-90
-271
-416
-509
-523
-450
-344
-234
-124
27
238
417
528
598
625
620
571
506
435
368
293
246
214
163
104
49
2
-85
-215
-337
-417
-493
-562
-632
-694
-696
-658
-561
-449
-355
-218
-50
111
278
422
556
667
730
812
850
830
826
782
688
568
389
197
-35
-256
-368
-457
-578
-664
-729
-727
-686
-651
-583
-553
-527
-468
-456
-492
-526
-555
-500
-419
-373
-280
-201
-102
36
139
221
252
252
285
248
131
42
-69
-160
-273
-446
-549
-624
-693
-733
-838
-978
-1066
-1160
-1246
-1348
-1472
-1506
-1521
-1535
-1509
-1466
-1368
-1236
-1108
-977
-883
-764
-554
-340
-101
116
337
598
840
1059
1289
1507
1705
1883
1933
1965
1997
1965
1943
1855
1705
1547
1409
1335
1276
1177
1047
912
743
538
299
67
-145
-379
-585
-744
-855
-897
-895
-817
-657
-523
-355
-120
111
302
416
494
595
648
616
560
499
475
458
417
372
308
249
206
104
-55
-227
-385
-457
-551
-688
-776
-838
-816
-739
-674
-564
-429
-307
-160
-30
74
217
369
534
669
725
822
914
966
991
912
793
649
440
179
-136
-404
-543
-619
-676
-727
-772
-704
-524
-381
-283
-225
-171
-119
-136
-198
-282
-332
-294
-263
-280
-281
-266
-132
51
132
175
204
233
257
210
86
-36
-129
-233
-377
-572
-722
-777
-795
-868
-1026
-1169
-1250
-1287
-1310
-1387
-1448
-1414
-1379
-1345
-1300
-1263
-1158
-1026
-910
-799
-712
-580
-346
-89
115
299
523
811
1060
1264
1458
1646
1840
1960
1998
2016
2003
1983
1961
1844
1683
1558
1457
1357
1175
954
782
599
387
145
-110
-311
-481
-619
-685
-752
-781
-752
-682
-544
-409
-228
10
216
392
528
622
729
778
772
753
665
558
474
365
237
126
13
-84
-225
-411
-529
-631
-695
-736
-831
-893
-934
-956
-905
-851
-780
-668
-559
-444
-325
-177
31
219
394
545
611
734
847
883
909
811
677
519
269
31
-272
-575
-681
-752
-834
-887
-955
-845
-638
-513
-329
-184
-140
-43
-23
-60
-111
-232
-219
-194
-280
-321
-327
-254
-118
-37
75
165
179
214
202
124
59
-11
-41
-121
-316
-403
-413
-400
-371
-433
-490
-515
-572
-582
-627
-729
-760
-766
-787
-821
-848
-761
-618
-504
-388
-283
-154
12
174
380
570
718
888
1044
1185
1328
1473
1644
1765
1823
1865
1887
1894
1845
1708
1549
1390
1204
1001
743
486
260
53
-134
-347
-557
-737
-883
-971
-1031
-1065
-1044
-996
-929
-855
-761
-595
-390
-196
-44
80
210
293
334
361
344
304
235
165
103
-14
-129
-200
-263
-346
-473
-583
-666
-753
-804
-846
-886
-913
-956
-959
-924
-882
-761
-608
-467
-281
-78
168
404
572
750
892
984
1073
1120
1118
1052
926
792
632
395
136
-100
-259
-317
-350
-348
-343
-301
-138
30
161
266
306
365
409
350
267
145
47
23
-35
-93
-129
-155
-87
-33
1
78
107
138
129
27
-69
-145
-174
-200
-338
-477
-533
-550
-507
-494
-544
-550
-572
-596
-597
-625
-611
-582
-599
-634
-699
-733
-672
-628
-581
-504
-439
-301
-136
8
188
319
449
611
700
846
980
1101
1295
1340
1348
1397
1413
1458
1450
1355
1232
1061
864
645
391
141
-93
-319
-549
-763
-932
-1003
-1008
-999
-971
-960
-902
-779
-659
-513
-365
-240
-98
24
136
259
345
435
505
523
503
413
339
285
184
46
-98
-209
-328
-463
-599
-708
-762
-803
-833
-855
-881
-891
-856
-801
-745
-641
-457
-243
-58
135
347
585
813
959
1074
1128
1155
1188
1170
1108
980
814
625
407
206
0
-162
-180
-187
-251
-306
-308
-186
-5
94
133
184
271
344
348
302
204
147
177
147
62
-14
-64
-57
-44
-83
-157
-172
-146
-152
-190
-269
-328
-326
-310
-339
-416
-466
-449
-421
-430
-498
-534
-516
-518
-530
-561
-595
-570
-548
-567
-603
-639
-598
-521
-461
-414
-390
-316
-191
-64
94
248
384
532
662
759
889
1080
1276
1395
1415
1414
1465
1509
1496
1425
1294
1122
909
683
446
197
-12
-204
-459
-756
-995
-1102
-1102
-1097
-1119
-1136
-1120
-1046
-929
-808
-679
-530
-364
-233
-184
-134
-20
131
260
305
277
237
228
238
216
146
49
-24
-83
-212
-378
-509
-598
-654
-703
-764
-840
-877
-838
-773
-694
-566
-383
-152
66
215
368
583
812
1013
1140
1170
1176
1204
1225
1218
1149
1036
899
738
550
339
182
160
194
177
86
-4
29
163
255
288
320
344
358
355
313
249
204
222
241
169
60
-8
-5
17
-42
-133
-187
-228
-235
-246
-311
-371
-378
-369
-420
-535
-606
-572
-515
-526
-603
-673
-703
-715
-710
-700
-712
-712
-691
-690
-733
-777
-733
-627
-566
-567
-578
-544
-451
-336
-216
-107
-6
129
282
419
556
712
898
1054
1109
1123
1152
1165
1152
1095
975
824
654
452
231
1
-206
-380
-552
-746
-959
-1102
-1144
-1162
-1169
-1171
-1151
-1072
-970
-851
-717
-595
-455
-293
-154
-45
49
162
293
377
411
444
472
494
495
464
390
308
260
202
85
-83
-229
-291
-321
-375
-433
-455
-424
-363
-273
-135
33
237
453
632
797
967
1154
1341
1459
1511
1538
1534
1531
1527
1476
1376
1232
1063
887
675
463
333
272
202
104
23
-11
12
49
71
104
141
167
171
123
29
-60
-100
-108
-152
-216
-250
-251
-247
-292
-362
-419
-476
-506
-524
-583
-663
-723
-753
-782
-854
-916
-903
-856
-830
-863
-924
-961
-978
-978
-1000
-1042
-1055
-1034
-996
-969
-961
-920
-816
-696
-618
-578
-517
-427
-340
-241
-140
-33
107
265
401
511
635
814
1008
1128
1167
1199
1244
1256
1201
1095
954
789
628
457
230
2
-172
-317
-465
-654
-829
-895
-909
-925
-939
-935
-887
-795
-670
-550
-437
-304
-136
18
122
213
339
493
617
670
707
756
782
796
787
735
677
603
497
356
166
-11
-108
-168
-254
-344
-408
-431
-416
-363
-262
-145
16
221
402
540
672
831
1011
1124
1168
1212
1242
1240
1234
1189
1092
981
850
719
557
337
132
-23
-114
-190
-308
-373
-373
-331
-256
-248
-238
-185
-158
-141
-191
-282
-338
-358
-337
-324
-336
-333
-304
-261
-251
-279
-307
-314
-319
-360
-444
-538
-586
-590
-614
-655
-700
-699
-649
-655
-692
-729
-768
-748
-766
-821
-854
-893
-867
-833
-830
-797
-730
-586
-442
-345
-244
-150
-44
67
187
308
406
542
691
802
911
1052
1203
1303
1322
1302
1293
1280
1205
1079
920
731
547
354
142
-59
-234
-377
-538
-720
-873
-998
-1073
-1093
-1103
-1097
-1074
-1020
-928
-837
-730
-577
-404
-245
-122
-12
121
268
399
492
571
653
713
761
778
742
678
592
497
364
182
26
-82
-179
-254
-307
-357
-410
-442
-418
-346
-240
-110
37
185
316
438
582
738
892
1023
1110
1185
1236
1279
1315
1323
1284
1159
1017
905
761
586
393
182
40
-29
-97
-167
-221
-200
-82
-1
-11
-29
-35
-6
23
-37
-158
-280
-317
-273
-264
-286
-322
-347
-306
-292
-308
-326
-364
-398
-470
-611
-743
-774
-733
-708
-758
-856
-903
-901
-895
-921
-976
-1022
-1072
-1133
-1210
-1292
-1291
-1204
-1122
-1052
-999
-885
-674
-458
-281
-171
-104
-23
90
206
297
390
513
629
726
831
946
1091
1239
1310
1287
1201
1101
1024
906
718
513
281
79
-82
-250
-368
-456
-538
-624
-742
-826
-816
-764
-721
-716
-724
-685
-596
-468
-287
-112
24
151
286
457
619
772
929
1057
1103
1089
1072
1088
1078
999
893
739
568
439
308
187
78
-34
-119
-227
-334
-370
-344
-272
-205
-173
-106
-1
130
257
394
540
648
743
797
836
899
938
985
993
902
793
690
582
459
303
138
-27
-208
-339
-363
-349
-318
-281
-235
-137
-71
-62
-42
-66
-84
-129
-257
-378
-513
-596
-559
-536
-559
-601
-624
-553
-491
-449
-388
-398
-433
-477
-539
-557
-576
-572
-552
-606
-698
-771
-811
-815
-840
-931
-1016
-1085
-1161
-1157
-1098
-999
-890
-811
-682
-542
-386
-170
20
162
253
286
353
463
576
683
756
813
892
950
1040
1167
1256
1317
1270
1158
1058
958
862
702
480
259
35
-163
-306
-410
-500
-602
-689
-745
-777
-759
-714
-651
-571
-535
-501
-401
-268
-130
5
115
215
307
411
555
672
732
783
803
777
722
642
560
440
273
120
-12
-129
-235
-340
-403
-451
-518
-534
-544
-562
-545
-521
-457
-379
-302
-169
-41
96
278
465
662
843
984
1088
1144
1187
1197
1163
1108
1006
881
744
581
432
300
167
37
-108
-249
-317
-263
-168
-96
-71
-33
112
238
279
311
332
355
350
276
195
102
35
31
-9
-84
-163
-224
-181
-135
-176
-250
-326
-360
-401
-489
-586
-687
-783
-888
-1035
-1197
-1301
-1343
-1369
-1407
-1465
-1484
-1429
-1329
-1190
-1081
-987
-855
-718
-563
-433
-344
-196
-54
29
84
142
271
392
462
525
569
610
688
756
791
802
765
750
734
647
542
435
316
190
35
-127
-248
-373
-474
-558
-659
-716
-725
-708
-681
-661
-583
-446
-331
-223
-127
-1
161
299
440
570
679
792
897
988
1046
1059
1082
1084
1022
916
779
641
509
361
213
87
0
-57
-115
-177
-223
-222
-205
-209
-199
-179
-116
-21
59
167
290
436
625
788
923
1044
1129
1210
1213
1145
1078
967
829
676
509
358
189
30
-89
-203
-317
-432
-504
-512
-498
-420
-311
-222
-136
-41
95
215
262
281
272
224
151
31
-96
-236
-392
-461
-488
-537
-580
-614
-575
-490
-470
-464
-479
-526
-560
-657
-794
-950
-1125
-1259
-1384
-1522
-1624
-1676
-1682
-1657
-1636
-1570
-1449
-1303
-1144
-1010
-871
-712
-543
-396
-280
-181
-50
122
281
426
567
720
882
1021
1117
1167
1202
1231
1247
1231
1191
1129
1072
1005
904
782
638
505
377
214
38
-116
-246
-344
-435
-509
-522
-505
-443
-357
-271
-179
-85
19
127
206
260
337
441
550
644
728
826
916
953
971
965
895
796
666
513
337
133
-41
-181
-310
-424
-498
-510
-528
-560
-549
-512
-472
-421
-367
-285
-201
-124
2
140
279
437
592
750
872
946
998
980
911
837
731
614
460
312
192
51
-67
-174
-279
-370
-447
-477
-497
-528
-528
-448
-300
-168
-58
45
186
344
425
450
443
369
282
166
30
-106
-266
-329
-321
-342
-372
-383
-341
-289
-300
-364
-464
-564
-666
-795
-972
-1177
-1343
-1449
-1502
-1562
-1626
-1611
-1519
-1408
-1298
-1165
-965
-746
-575
-446
-331
-218
-89
72
187
219
248
346
532
693
767
832
888
922
943
932
911
912
937
968
932
840
811
853
871
797
676
577
484
338
183
65
-59
-146
-208
-269
-296
-307
-266
-181
-144
-140
-137
-85
8
64
81
101
186
312
411
485
541
646
746
758
713
613
529
457
317
118
-113
-306
-426
-538
-651
-770
-870
-884
-873
-880
-857
-765
-605
-464
-354
-233
-90
81
262
386
471
541
624
708
714
705
685
676
671
615
508
378
292
234
149
10
-112
-143
-170
-186
-234
-261
-185
-106
82
278
405
573
689
854
984
932
917
855
741
621
378
188
22
-128
-138
-178
-255
-333
-390
-385
-432
-565
-698
-804
-962
-1148
-1341
-1493
-1545
-1600
-1607
-1585
-1610
-1562
-1455
-1301
-1101
-951
-805
-666
-572
-456
-345
-240
-98
-8
46
81
142
298
423
509
590
631
655
679
717
799
836
815
816
805
779
753
764
814
794
717
635
517
409
307
220
128
23
-75
-145
-167
-156
-143
-137
-115
-108
-120
-133
-121
-66
7
55
113
184
262
373
456
514
557
544
504
401
273
165
22
-99
-259
-429
-558
-712
-827
-920
-1018
-1061
-1083
-1084
-1007
-905
-799
-672
-490
-289
-101
105
296
472
624
740
822
859
868
861
836
808
739
668
614
562
513
431
347
284
230
166
84
33
-6
-29
-11
-14
59
226
409
579
696
853
1041
1137
1149
1118
1061
987
844
653
445
207
65
-13
-164
-309
-449
-576
-655
-766
-897
-1059
-1246
-1373
-1513
-1687
-1799
-1891
-1882
-1833
-1861
-1836
-1702
-1504
-1308
-1172
-1025
-839
-695
-587
-512
-468
-423
-367
-292
-196
-133
-25
171
325
434
502
555
637
676
694
706
675
664
693
744
804
854
920
998
1010
988
945
868
811
671
505
374
228
147
94
46
44
20
-4
19
9
-13
-19
-11
33
71
120
163
212
276
345
402
456
482
466
465
448
404
357
267
132
-21
-215
-375
-536
-737
-909
-1061
-1153
-1186
-1189
-1106
-971
-819
-610
-348
-83
123
299
491
665
811
905
980
1047
1048
1015
980
947
889
797
732
668
611
567
510
452
409
330
214
113
4
-61
-84
-121
-92
48
220
421
627
822
1045
1202
1245
1217
1118
982
803
573
317
6
-250
-420
-586
-755
-941
-1073
-1139
-1247
-1386
-1529
-1672
-1804
-1933
-2065
-2197
-2278
-2286
-2246
-2180
-2069
-1887
-1663
-1449
-1260
-1075
-899
-770
-672
-611
-562
-470
-390
-306
-162
-20
137
329
491
605
657
681
704
717
699
662
648
657
691
764
870
982
1105
1200
1255
1277
1241
1167
1088
967
808
668
544
460
389
327
309
310
338
374
397
427
441
446
470
464
428
416
418
416
402
358
336
340
347
359
352
345
308
231
126
-31
-199
-371
-602
-849
-1088
-1310
-1449
-1511
-1478
-1363
-1199
-965
-674
-367
-59
195
419
625
742
788
782
740
707
650
540
463
433
413
418
422
404
395
390
338
266
172
45
-46
-121
-221
-309
-343
-292
-148
83
330
584
839
1053
1236
1321
1292
1242
1124
940
707
381
56
-254
-530
-708
-852
-983
-1119
-1262
-1351
-1429
-1517
-1610
-1713
-1811
-1931
-2047
-2133
-2191
-2161
-2087
-2011
-1907
-1759
-1567
-1344
-1135
-970
-835
-720
-619
-520
-397
-265
-122
55
252
453
643
831
1000
1116
1182
1194
1203
1197
1166
1153
1145
1141
1171
1257
1400
1574
1730
1846
1898
1876
1826
1749
1613
1418
1177
957
766
581
454
388
356
339
324
341
383
418
453
459
415
318
200
116
34
-51
-106
-133
-135
-135
-121
-74
-59
-95
-147
-253
-431
-644
-890
-1168
-1455
-1749
-1988
-2142
-2237
-2243
-2130
-1920
-1656
-1357
-1015
-681
-368
-110
60
186
273
328
351
295
204
179
147
113
99
82
118
163
165
203
237
223
201
129
58
-21
-93
-75
-37
38
166
357
696
1030
1327
1641
1890
2131
2264
2223
2135
1927
1709
1455
1040
689
344
36
-152
-416
-641
-785
-935
-996
-1093
-1235
-1377
-1534
-1621
-1741
-1902
-2026
-2083
-2042
-1988
-1946
-1866
-1696
-1475
-1270
-1057
-868
-709
-559
-424
-269
-131
9
223
422
582
674
735
906
1040
1069
1045
944
877
805
705
672
647
658
745
849
1025
1201
1363
1573
1682
1683
1635
1509
1357
1139
860
600
343
133
-40
-171
-233
-234
-165
-87
-56
-67
-80
-99
-155
-274
-444
-605
-717
-763
-750
-717
-686
-600
-496
-416
-367
-338
-326
-429
-627
-914
-1223
-1464
-1683
-1858
-1987
-2066
-2037
-1906
-1673
-1357
-1031
-697
-350
-62
160
323
465
597
677
685
628
571
556
581
647
706
731
768
792
801
807
838
867
826
757
650
553
531
531
577
653
724
867
1047
1307
1662
1954
2215
2449
2590
2677
2638
2476
2284
2003
1676
1278
821
378
-68
-386
-607
-846
-1017
-1141
-1251
-1305
-1420
-1563
-1691
-1830
-1926
-2086
-2303
-2440
-2549
-2584
-2544
-2488
-2363
-2170
-1939
-1704
-1517
-1314
-1084
-880
-645
-442
-302
-141
-1
137
261
344
449
541
573
550
497
458
450
438
449
481
508
594
729
910
1110
1295
1474
1571
1566
1523
1423
1310
1178
950
685
447
241
128
67
39
71
88
115
159
151
106
47
-28
-141
-325
-491
-597
-652
-655
-627
-568
-489
-412
-362
-359
-413
-508
-680
-895
-1119
-1404
-1648
-1812
-1915
-1902
-1800
-1606
-1323
-1021
-693
-380
-136
98
296
429
490
494
513
512
491
504
543
604
694
794
906
1009
1052
1076
1115
1096
1016
900
769
693
638
587
607
657
726
845
995
1203
1427
1637
1879
2115
2311
2439
2475
2520
2545
2439
2232
1953
1611
1235
809
358
-71
-492
-812
-1036
-1257
-1449
-1613
-1725
-1752
-1802
-1916
-2037
-2161
-2284
-2391
-2498
-2576
-2620
-2620
-2566
-2493
-2386
-2224
-2030
-1811
-1602
-1404
-1183
-962
-736
-527
-376
-242
-132
-62
-14
14
41
78
95
102
114
122
155
207
282
394
507
646
816
989
1156
1274
1357
1442
1479
1442
1345
1195
1036
857
654
504
425
360
293
250
244
266
283
285
270
204
81
-41
-124
-196
-274
-322
-308
-250
-214
-199
-188
-176
-196
-286
-435
-622
-827
-1016
-1184
-1321
-1395
-1411
-1352
-1213
-1021
-785
-532
-261
-12
170
309
415
521
604
622
633
671
723
783
836
932
1053
1174
1264
1283
1255
1165
1049
950
839
704
578
481
433
430
476
579
727
921
1107
1293
1456
1606
1776
1880
2015
2169
2217
2212
2147
2064
1957
1720
1416
1059
628
199
-237
-671
-1109
-1502
-1768
-1970
-2153
-2327
-2492
-2592
-2662
-2727
-2798
-2881
-2954
-3002
-3017
-3028
-3009
-2951
-2822
-2610
-2436
-2262
-2049
-1809
-1538
-1304
-1075
-835
-654
-503
-380
-273
-129
-14
68
151
204
270
349
433
545
625
676
763
863
954
1051
1152
1300
1464
1589
1717
1808
1897
1980
1961
1899
1793
1646
1492
1306
1134
1000
873
776
721
645
570
534
497
446
357
254
171
82
7
-59
-136
-193
-225
-246
-291
-384
-459
-546
-652
-749
-861
-959
-1026
-1064
-1070
-1049
-967
-838
-694
-556
-405
-247
-139
-45
24
82
144
173
219
276
313
389
471
572
679
724
739
722
678
594
464
325
183
56
-52
-135
-176
-152
-32
128
299
474
655
872
1074
1253
1423
1553
1673
1744
1812
1891
1920
1931
1878
1742
1541
1262
953
612
193
-259
-729
-1173
-1592
-1977
-2244
-2432
-2579
-2687
-2747
-2759
-2747
-2719
-2668
-2627
-2608
-2600
-2572
-2510
-2419
-2267
-2088
-1875
-1645
-1418
-1149
-874
-594
-359
-202
-98
-33
11
47
76
105
147
179
252
346
442
570
698
818
910
966
1046
1155
1272
1397
1511
1640
1807
1983
2151
2290
2399
2473
2459
2336
2167
1967
1756
1525
1267
1003
743
522
370
271
179
115
63
0
-80
-191
-280
-332
-400
-492
-629
-775
-869
-942
-984
-1013
-1055
-1062
-1071
-1083
-1058
-1041
-991
-911
-857
-804
-790
-776
-718
-672
-613
-563
-537
-472
-399
-340
-258
-152
2
153
240
295
334
375
417
421
389
338
253
178
108
35
13
38
115
227
303
390
511
672
875
1057
1226
1397
1542
1664
1745
1823
1940
2048
2153
2189
2128
2027
1893
1742
1529
1232
915
542
120
-341
-826
-1242
-1587
-1842
-2036
-2249
-2442
-2571
-2638
-2622
-2570
-2511
-2462
-2463
-2488
-2488
-2427
-2274
-2065
-1868
-1690
-1526
-1326
-1066
-793
-527
-321
-187
-83
-28
12
53
97
187
277
336
358
372
429
523
618
695
738
769
796
839
929
1056
1222
1417
1609
1767
1898
2015
2127
2220
2222
2125
1963
1740
1503
1262
1043
852
661
495
340
192
87
9
-20
-66
-181
-319
-461
-589
-694
-817
-942
-1062
-1172
-1240
-1274
-1277
-1240
-1174
-1099
-1040
-998
-926
-861
-815
-767
-775
-798
-820
-863
-869
-863
-835
-788
-726
-620
-528
-396
-228
-91
55
172
245
319
345
358
375
340
307
297
302
322
358
415
480
547
646
768
902
1069
1196
1306
1412
1478
1575
1664
1715
1758
1766
1762
1737
1741
1787
1777
1741
1652
1489
1300
1010
689
367
-36
-466
-927
-1372
-1743
-2056
-2258
-2380
-2479
-2530
-2563
-2553
-2484
-2425
-2371
-2311
-2260
-2197
-2116
-2010
-1843
-1618
-1349
-1076
-814
-567
-349
-143
25
150
219
208
190
159
132
140
145
197
270
340
420
488
569
634
697
774
794
829
900
995
1135
1287
1477
1694
1869
2031
2178
2256
2279
2205
2055
1869
1616
1343
1054
741
485
265
76
-65
-207
-296
-360
-446
-539
-668
-806
-933
-1059
-1197
-1341
-1439
-1480
-1483
-1434
-1345
-1222
-1074
-938
-809
-701
-626
-593
-600
-650
-737
-848
-959
-1075
-1174
-1211
-1211
-1170
-1106
-1026
-922
-791
-633
-469
-327
-217
-107
21
120
194
310
444
574
691
792
902
1010
1112
1222
1292
1361
1405
1446
1521
1560
1620
1700
1768
1851
1886
1886
1899
1879
1844
1776
1730
1726
1665
1590
1497
1376
1282
1134
928
667
338
13
-343
-731
-1129
-1483
-1734
-1940
-2100
-2205
-2288
-2284
-2225
-2166
-2113
-2103
-2078
-2039
-1996
-1952
-1915
-1790
-1605
-1413
-1209
-1030
-854
-671
-491
-339
-244
-206
-194
-187
-193
-211
-187
-112
-43
51
146
222
317
410
499
586
631
667
715
775
885
990
1134
1327
1503
1682
1809
1862
1901
1886
1798
1648
1431
1166
884
622
358
149
-15
-178
-281
-360
-452
-542
-643
-737
-844
-973
-1085
-1205
-1281
-1306
-1290
-1204
-1083
-942
-768
-563
-383
-241
-107
-44
-29
-44
-127
-227
-339
-481
-598
-681
-751
-785
-770
-726
-667
-576
-479
-380
-257
-127
-10
98
214
331
441
563
699
845
1000
1130
1224
1314
1361
1387
1429
1442
1450
1458
1455
1468
1475
1490
1518
1534
1556
1548
1529
1509
1450
1402
1364
1327
1291
1217
1114
1002
864
695
500
255
-48
-382
-764
-1147
-1490
-1826
-2098
-2296
-2470
-2583
-2665
-2706
-2688
-2654
-2587
-2527
-2485
-2409
-2341
-2264
-2119
-1963
-1788
-1577
-1379
-1180
-986
-813
-643
-499
-394
-311
-249
-201
-170
-118
-43
22
104
198
298
398
486
574
665
753
838
920
1003
1101
1223
1360
1520
1690
1840
1980
2098
2165
2205
2199
2144
2059
1915
1723
1502
1250
997
754
528
313
102
-84
-273
-454
-612
-780
-924
-1028
-1120
-1186
-1209
-1205
-1159
-1068
-944
-783
-612
-444
-284
-156
-66
-20
2
-12
-73
-163
-274
-406
-551
-688
-807
-902
-972
-1012
-1034
-1035
-1017
-981
-919
-834
-720
-587
-434
-269
-85
117
318
532
724
884
1024
1105
1191
1258
1288
1339
1359
1378
1412
1414
1446
1485
1492
1505
1500
1480
1444
1381
1335
1287
1221
1180
1134
1064
987
858
704
529
275
3
-296
-621
-925
-1245
-1517
-1729
-1929
-2052
-2145
-2210
-2205
-2207
-2185
-2135
-2090
-2019
-1962
-1898
-1783
-1680
-1585
-1424
-1262
-1120
-954
-791
-640
-514
-399
-275
-170
-95
-24
45
133
201
280
389
469
551
646
719
797
868
922
1016
1086
1143
1224
1295
1390
1495
1582
1677
1771
1828
1867
1864
1833
1773
1655
1503
1326
1116
872
612
352
93
-170
-422
-628
-834
-1038
-1203
-1337
-1433
-1506
-1540
-1500
-1442
-1354
-1220
-1071
-903
-729
-556
-385
-243
-123
-47
-12
15
4
-43
-108
-176
-264
-379
-496
-601
-694
-790
-867
-911
-941
-951
-934
-861
-751
-635
-447
-246
-56
166
367
563
773
933
1081
1200
1285
1358
1397
1422
1452
1483
1495
1512
1518
1519
1528
1522
1509
1481
1436
1376
1332
1259
1174
1138
1088
1031
986
911
813
698
541
368
127
-160
-446
-746
-1019
-1303
-1569
-1761
-1913
-2017
-2092
-2115
-2088
-2068
-2037
-1992
-1964
-1929
-1891
-1860
-1809
-1748
-1682
-1590
-1468
-1358
-1244
-1099
-962
-847
-731
-628
-525
-442
-374
-294
-198
-121
-35
88
203
306
411
533
652
757
834
923
1023
1097
1178
1277
1371
1474
1589
1682
1780
1864
1914
1927
1905
1845
1735
1586
1413
1208
977
730
485
260
29
-197
-402
-583
-750
-889
-996
-1063
-1097
-1098
-1045
-962
-851
-691
-502
-298
-122
48
198
300
375
382
374
314
194
91
-51
-200
-335
-483
-586
-714
-837
-928
-1038
-1121
-1187
-1230
-1226
-1202
-1132
-1011
-834
-612
-367
-87
183
430
668
882
1065
1186
1232
1261
1285
1281
1278
1272
1270
1276
1287
1284
1273
1270
1247
1192
1117
1026
930
842
752
686
633
580
565
543
503
442
343
231
51
-193
-451
-724
-980
-1229
-1480
-1659
-1780
-1857
-1861
-1823
-1746
-1654
-1577
-1494
-1429
-1406
-1405
-1418
-1413
-1409
-1419
-1385
-1314
-1202
-1065
-926
-761
-586
-425
-278
-148
-41
42
99
157
233
309
397
512
634
751
859
973
1089
1187
1269
1319
1341
1359
1366
1383
1431
1486
1540
1604
1663
1719
1762
1755
1730
1670
1539
1343
1082
810
535
226
-73
-361
-617
-836
-1044
-1187
-1270
-1319
-1329
-1318
-1277
-1196
-1115
-1008
-866
-735
-603
-488
-393
-305
-252
-235
-243
-273
-322
-422
-549
-660
-754
-838
-935
-1033
-1111
-1176
-1223
-1251
-1263
-1264
-1246
-1185
-1094
-991
-848
-647
-395
-127
141
413
687
939
1154
1342
1494
1608
1679
1721
1734
1720
1696
1690
1695
1665
1621
1587
1568
1553
1502
1428
1359
1285
1209
1116
1012
948
897
838
798
767
705
624
520
393
229
-12
-253
-487
-732
-980
-1223
-1397
-1505
-1576
-1601
-1587
-1532
-1453
-1382
-1314
-1280
-1271
-1284
-1318
-1363
-1435
-1502
-1534
-1538
-1512
-1459
-1385
-1274
-1141
-1004
-867
-750
-632
-530
-451
-401
-362
-313
-261
-183
-103
-20
92
228
392
547
679
818
941
1034
1094
1141
1189
1235
1285
1332
1388
1432
1488
1553
1599
1611
1567
1482
1350
1136
855
545
218
-111
-438
-721
-942
-1108
-1186
-1190
-1119
-1011
-875
-691
-514
-367
-231
-107
4
79
127
170
195
217
221
215
188
135
70
-15
-130
-274
-417
-554
-703
-841
-960
-1049
-1107
-1130
-1109
-1061
-980
-855
-697
-524
-334
-116
121
346
567
781
971
1138
1290
1412
1483
1519
1530
1521
1488
1441
1381
1305
1218
1134
1057
974
903
837
763
700
637
568
510
446
398
352
310
292
259
228
195
128
44
-83
-248
-432
-647
-850
-1059
-1257
-1413
-1543
-1616
-1639
-1620
-1564
-1506
-1454
-1407
-1371
-1338
-1339
-1369
-1400
-1448
-1480
-1500
-1493
-1442
-1364
-1246
-1106
-968
-841
-706
-566
-448
-350
-270
-202
-132
-48
69
193
335
514
703
885
1056
1217
1367
1476
1559
1616
1652
1689
1721
1760
1809
1855
1916
1973
1990
1974
1919
1814
1651
1424
1137
811
463
131
-177
-463
-694
-867
-959
-981
-958
-881
-764
-626
-492
-376
-253
-154
-95
-52
-38
-34
-37
-54
-73
-125
-202
-292
-402
-520
-660
-819
-977
-1148
-1318
-1480
-1618
-1719
-1788
-1801
-1777
-1728
-1645
-1514
-1333
-1127
-887
-612
-334
-59
201
456
710
928
1128
1293
1420
1520
1570
1599
1607
1588
1571
1527
1462
1400
1331
1278
1222
1164
1107
1033
967
903
849
806
745
708
691
670
658
651
657
634
560
466
332
168
8
-171
-361
-547
-720
-839
-942
-1020
-1056
-1073
-1077
-1088
-1110
-1144
-1199
-1265
-1339
-1418
-1504
-1574
-1588
-1580
-1549
-1466
-1364
-1267
-1170
-1057
-947
-856
-776
-694
-629
-576
-506
-395
-252
-109
44
202
375
550
688
822
941
1009
1056
1084
1120
1170
1223
1294
1358
1424
1493
1529
1538
1510
1422
1273
1060
808
524
215
-82
-357
-567
-706
-821
-867
-850
-786
-672
-551
-431
-320
-218
-124
-48
31
105
172
227
273
323
352
353
322
262
173
40
-124
-304
-493
-695
-892
-1051
-1189
-1301
-1384
-1432
-1431
-1396
-1333
-1245
-1131
-988
-810
-595
-352
-90
182
458
727
980
1205
1396
1536
1621
1669
1675
1649
1601
1532
1461
1377
1283
1193
1110
1027
931
851
771
664
563
468
387
317
260
242
229
217
214
216
235
239
211
162
88
-15
-147
-294
-437
-589
-736
-874
-1008
-1120
-1215
-1301
-1357
-1406
-1460
-1511
-1559
-1595
-1639
-1688
-1719
-1719
-1707
-1684
-1633
-1551
-1445
-1312
-1170
-1023
-885
-747
-608
-483
-359
-237
-109
21
155
304
466
641
827
1001
1164
1298
1408
1506
1571
1611
1642
1671
1703
1730
1741
1753
1763
1768
1753
1696
1588
1434
1244
1018
761
493
243
15
-178
-327
-429
-484
-489
-434
-348
-265
-195
-128
-61
-30
-30
-29
-22
-13
-20
-25
-27
-47
-75
-126
-203
-320
-475
-656
-873
-1124
-1380
-1611
-1817
-2002
-2154
-2262
-2302
-2286
-2225
-2123
-1975
-1782
-1560
-1323
-1071
-793
-493
-189
111
403
673
926
1160
1352
1493
1587
1627
1625
1586
1512
1423
1332
1250
1172
1097
1028
960
905
859
831
819
789
763
754
756
753
750
759
775
807
842
859
854
835
797
742
652
541
428
286
120
-46
-201
-344
-478
-588
-683
-757
-804
-864
-924
-975
-1011
-1030
-1062
-1105
-1141
-1163
-1174
-1149
-1091
-1025
-941
-833
-713
-594
-487
-403
-336
-277
-234
-200
-177
-158
-103
-29
32
98
178
256
320
389
460
513
542
559
583
611
620
624
628
604
559
497
422
319
208
97
-34
-159
-285
-398
-484
-566
-604
-603
-586
-557
-522
-469
-398
-322
-238
-171
-125
-68
-20
8
21
28
35
10
-38
-102
-177
-269
-378
-500
-636
-786
-942
-1081
-1204
-1313
-1384
-1410
-1402
-1362
-1278
-1138
-948
-729
-486
-219
49
323
608
878
1142
1379
1590
1786
1938
2053
2146
2211
2236
2225
2188
2117
2011
1901
1771
1635
1500
1359
1239
1114
985
879
793
724
665
621
589
562
544
548
556
553
547
532
502
467
412
322
208
60
-98
-251
-445
-639
-826
-1005
-1165
-1322
-1455
-1567
-1672
-1757
-1834
-1898
-1957
-2019
-2067
-2103
-2120
-2115
-2081
-2018
-1939
-1826
-1680
-1515
-1335
-1175
-1028
-876
-738
-618
-521
-448
-384
-322
-265
-199
-129
-60
28
113
202
288
360
438
503
562
607
646
691
710
727
737
738
731
711
671
621
581
539
507
493
474
455
452
482
520
564
603
635
679
720
749
786
813
828
840
857
863
860
846
804
746
664
554
437
298
126
-46
-223
-392
-544
-691
-816
-914
-992
-1060
-1111
-1112
-1094
-1060
-986
-911
-807
-676
-541
-358
-157
54
271
476
670
829
977
1098
1179
1235
1242
1217
1164
1086
995
896
803
721
650
586
524
465
405
350
303
250
205
155
123
106
104
130
144
172
217
257
295
307
300
252
158
44
-90
-236
-398
-570
-721
-864
-996
-1103
-1198
-1271
-1346
-1416
-1483
-1556
-1611
-1665
-1716
-1740
-1749
-1724
-1672
-1589
-1463
-1318
-1147
-962
-785
-620
-460
-305
-178
-68
35
111
182
246
324
403
467
541
625
682
726
768
807
831
823
809
790
758
720
687
651
618
590
574
558
524
505
486
459
437
420
409
382
360
362
354
342
352
372
387
385
391
413
426
448
479
498
510
515
505
476
429
371
291
180
45
-102
-250
-399
-537
-660
-775
-874
-946
-989
-1008
-1008
-992
-967
-937
-897
-841
-771
-674
-562
-435
-285
-126
56
253
449
640
812
956
1066
1142
1180
1178
1148
1093
1021
931
847
775
720
669
625
604
587
570
548
521
499
464
417
377
346
320
292
274
273
276
272
249
210
153
72
-37
-170
-312
-464
-621
-773
-911
-1025
-1122
-1198
-1257
-1318
-1384
-1455
-1522
-1596
-1684
-1768
-1840
-1889
-1900
-1888
-1834
-1738
-1604
-1434
-1246
-1049
-858
-679
-502
-353
-242
-139
-44
47
129
207
303
404
516
633
740
832
904
951
981
981
951
914
873
824
769
731
710
704
713
733
756
779
802
822
831
834
825
809
791
766
741
724
727
743
761
784
816
849
881
901
909
908
897
865
805
742
660
555
440
309
174
17
-145
-295
-452
-593
-723
-828
-906
-988
-1048
-1084
-1114
-1134
-1141
-1136
-1138
-1137
-1126
-1097
-1050
-980
-877
-766
-636
-509
-373
-227
-91
40
158
247
293
306
303
281
245
203
162
117
78
48
23
18
27
55
88
114
137
154
172
182
198
211
217
223
232
250
261
262
261
242
199
128
58
-18
-107
-195
-287
-365
-437
-484
-513
-535
-542
-561
-577
-595
-628
-662
-700
-732
-756
-755
-723
-661
-578
-473
-346
-211
-76
58
205
333
427
510
580
646
709
767
820
848
874
907
931
952
948
925
896
846
785
718
648
579
513
457
407
355
327
319
313
311
303
301
304
295
284
261
216
170
118
67
22
-22
-52
-74
-71
-66
-63
-37
-21
-31
-58
-103
-164
-237
-334
-453
-577
-696
-812
-921
-998
-1069
-1136
-1182
-1232
-1261
-1269
-1278
-1283
-1290
-1290
-1265
-1248
-1224
-1184
-1130
-1050
-964
-851
-733
-617
-469
-315
-139
53
214
367
521
648
760
857
931
978
1002
1002
979
962
957
961
974
980
973
976
1000
1023
1047
1063
1069
1069
1062
1058
1052
1047
1046
1045
1042
1023
984
952
902
825
736
626
516
385
238
108
-17
-131
-229
-322
-411
-492
-564
-642
-720
-798
-892
-971
-1040
-1110
-1156
-1166
-1168
-1141
-1077
-1017
-946
-848
-750
-662
-574
-499
-441
-382
-327
-290
-260
-215
-187
-158
-118
-106
-94
-84
-100
-118
-129
-151
-165
-177
-197
-211
-207
-182
-144
-109
-67
-12
33
84
147
203
261
314
342
357
379
381
388
413
407
403
416
417
425
449
466
462
454
436
379
313
242
154
73
-26
-128
-215
-303
-389
-448
-485
-527
-557
-562
-572
-582
-567
-545
-514
-480
-446
-390
-343
-300
-244
-185
-135
-72
3
68
137
214
310
402
481
561
624
684
713
729
737
714
690
646
617
582
531
521
517
507
515
530
532
523
516
510
485
459
435
403
383
357
342
351
336
323
317
299
258
197
132
52
-58
-175
-291
-424
-553
-660
-755
-829
-907
-954
-988
-1024
-1037
-1063
-1079
-1093
-1096
-1064
-1041
-1005
-954
-889
-796
-713
-617
-508
-418
-321
-232
-148
-56
13
84
152
208
267
305
336
366
385
395
378
353
327
290
255
216
188
190
201
224
263
300
349
394
427
472
515
541
545
554
578
585
596
615
625
639
649
653
649
635
618
584
524
456
374
286
188
78
-28
-136
-250
-345
-426
-516
-604
-693
-791
-870
-923
-989
-1049
-1084
-1100
-1105
-1089
-1058
-1021
-958
-885
-817
-735
-648
-560
-468
-373
-288
-193
-85
22
130
225
310
385
458
520
561
581
586
590
590
580
569
571
580
584
593
606
612
623
633
631
625
611
608
611
614
617
624
647
677
706
732
744
740
726
688
622
543
446
333
216
85
-47
-166
-276
-385
-479
-557
-624
-678
-720
-765
-801
-818
-832
-834
-833
-834
-822
-792
-761
-712
-654
-594
-533
-465
-399
-333
-260
-188
-130
-91
-65
-57
-52
-58
-77
-95
-127
-162
-193
-224
-251
-263
-270
-267
-245
-222
-194
-154
-102
-38
20
72
129
184
230
264
286
308
318
329
341
343
354
371
389
413
432
437
428
413
388
360
328
271
211
163
104
47
-1
-46
-88
-137
-180
-215
-264
-311
-346
-376
-405
-427
-443
-457
-459
-444
-404
-352
-312
-264
-207
-148
-102
-62
0
78
153
218
291
375
440
498
565
619
656
691
711
716
701
666
637
610
571
533
497
467
439
427
426
409
390
369
353
324
289
266
250
220
175
142
106
68
31
3
-27
-76
-134
-199
-274
-357
-441
-528
-634
-745
-841
-923
-998
-1058
-1079
-1072
-1070
-1060
-1028
-972
-911
-848
-767
-700
-645
-588
-517
-437
-380
-313
-226
-141
-56
15
106
186
237
288
315
332
328
311
284
237
192
169
156
147
156
188
235
283
345
398
441
479
520
559
582
613
655
692
720
740
761
776
767
759
754
740
720
681
649
604
540
484
421
345
258
189
135
65
-8
-81
-150
-217
-284
-343
-410
-473
-527
-585
-643
-711
-771
-824
-883
-927
-955
-966
-958
-945
-924
-898
-879
-849
-814
-769
-720
-662
-587
-509
-426
-338
-227
-117
-29
41
109
180
241
308
360
400
434
470
502
514
504
496
491
477
458
433
413
402
388
377
371
364
360
350
348
344
339
346
353
358
358
352
338
309
270
225
174
112
48
-17
-82
-147
-210
-269
-316
-347
-364
-375
-366
-341
-313
-271
-230
-180
-131
-100
-77
-61
-38
-5
28
61
102
140
186
226
258
290
303
311
303
259
199
123
49
-16
-87
-148
-200
-232
-244
-242
-212
-154
-88
-14
50
104
148
173
188
188
187
193
195
191
176
170
185
209
234
244
233
202
164
129
78
3
-79
-159
-233
-310
-377
-428
-473
-505
-521
-518
-509
-501
-495
-494
-503
-523
-548
-571
-600
-632
-657
-662
-661
-659
-640
-608
-564
-514
-470
-425
-377
-328
-269
-206
-143
-76
-17
62
163
260
359
449
545
644
727
798
851
892
920
926
929
931
932
933
921
899
877
854
829
791
735
670
611
581
557
523
483
443
415
387
357
326
289
243
172
98
24
-46
-109
-182
-283
-389
-463
-511
-556
-606
-656
-693
-715
-728
-745
-763
-765
-749
-723
-702
-687
-638
-562
-486
-421
-366
-312
-255
-201
-154
-107
-69
-30
-5
-15
-39
-63
-68
-73
-96
-148
-205
-238
-257
-271
-289
-285
-245
-196
-146
-86
-10
87
189
272
325
359
396
452
508
532
536
543
541
549
566
583
599
591
563
510
440
374
293
205
111
16
-72
-142
-196
-240
-270
-284
-282
-265
-268
-285
-302
-334
-372
-413
-453
-500
-534
-555
-563
-552
-537
-516
-497
-478
-446
-423
-407
-382
-354
-336
-341
-339
-296
-235
-167
-83
12
99
184
279
366
429
471
506
531
539
549
560
564
563
563
564
567
570
564
550
530
508
474
427
386
353
328
305
287
277
271
272
279
283
266
223
173
117
50
-28
-124
-222
-299
-347
-379
-408
-426
-423
-412
-399
-384
-371
-360
-353
-356
-366
-379
-374
-338
-289
-236
-178
-110
-23
65
151
226
277
302
299
280
239
182
133
76
17
-39
-84
-124
-163
-182
-179
-173
-171
-168
-148
-115
-85
-56
-34
-14
7
32
62
80
103
133
153
165
172
185
195
192
191
184
163
119
63
11
-49
-125
-210
-298
-378
-443
-489
-507
-515
-511
-490
-459
-421
-388
-361
-333
-323
-328
-344
-368
-389
-412
-425
-421
-406
-375
-344
-303
-253
-206
-155
-117
-86
-78
-79
-69
-61
-46
-7
54
138
235
347
471
589
707
818
901
957
987
992
980
958
946
935
921
920
920
921
921
915
900
860
810
749
670
585
495
418
355
295
253
223
198
172
152
122
67
-3
-90
-186
-287
-388
-484
-561
-627
-671
-694
-698
-689
-684
-672
-669
-675
-693
-726
-758
-795
-827
-840
-841
-815
-774
-713
-636
-560
-477
-398
-332
-288
-269
-271
-285
-314
-354
-388
-428
-451
-457
-457
-428
-398
-361
-313
-277
-229
-185
-152
-119
-88
-41
5
55
108
163
228
296
368
431
492
543
582
607
610
598
587
564
547
525
493
468
432
390
353
308
271
235
198
177
156
153
166
175
193
212
227
245
256
259
252
227
197
164
126
96
64
41
32
18
16
9
1
-13
-31
-49
-71
-85
-89
-89
-78
-49
-9
37
94
161
227
293
342
379
415
431
440
439
419
391
354
321
287
253
217
172
118
48
-22
-92
-166
-239
-320
-393
-458
-517
-551
-581
-615
-639
-658
-669
-682
-700
-723
-751
-769
-776
-772
-764
-752
-723
-681
-626
-563
-503
-441
-398
-361
-320
-292
-258
-230
-203
-173
-138
-85
-32
17
71
118
174
221
256
286
303
314
323
329
339
342
343
350
354
368
391
407
426
450
479
502
525
554
574
580
589
609
620
624
633
646
655
664
665
665
670
665
657
631
590
556
510
445
379
307
230
147
66
-10
-87
-153
-212
-275
-319
-346
-371
-394
-419
-446
-471
-484
-491
-514
-539
-564
-586
-596
-615
-642
-664
-681
-690
-710
-737
-760
-772
-768
-772
-765
-744
-724
-690
-648
-597
-530
-460
-383
-313
-244
-155
-76
-3
68
135
212
285
347
401
443
488
520
546
562
569
579
580
580
566
534
504
479
449
413
370
314
270
228
189
137
79
31
-9
-31
-53
-66
-76
-89
-100
-100
-91
-79
-62
-32
-3
21
45
70
93
115
141
166
189
200
209
210
206
204
197
194
169
130
100
71
42
25
14
1
-14
-29
-40
-59
-80
-87
-99
-118
-148
-169
-179
-179
-172
-169
-156
-150
-142
-129
-117
-94
-73
-56
-48
-37
-16
24
64
93
115
145
169
172
168
161
149
120
80
47
3
-40
-75
-124
-167
-199
-230
-250
-261
-264
-256
-250
-256
-255
-238
-217
-212
-215
-200
-180
-170
-161
-153
-149
-145
-126
-108
-100
-87
-66
-51
-45
-30
-4
9
20
48
74
103
133
156
196
233
255
281
312
342
377
410
428
434
445
470
491
489
473
457
433
405
384
345
284
222
158
94
21
-61
-135
-206
-283
-352
-411
-467
-515
-558
-587
-606
-616
-606
-587
-560
-532
-503
-474
-442
-410
-372
-330
-296
-268
-237
-198
-150
-95
-58
-33
-10
29
73
94
106
117
125
138
146
142
131
132
145
156
159
161
171
196
222
248
269
281
303
325
345
358
355
365
392
409
418
426
427
423
419
415
416
424
423
406
393
385
374
360
341
325
306
285
254
210
167
128
76
11
-58
-123
-181
-229
-280
-340
-394
-440
-473
-499
-515
-530
-541
-544
-553
-572
-584
-589
-589
-592
-603
-614
-619
-615
-614
-610
-597
-578
-557
-532
-501
-468
-433
-404
-377
-339
-289
-232
-179
-130
-86
-43
8
57
103
148
195
240
292
352
395
430
474
517
552
589
631
662
671
668
651
624
600
567
515
457
408
361
316
259
202
154
121
92
56
27
-1
-19
-40
-56
-56
-55
-47
-35
-25
-2
14
28
48
67
90
106
126
153
152
147
153
166
172
159
150
142
133
112
84
58
25
-2
-25
-52
-67
-78
-76
-68
-66
-60
-71
-86
-93
-114
-131
-154
-177
-205
-237
-261
-278
-275
-278
-276
-265
-244
-222
-202
-193
-202
-211
-225
-237
-244
-255
-269
-273
-269
-265
-260
-245
-236
-237
-237
-256
-272
-280
-292
-303
-309
-306
-298
-278
-245
-198
-147
-97
-52
-16
14
31
39
45
46
43
38
45
66
91
111
144
180
207
237
256
263
265
265
269
267
271
286
309
348
391
433
478
516
551
579
595
593
591
583
567
558
552
556
561
569
577
560
544
510
456
397
321
237
149
59
-32
-117
-193
-256
-307
-369
-424
-473
-531
-579
-625
-671
-708
-735
-748
-754
-750
-720
-691
-655
-605
-571
-524
-480
-452
-416
-388
-368
-346
-319
-293
-269
-241
-212
-175
-141
-113
-86
-68
-52
-39
-41
-40
-34
-32
-28
-11
24
52
88
135
167
193
213
215
217
231
221
218
231
237
254
282
311
338
372
402
419
429
430
424
412
399
385
368
353
343
323
311
303
283
269
252
226
201
172
146
119
85
53
29
5
-18
-31
-47
-52
-48
-53
-61
-78
-103
-127
-152
-183
-209
-222
-239
-262
-267
-272
-284
-275
-270
-268
-260
-265
-264
-245
-231
-218
-193
-166
-140
-111
-81
-48
-18
20
56
77
96
103
112
135
145
151
168
178
188
204
206
207
208
202
183
153
117
74
25
-28
-85
-140
-187
-236
-284
-329
-370
-396
-411
-420
-428
-432
-430
-416
-398
-375
-354
-330
-296
-263
-231
-189
-141
-86
-29
27
78
127
175
223
264
292
315
335
346
351
350
349
345
344
342
332
320
310
303
293
274
249
226
203
181
161
141
127
116
111
103
93
89
90
94
99
97
99
106
110
114
115
117
117
114
107
92
71
52
34
15
-6
-33
-67
-99
-127
-155
-185
-212
-230
-242
-258
-276
-290
-299
-306
-319
-329
-339
-345
-347
-348
-346
-338
-332
-326
-320
-315
-307
-298
-285
-271
-264
-257
-244
-232
-217
-194
-171
-139
-106
-70
-30
14
63
111
156
198
244
289
327
365
407
446
484
513
539
564
573
578
580
574
559
536
511
479
439
393
343
285
225
163
102
42
-20
-79
-134
-185
-239
-291
-332
-365
-397
-409
-412
-420
-424
-420
-412
-405
-392
-366
-339
-321
-300
-270
-242
-211
-179
-151
-119
-99
-81
-64
-43
-21
0
18
28
33
41
48
45
49
53
54
54
56
63
62
55
63
68
69
79
89
95
103
112
120
122
133
146
152
153
163
174
183
195
200
210
214
212
212
210
210
195
184
179
162
149
139
127
117
103
84
67
52
41
29
20
6
-13
-30
-47
-58
-69
-87
-91
-102
-120
-118
-125
-140
-150
-160
-162
-181
-194
-204
-214
-225
-238
-243
-246
-241
-234
-236
-225
-214
-207
-188
-162
-145
-125
-101
-79
-55
-32
-6
20
50
80
108
132
152
178
198
214
221
219
224
218
199
186
165
135
104
71
35
-3
-48
-90
-130
-171
-215
-248
-283
-321
-346
-371
-389
-393
-395
-391
-372
-350
-329
-296
-268
-246
-220
-193
-162
-123
-77
-27
28
80
130
180
221
255
277
301
318
324
329
340
350
361
376
387
392
397
395
397
396
382
371
355
337
318
300
284
271
270
267
268
274
269
270
267
251
235
221
201
182
164
149
141
125
110
98
81
60
33
0
-37
-77
-118
-151
-181
-219
-247
-267
-297
-322
-331
-341
-352
-369
-393
-417
-437
-461
-478
-494
-512
-522
-521
-514
-505
-489
-467
-456
-452
-451
-451
-450
-445
-439
-432
-427
-417
-395
-362
-324
-285
-239
-184
-134
-80
-19
44
104
157
212
263
301
345
394
433
470
515
555
586
612
635
651
657
654
641
619
587
546
506
461
412
364
326
279
233
192
152
122
90
58
26
-6
-39
-64
-73
-79
-84
-79
-77
-76
-71
-70
-64
-69
-77
-80
-85
-93
-96
-81
-65
-59
-46
-33
-31
-27
-24
-28
-40
-55
-59
-62
-62
-66
-56
-48
-42
-31
-20
-14
-18
-21
-30
-46
-63
-72
-83
-91
-100
-105
-96
-92
-79
-63
-59
-60
-65
-67
-77
-92
-107
-120
-133
-147
-167
-170
-169
-175
-173
-172
-177
-180
-175
-170
-172
-179
-179
-183
-182
-173
-159
-150
-148
-139
-125
-115
-107
-95
-84
-75
-70
-67
-55
-45
-41
-33
-24
-21
-13
3
18
28
45
56
61
71
79
88
98
108
123
138
159
185
215
254
284
308
334
359
391
414
421
430
433
437
445
456
463
463
462
462
460
450
435
412
384
340
295
250
192
141
93
37
-17
-72
-124
-173
-215
-255
-288
-320
-352
-387
-407
-419
-437
-447
-460
-471
-473
-475
-471
-460
-453
-438
-413
-391
-371
-358
-346
-331
-315
-300
-280
-267
-253
-233
-209
-182
-150
-121
-94
-73
-51
-26
-6
18
36
47
64
70
79
93
95
113
132
140
160
175
192
220
245
269
281
288
299
297
298
287
264
251
225
196
175
147
122
103
83
64
52
47
42
44
45
46
64
85
100
117
124
133
146
155
157
152
148
134
116
96
60
27
-3
-40
-72
-106
-142
-161
-179
-199
-213
-225
-237
-246
-249
-256
-260
-246
-230
-211
-190
-171
-139
-101
-68
-38
-9
13
43
70
89
110
125
135
153
168
182
202
214
231
248
256
265
262
248
235
219
194
170
148
118
87
56
25
-8
-47
-94
-141
-181
-221
-251
-270
-288
-294
-286
-271
-244
-221
-199
-175
-156
-139
-126
-123
-121
-119
-110
-93
-74
-51
-34
-17
-10
-11
-13
-20
-34
-55
-71
-78
-78
-70
-55
-42
-26
-7
16
32
36
31
22
15
13
10
8
12
30
64
106
157
203
245
286
318
337
338
328
308
277
239
202
168
132
92
63
36
11
-3
-15
-39
-75
-100
-117
-128
-129
-138
-140
-134
-121
-101
-80
-61
-50
-42
-35
-42
-54
-68
-86
-104
-129
-150
-166
-184
-199
-206
-205
-196
-182
-169
-161
-156
-145
-128
-104
-82
-58
-32
-9
6
15
33
61
87
109
124
139
156
169
186
199
206
210
216
226
225
223
229
238
246
242
237
238
239
231
214
188
153
126
108
84
50
2
-41
-80
-115
-142
-168
-191
-217
-245
-264
-276
-282
-285
-289
-289
-290
-286
-275
-262
-247
-237
-236
-232
-229
-215
-195
-185
-171
-157
-141
-126
-113
-96
-79
-57
-41
-28
-20
-21
-14
-7
-8
-7
-8
-11
-10
-5
-1
-3
-1
4
19
42
64
91
124
157
195
240
282
323
358
385
399
405
407
395
378
353
320
286
253
221
192
167
145
126
115
103
92
89
86
93
107
121
131
142
157
170
181
188
187
185
174
150
122
87
47
9
-34
-80
-125
-165
-203
-237
-261
-282
-296
-299
-302
-298
-293
-290
-287
-281
-272
-270
-263
-254
-248
-235
-217
-199
-181
-158
-134
-112
-92
-80
-70
-54
-49
-46
-40
-44
-48
-45
-40
-41
-45
-45
-58
-66
-76
-88
-95
-107
-118
-126
-127
-134
-134
-127
-120
-110
-101
-89
-78
-67
-56
-42
-23
-10
7
17
22
33
41
52
62
66
75
88
90
99
113
123
139
154
168
180
197
212
229
245
253
253
253
248
239
231
216
203
190
173
158
139
121
107
95
90
89
91
94
99
109
122
138
150
161
169
174
173
173
167
149
132
111
82
43
3
-39
-81
-112
-143
-165
-182
-195
-203
-205
-207
-203
-196
-184
-167
-157
-142
-132
-122
-113
-105
-98
-100
-105
-118
-139
-163
-195
-224
-254
-287
-314
-337
-357
-372
-373
-371
-357
-336
-313
-284
-263
-236
-212
-188
-165
-140
-106
-75
-36
4
47
90
138
186
230
269
305
339
369
394
410
421
425
430
432
427
419
408
391
376
359
339
316
289
268
246
227
209
184
160
129
107
82
54
19
-18
-53
-82
-106
-126
-143
-156
-161
-165
-165
-172
-181
-186
-190
-195
-200
-210
-219
-221
-226
-220
-209
-196
-182
-165
-149
-136
-127
-117
-112
-110
-107
-113
-122
-137
-146
-155
-162
-167
-177
-178
-185
-182
-176
-167
-152
-135
-113
-82
-45
-15
27
62
95
131
163
188
205
223
229
234
238
230
222
217
211
203
194
181
171
164
160
156
160
168
174
180
187
195
205
215
227
234
239
235
223
203
178
149
116
77
35
-1
-37
-71
-108
-145
-177
-211
-237
-267
-287
-299
-311
-318
-325
-324
-315
-297
-285
-269
-250
-233
-204
-168
-132
-98
-63
-41
-19
6
27
46
64
73
70
75
64
49
49
41
31
24
14
9
13
16
19
23
19
24
27
34
41
43
45
46
45
35
31
28
23
20
6
-2
-6
-15
-24
-31
-40
-49
-53
-60
-63
-68
-76
-74
-67
-63
-54
-35
-29
-11
13
29
49
69
87
111
128
134
141
139
131
126
117
103
94
85
72
55
46
38
31
29
29
25
28
38
52
70
78
88
98
101
104
108
110
105
98
87
76
57
41
28
11
-9
-31
-50
-67
-79
-88
-93
-96
-93
-89
-83
-76
-70
-66
-57
-46
-41
-33
-28
-25
-22
-22
-22
-25
-35
-48
-60
-75
-91
-104
-117
-132
-147
-159
-167
-171
-174
-171
-163
-162
-154
-139
-124
-111
-93
-71
-50
-28
-7
18
45
62
83
104
125
138
147
154
153
152
151
149
143
131
123
112
101
97
100
105
112
112
114
115
116
117
117
117
109
95
82
69
55
41
29
14
-2
-19
-36
-53
-70
-81
-86
-94
-105
-117
-126
-132
-129
-121
-112
-103
-101
-96
-85
-72
-55
-37
-21
-12
-11
-8
-11
-13
-15
-20
-29
-49
-68
-80
-93
-105
-114
-119
-128
-137
-139
-136
-131
-119
-102
-86
-73
-56
-35
-10
17
44
70
88
104
117
123
133
142
150
150
146
138
127
124
121
114
106
94
84
67
61
61
61
67
75
87
93
98
106
115
120
122
121
114
103
93
80
63
46
33
11
-12
-40
-64
-88
-111
-126
-145
-166
-184
-196
-204
-205
-199
-192
-189
-181
-165
-151
-130
-106
-83
-62
-38
-16
5
26
51
70
89
108
119
126
126
125
128
125
121
113
106
97
92
90
84
79
80
80
74
74
71
63
53
40
26
9
-4
-23
-46
-65
-86
-101
-111
-123
-130
-143
-153
-165
-172
-168
-169
-165
-161
-153
-139
-127
-113
-96
-74
-53
-33
-14
-1
12
18
26
35
34
32
22
7
-1
-8
-15
-22
-34
-39
-43
-49
-47
-44
-37
-25
-16
3
19
39
62
88
121
148
175
193
216
240
258
279
288
288
283
271
263
253
244
232
213
196
174
154
137
120
104
90
76
65
51
36
27
25
23
15
4
-10
-27
-40
-53
-66
-81
-105
-134
-161
-187
-211
-230
-245
-263
-278
-296
-313
-324
-331
-328
-326
-326
-330
-335
-329
-318
-304
-285
-265
-242
-226
-207
-182
-153
-121
-94
-70
-55
-49
-39
-23
-4
14
23
27
31
31
38
43
51
67
85
103
112
122
139
154
168
182
196
204
206
200
197
193
185
175
163
147
128
116
110
106
105
95
82
70
64
68
71
71
72
74
72
71
76
90
109
128
140
148
152
153
147
142
130
115
94
69
44
20
-2
-18
-30
-44
-55
-66
-81
-85
-88
-86
-86
-85
-79
-74
-66
-56
-43
-21
2
23
43
58
76
92
107
118
123
121
110
92
69
46
29
9
-13
-33
-49
-66
-83
-94
-101
-105
-103
-103
-103
-98
-96
-95
-93
-93
-89
-88
-90
-91
-93
-97
-107
-119
-131
-144
-155
-167
-176
-185
-192
-202
-213
-223
-231
-234
-231
-222
-205
-186
-170
-155
-140
-115
-90
-63
-36
-7
25
52
73
94
115
138
161
181
193
199
198
195
193
184
177
168
162
163
163
167
171
177
184
185
187
183
181
178
174
162
140
120
100
82
65
46
32
20
3
-16
-34
-52
-66
-79
-88
-94
-102
-105
-107
-108
-103
-99
-94
-88
-79
-71
-56
-45
-39
-31
-30
-34
-42
-51
-60
-65
-69
-74
-77
-81
-86
-88
-89
-82
-74
-69
-60
-50
-37
-22
-9
2
17
31
52
71
92
115
138
160
178
197
205
204
205
201
201
197
183
171
157
139
119
101
80
59
40
23
10
-7
-23
-36
-48
-58
-66
-77
-90
-99
-110
-121
-134
-148
-159
-173
-186
-195
-210
-221
-231
-242
-249
-260
-269
-276
-285
-291
-289
-291
-291
-282
-278
-272
-262
-247
-225
-206
-182
-154
-130
-105
-85
-70
-45
-25
-9
17
38
59
86
106
129
148
162
179
193
211
227
246
268
284
303
316
325
337
350
363
370
377
383
381
380
373
360
353
339
323
310
299
282
272
262
246
234
213
196
183
167
152
134
119
106
94
76
61
49
39
35
20
3
-12
-29
-46
-67
-89
-107
-130
-162
-182
-204
-218
-227
-240
-246
-254
-262
-265
-263
-260
-263
-263
-267
-268
-259
-252
-244
-236
-226
-211
-193
-182
-171
-158
-150
-141
-129
-123
-123
-134
-142
-144
-151
-152
-151
-152
-153
-150
-139
-129
-120
-120
-119
-118
-118
-112
-110
-110
-107
-103
-91
-89
-90
-83
-81
-75
-66
-59
-53
-51
-50
-48
-52
-57
-54
-51
-51
-39
-29
-12
14
32
53
72
92
119
142
158
179
208
234
261
280
295
317
333
351
371
380
389
391
390
384
379
380
372
363
353
342
338
329
315
298
280
260
247
232
206
187
173
157
138
112
85
61
37
11
-9
-30
-52
-69
-85
-107
-124
-138
-154
-169
-185
-199
-207
-214
-224
-228
-232
-244
-244
-247
-249
-251
-260
-264
-274
-274
-277
-281
-280
-284
-284
-283
-287
-287
-287
-289
-282
-277
-273
-260
-246
-233
-214
-197
-179
-165
-151
-138
-119
-96
-80
-55
-29
-6
25
54
80
108
128
152
175
185
201
209
212
215
211
208
205
197
196
201
208
208
209
205
200
193
176
165
141
114
94
73
57
47
38
30
21
10
5
-3
-17
-32
-49
-67
-80
-97
-105
-117
-128
-127
-123
-117
-110
-99
-94
-83
-73
-67
-62
-63
-63
-58
-56
-47
-42
-30
-12
0
26
47
64
80
90
99
106
114
115
120
118
118
126
130
139
141
139
140
136
138
135
127
117
106
98
89
81
71
61
48
34
21
3
-13
-22
-37
-49
-55
-69
-77
-82
-89
-89
-91
-91
-90
-85
-84
-89
-84
-87
-98
-99
-105
-113
-114
-117
-117
-119
-118
-117
-118
-114
-114
-112
-110
-111
-105
-100
-100
-90
-80
-67
-52
-36
-19
-10
5
20
30
44
50
66
81
85
102
118
136
151
167
180
178
181
171
161
154
136
124
116
107
101
91
85
83
77
68
58
51
34
22
11
-6
-24
-38
-42
-49
-57
-61
-60
-51
-53
-53
-50
-53
-53
-58
-63
-70
-77
-81
-86
-85
-86
-82
-71
-64
-60
-63
-54
-42
-37
-29
-23
-18
-9
-4
4
6
8
17
24
40
46
45
51
57
58
55
57
57
57
62
60
56
53
50
60
67
55
51
59
59
52
51
41
32
28
14
1
-7
-22
-36
-37
-46
-59
-62
-68
-76
-75
-85
-99
-99
-103
-112
-118
-119
-129
-130
-128
-134
-136
-141
-146
-138
-136
-144
-135
-126
-139
-140
-132
-140
-140
-131
-131
-122
-118
-116
-105
-97
-89
-76
-57
-45
-23
-6
7
34
52
69
98
122
135
154
178
193
206
229
237
248
263
269
276
282
277
265
269
263
253
254
238
231
232
223
215
214
207
191
190
178
159
153
136
117
102
84
70
53
34
15
-1
-14
-31
-48
-62
-75
-89
-103
-113
-126
-141
-153
-163
-166
-169
-171
-164
-163
-156
-147
-139
-134
-127
-120
-116
-108
-102
-94
-87
-75
-65
-57
-38
-35
-28
-24
-30
-28
-32
-37
-37
-38
-45
-48
-48
-62
-60
-63
-73
-67
-70
-64
-62
-63
-55
-56
-59
-63
-66
-71
-83
-85
-91
-87
-80
-82
-72
-64
-66
-60
-55
-50
-44
-38
-32
-27
-18
-14
-12
-8
-12
-10
-5
-2
2
9
14
20
21
26
37
34
30
19
12
10
-2
-1
-1
-6
3
3
8
18
22
31
34
42
54
66
81
85
98
116
122
131
143
149
162
171
176
182
190
193
191
191
186
174
169
157
141
131
121
106
92
85
70
60
48
31
23
8
-9
-15
-22
-36
-44
-51
-63
-72
-84
-92
-108
-123
-133
-149
-153
-165
-175
-174
-183
-187
-193
-193
-189
-185
-187
-183
-172
-163
-150
-138
-124
-111
-97
-70
-56
-45
-24
-7
6
24
41
54
68
79
85
94
100
106
108
107
113
107
114
118
107
107
100
101
101
92
84
83
77
69
62
54
40
31
25
23
17
15
3
-7
2
-10
-14
-9
-23
-25
-14
-25
-31
-30
-39
-39
-41
-54
-46
-43
-52
-48
-53
-56
-54
-57
-61
-62
-59
-61
-62
-60
-63
-65
-58
-57
-62
-56
-52
-51
-48
-44
-36
-27
-15
-11
-5
8
15
18
32
45
49
67
73
79
92
94
106
119
110
115
119
108
109
106
94
95
97
81
76
85
69
62
59
45
43
37
27
26
25
13
7
5
-8
-14
-17
-27
-42
-47
-60
-67
-70
-92
-100
-102
-118
-132
-139
-142
-152
-156
-154
-156
-150
-139
-135
-128
-105
-99
-78
-52
-45
-22
-5
2
21
43
56
74
95
95
102
115
109
108
117
106
104
103
89
84
81
65
58
61
47
45
46
38
33
33
30
20
25
20
14
15
6
5
6
-1
-6
-10
-21
-32
-41
-47
-54
-54
-55
-71
-79
-83
-83
-88
-91
-83
-89
-92
-83
-75
-68
-59
-53
-50
-45
-31
-26
-23
-9
0
0
-2
-4
1
3
1
12
11
7
16
15
1
5
18
11
21
42
41
44
54
56
63
75
86
108
113
108
111
117
110
109
121
116
106
95
82
73
64
54
52
44
34
30
15
-7
-19
-13
-17
-34
-33
-36
-48
-48
-52
-60
-61
-59
-63
-71
-72
-80
-83
-74
-81
-86
-80
-89
-98
-90
-95
-94
-88
-91
-83
-79
-77
-71
-63
-48
-31
-18
-19
-4
15
26
39
42
49
65
74
79
76
73
76
77
76
71
72
62
52
48
43
34
29
23
18
16
6
4
9
10
24
30
23
22
21
21
19
20
24
24
27
25
17
14
8
8
10
-1
-11
-17
-29
-35
-42
-45
-59
-63
-65
-71
-68
-78
-77
-65
-64
-64
-58
-62
-63
-55
-58
-63
-54
-53
-55
-49
-48
-46
-32
-25
-17
2
9
13
22
32
39
46
51
54
68
75
78
83
94
102
103
111
112
106
110
113
96
85
79
61
53
40
19
16
5
-11
-10
-9
-28
-31
-30
-42
-41
-47
-51
-45
-44
-50
-47
-45
-51
-39
-24
-27
-28
-17
-12
-10
-10
-8
-7
-10
-17
-21
-16
-29
-35
-26
-28
-35
-36
-34
-36
-25
-17
-22
-17
-14
-10
-1
5
5
13
15
8
10
15
8
8
5
-1
-3
-14
-24
-23
-27
-33
-26
-22
-23
-21
-18
-15
-9
-1
5
8
14
26
35
43
47
56
62
59
63
62
59
56
54
50
38
31
21
13
2
-8
-8
-9
-21
-34
-26
-23
-27
-30
-34
-32
-26
-17
-19
-17
-4
-2
6
7
5
13
14
12
20
25
26
23
22
24
26
26
26
28
26
23
27
28
25
20
20
26
23
21
26
32
30
34
43
52
52
47
44
39
36
30
27
19
6
-2
-7
-20
-34
-44
-46
-51
-64
-73
-68
-69
-81
-94
-94
-97
-106
-106
-100
-97
-99
-95
-91
-92
-88
-87
-79
-74
-78
-74
-65
-67
-79
-79
-71
-65
-65
-63
-56
-46
-40
-44
-33
-17
-9
0
3
5
14
21
27
39
53
60
60
62
62
63
74
76
67
66
67
73
73
65
69
67
68
68
69
82
85
87
87
80
79
76
75
75
79
87
97
98
95
101
93
86
77
64
67
61
47
41
33
25
21
20
7
-5
-8
-18
-29
-32
-28
-35
-40
-47
-54
-52
-50
-50
-45
-42
-50
-55
-55
-57
-60
-55
-51
-54
-45
-40
-39
-29
-31
-36
-32
-32
-36
-29
-20
-20
-14
-3
-4
1
1
-3
1
3
3
9
15
15
20
21
15
16
11
6
7
9
7
7
5
3
0
-1
-3
-15
-24
-25
-29
-34
-43
-50
-42
-40
-41
-33
-31
-27
-22
-23
-21
-18
-21
-22
-24
-21
-24
-20
-13
-15
-15
-8
-7
-4
4
5
14
20
18
20
21
19
16
18
22
17
17
24
18
23
25
14
14
14
8
8
9
5
5
3
1
-2
-1
-10
-13
-4
-1
2
5
4
14
25
23
35
34
29
33
28
28
29
20
15
17
14
11
4
1
6
0
-3
-5
-15
-29
-32
-22
-25
-27
-27
-25
-16
-18
-21
-7
-4
-11
-5
-1
5
5
6
17
7
1
9
5
-2
2
5
5
8
3
5
12
5
-5
1
2
-7
0
5
4
6
10
15
14
8
10
14
8
10
10
7
5
1
1
-3
-8
-13
-21
-21
-29
-27
-20
-35
-40
-37
-42
-51
-57
-57
-59
-59
-65
-71
-64
-53
-54
-51
-49
-52
-46
-42
-37
-28
-23
-24
-22
-12
-5
-2
-1
6
8
17
32
37
34
39
49
52
57
59
73
78
77
81
85
94
89
83
74
81
72
57
66
62
58
61
59
53
50
42
39
35
29
29
33
27
27
36
35
29
26
21
34
37
20
21
23
16
9
5
-1
-6
-7
-12
-8
-7
-13
-12
-8
-12
-18
-24
-26
-36
-46
-43
-41
-44
-48
-39
-34
-40
-33
-27
-25
-33
-37
-23
-23
-35
-41
-38
-34
-34
-37
-46
-51
-62
-66
-60
-70
-78
-70
-65
-65
-60
-64
-55
-36
-30
-13
0
-4
6
22
37
46
45
39
48
52
42
37
38
37
35
33
34
32
28
31
26
18
14
24
23
3
-12
-17
-12
-15
-26
-34
-43
-41
-32
-39
-42
-29
-21
-18
-10
-16
-14
-3
-6
-4
2
1
4
10
4
6
23
32
22
13
23
30
27
27
30
33
34
28
30
38
38
40
38
28
25
26
24
11
-3
-4
0
-9
-24
-22
-17
-16
-16
-15
-10
-6
-8
-10
-2
4
-3
0
-3
-12
-15
-15
-12
-16
-21
-22
-22
-21
-23
-17
-14
-14
-20
-16
-5
-5
-8
-10
-9
-3
-1
-1
1
3
4
11
10
1
2
1
3
5
0
-1
-3
-4
-7
-8
-5
-3
-3
-5
-4
-3
2
5
5
2
4
6
9
14
11
12
19
17
15
20
20
22
22
22
20
16
13
13
15
18
15
9
6
4
11
11
4
4
1
2
5
2
-1
-3
-5
-8
-10
-13
-16
-13
-10
-10
-17
-18
-15
-10
-13
-18
-18
-15
-18
-28
-28
-24
-23
-23
-24
-21
-24
-26
-24
-18
-18
-21
-20
-11
-7
-4
2
0
3
7
11
13
6
12
23
24
18
21
26
24
22
24
22
16
15
17
21
15
8
14
17
17
15
17
21
18
19
15
11
7
13
12
5
5
7
5
-1
-1
2
8
2
-7
-6
-7
-10
-13
-7
-1
-6
-12
-12
-7
-4
-4
-5
-7
-4
0
-1
-8
-9
-10
-10
-5
-12
-18
-12
-5
-13
-18
-11
-12
-12
-12
-20
-26
-24
-21
-18
-22
-24
-21
-15
-17
-15
-7
-3
-1
3
2
-1
4
10
8
11
16
19
19
23
22
19
19
14
10
12
7
6
5
1
0
-4
-3
-1
-3
-9
-8
-7
-15
-9
-6
-10
-11
-8
-2
5
6
1
10
16
13
12
12
12
14
26
30
25
25
34
34
28
27
22
22
18
13
16
15
15
14
12
14
13
8
2
5
3
-2
-3
0
5
8
1
-1
4
-4
-6
-7
-10
-10
-11
-14
-13
-13
-12
-17
-20
-22
-29
-27
-32
-36
-36
-43
-47
-57
-60
-56
-61
-67
-69
-62
-58
-68
-72
-62
-64
-64
-60
-56
-44
-41
-41
-29
-24
-25
-33
-30
-26
-24
-20
-19
-13
-4
0
-1
2
2
2
10
11
16
28
39
46
50
57
61
62
60
63
77
81
74
84
102
98
94
98
98
98
98
93
95
100
94
89
91
82
75
73
65
57
54
52
46
41
39
39
33
25
22
25
18
13
18
20
11
12
10
3
0
-7
-10
-15
-17
-19
-29
-31
-38
-44
-45
-47
-48
-54
-54
-55
-61
-67
-70
-70
-78
-77
-73
-75
-80
-73
-70
-75
-74
-74
-73
-72
-69
-64
-62
-61
-59
-55
-53
-58
-55
-49
-47
-45
-43
-40
-39
-37
-29
-26
-26
-19
-10
-6
-3
3
12
14
13
17
26
26
25
32
37
33
34
39
41
42
43
44
42
46
46
44
50
49
46
54
57
51
51
58
58
49
52
53
49
48
42
39
37
32
30
29
27
19
14
14
12
6
5
5
-3
-7
-6
-7
-11
-11
-8
-12
-14
-19
-19
-16
-15
-19
-21
-23
-27
-26
-24
-29
-33
-34
-34
-41
-43
-37
-39
-41
-38
-43
-45
-46
-47
-46
-40
-43
-46
-39
-38
-36
-31
-30
-28
-19
-17
-15
-10
-6
2
9
9
9
12
19
26
27
28
33
32
31
32
33
31
32
33
29
32
27
23
29
29
25
27
23
20
25
30
28
27
25
30
33
32
30
32
37
34
32
33
35
37
37
39
34
29
30
31
28
29
27
21
17
17
11
6
4
-7
-9
-10
-18
-27
-31
-27
-30
-34
-39
-44
-48
-47
-47
-51
-49
-53
-57
-57
-56
-57
-56
-59
-65
-63
-66
-65
-65
-66
-63
-61
-63
-62
-57
-56
-59
-54
-48
-44
-39
-37
-35
-31
-23
-16
-16
-18
-11
-6
2
11
10
16
24
23
32
42
37
46
51
51
59
59
60
67
69
70
74
79
77
74
76
79
74
76
77
72
77
74
72
74
68
63
64
61
60
61
60
58
54
50
43
41
40
34
35
29
23
21
17
12
8
3
-5
-12
-17
-24
-29
-40
-52
-56
-63
-68
-71
-75
-80
-81
-87
-83
-85
-91
-91
-91
-85
-82
-87
-87
-84
-83
-75
-71
-72
-71
-72
-70
-69
-61
-55
-60
-59
-53
-47
-33
-31
-34
-22
-14
-9
-1
-3
-5
5
12
15
20
19
21
31
37
44
47
45
47
54
56
62
66
65
64
69
68
68
73
70
69
67
64
63
69
62
57
57
57
58
58
49
45
50
48
45
42
38
37
34
35
35
29
28
26
21
21
18
11
7
2
-1
-3
-9
-17
-21
-28
-34
-38
-48
-50
-50
-59
-67
-69
-75
-80
-87
-89
-88
-93
-97
-98
-104
-103
-97
-97
-98
-96
-92
-88
-80
-77
-71
-58
-51
-45
-37
-26
-17
-9
1
8
17
25
35
45
48
57
65
72
77
77
80
86
89
83
84
89
86
84
85
88
91
86
91
93
88
88
88
86
78
78
79
77
70
63
67
66
58
56
53
47
40
33
28
22
12
4
0
-14
-19
-19
-25
-35
-42
-44
-55
-63
-65
-72
-86
-93
-100
-105
-105
-107
-113
-119
-123
-118
-122
-134
-139
-138
-141
-148
-153
-155
-154
-158
-153
-148
-150
-150
-144
-144
-144
-140
-138
-139
-138
-128
-113
-108
-102
-86
-68
-58
-49
-28
-14
-4
9
18
35
51
57
79
100
110
137
170
185
194
213
236
247
251
263
268
263
258
263
271
263
255
252
248
240
235
223
204
191
180
160
146
132
120
123
121
106
102
117
116
107
117
118
105
96
93
84
78
65
46
40
34
16
0
-7
-19
-42
-64
-78
