SAMPLES:	21722
BITSPERSAMPLE:	16
CHANNELS:	1
SAMPLERATE:	16000
NORMALIZED:	FALSE
-21
-24
-28
-25
-25
-25
-27
-29
-26
-18
-7
0
3
5
6
6
10
13
6
-3
-18
-30
-37
-36
-33
-36
-36
-36
-31
-21
-10
-1
4
5
4
3
5
7
8
8
6
4
4
6
13
16
20
22
19
21
19
20
20
17
8
-2
-8
-11
-7
-6
-8
-16
-20
-18
-15
-11
-11
-13
-11
-6
-1
6
15
22
30
34
36
39
40
40
43
43
40
35
33
31
30
29
28
27
25
24
21
16
13
7
-1
-4
-9
-12
-9
-9
-8
-7
-7
-4
-4
-4
-2
-2
-3
-5
-11
-11
-8
-5
-2
-3
-1
3
2
4
-1
-5
-7
-7
-4
-6
-11
-13
-15
-12
-9
-7
-6
-7
-8
-10
-12
-16
-19
-28
-31
-33
-33
-29
-30
-31
-28
-25
-18
-14
-8
-9
-10
-7
-6
-7
-6
-8
-8
-4
0
6
12
15
16
14
12
12
14
13
9
3
-3
-6
-7
-5
-9
-13
-15
-14
-8
-4
-1
3
7
14
22
24
25
23
20
16
14
10
3
-2
-9
-11
-9
-4
1
6
7
7
10
14
16
17
14
10
6
4
2
0
-3
-7
-10
-15
-17
-16
-14
-8
0
4
11
13
19
25
27
26
19
10
4
-1
-3
-4
-5
-5
-6
-7
-3
-2
-2
0
-1
0
1
4
7
11
12
13
14
12
10
5
1
0
-2
-3
-5
-7
-6
-8
-9
-8
-4
4
8
12
17
21
24
26
22
15
6
0
-8
-16
-25
-27
-30
-30
-26
-25
-22
-17
-15
-11
-7
-9
-9
-8
-10
-10
-16
-21
-23
-26
-27
-27
-29
-27
-24
-22
-17
-14
-10
-9
-9
-10
-13
-15
-17
-20
-20
-21
-25
-26
-23
-21
-19
-19
-17
-14
-13
-8
-2
3
8
15
24
30
33
35
35
34
34
30
25
20
14
5
2
3
4
6
11
19
23
27
32
34
38
42
40
39
40
40
41
40
39
37
37
41
46
50
52
54
58
61
63
60
55
52
42
32
27
17
8
0
-5
-6
-5
-6
-4
-2
1
1
-1
-1
0
-4
-11
-16
-20
-23
-27
-27
-28
-30
-30
-30
-27
-22
-20
-23
-25
-28
-29
-33
-40
-46
-53
-61
-64
-66
-66
-67
-70
-66
-59
-50
-43
-42
-42
-41
-37
-36
-36
-41
-46
-49
-51
-46
-42
-43
-42
-41
-38
-32
-26
-25
-22
-18
-12
-3
5
7
9
15
22
30
34
35
33
29
25
24
21
16
15
10
8
9
8
7
7
6
9
14
23
31
34
36
38
42
49
53
52
51
47
48
49
42
38
39
34
39
40
37
39
34
29
29
24
19
13
8
4
0
0
5
7
7
9
7
12
19
18
19
16
8
10
8
4
7
4
0
-3
-8
-11
-10
-9
-11
-11
-11
-6
-7
-12
-17
-26
-32
-31
-32
-32
-32
-33
-31
-29
-22
-15
-8
3
5
3
5
7
8
7
5
-2
-6
-6
-8
-9
-14
-22
-25
-29
-30
-25
-23
-22
-21
-21
-19
-12
-6
-2
0
1
5
7
9
12
10
9
11
11
9
8
2
1
2
4
6
3
-2
-2
-3
0
7
7
4
1
-3
-5
-4
-4
-3
-7
-10
-10
-11
-8
-4
-3
-3
1
4
8
14
20
23
23
21
17
14
12
8
3
0
-6
-10
-7
-6
-3
0
-3
-1
0
1
4
1
0
-1
-3
-5
-3
0
-2
-1
-1
1
5
5
4
1
-1
-2
4
6
3
6
1
0
6
6
3
-1
-5
-5
0
3
1
-1
-4
-4
1
4
5
4
3
-2
-3
-1
-2
0
-4
-9
-10
-9
-6
1
1
-5
-5
-4
-2
6
7
5
5
4
7
9
5
3
-1
-3
-2
-3
-5
-7
-8
-5
-6
-8
-5
-5
-3
1
2
6
10
7
7
6
2
1
-4
-5
-5
-1
-1
-1
0
-6
-7
-6
-4
1
3
5
5
3
1
3
3
3
-3
-5
-3
-3
2
1
1
-6
-11
-13
-11
-7
-9
-9
-8
-5
1
5
9
9
8
8
4
4
2
-2
-1
1
1
-2
1
1
3
7
10
13
12
12
13
13
12
4
-3
-8
-9
-5
0
6
10
14
13
10
9
8
7
4
-2
-6
-6
-5
-2
-3
-1
1
4
6
8
10
8
9
1
-5
-9
-13
-14
-14
-12
-9
-10
-11
-12
-8
-3
2
3
1
-3
-6
-2
2
6
7
2
1
-3
0
4
4
2
-3
-5
-6
-6
-3
-7
-7
-11
-11
-10
-10
-6
-6
-6
-7
-6
-7
-4
-2
-6
-2
-1
0
2
0
1
-1
-5
-3
-5
-6
-5
-5
-4
-7
-2
-2
0
4
4
6
7
5
4
2
3
4
5
6
4
1
4
6
8
10
6
3
-1
-2
-1
-2
-3
-4
-10
-12
-11
-8
-3
-1
0
2
5
8
14
18
18
17
16
14
14
14
13
13
11
9
12
14
11
13
10
11
15
12
6
1
-5
-10
-10
-9
-10
-11
-16
-20
-12
-6
-2
0
-4
-5
-4
-1
0
0
-2
-5
-6
-3
-1
0
-3
-7
-7
-7
-9
-9
-10
-15
-15
-14
-15
-12
-10
-6
-3
1
3
4
3
3
8
9
4
3
0
-5
-7
-9
-8
-5
-2
1
7
12
16
16
10
8
9
10
8
7
5
1
1
3
8
11
10
9
6
9
9
5
0
-3
-8
-13
-16
-17
-14
-15
-16
-11
-5
1
0
1
0
-1
-4
-8
-10
-11
-12
-13
-15
-17
-22
-24
-24
-20
-16
-14
-13
-12
-7
0
1
4
4
3
3
3
5
6
5
0
-2
-1
2
8
8
9
11
14
21
26
29
30
30
30
32
31
31
31
30
30
30
30
31
33
32
26
22
15
15
17
16
12
6
1
-2
-1
1
0
-1
-1
-1
1
3
2
0
-3
-9
-11
-9
-9
-9
-12
-17
-21
-21
-23
-25
-27
-30
-32
-30
-27
-21
-17
-15
-14
-12
-11
-12
-11
-13
-13
-14
-15
-15
-16
-18
-18
-18
-18
-17
-15
-13
-11
-9
-7
-4
-3
-2
-1
-1
1
2
0
1
2
-1
-3
-3
-3
-5
-8
-8
-8
-8
-10
-8
-4
-4
-5
-6
-5
-4
-7
-9
-9
-10
-10
-6
-2
4
7
12
17
19
20
21
21
22
18
13
14
11
8
6
4
4
4
7
15
20
22
23
23
25
26
27
27
23
20
13
11
13
12
11
12
14
14
12
14
17
17
19
17
16
12
7
5
4
5
5
1
-1
-4
-6
-7
-6
-7
-7
-9
-11
-11
-12
-13
-11
-11
-11
-13
-12
-11
-12
-10
-8
-8
-8
-9
-13
-14
-17
-16
-16
-16
-17
-19
-22
-22
-22
-22
-22
-23
-27
-28
-28
-26
-20
-17
-17
-19
-19
-17
-13
-8
-5
-5
-5
-7
-7
-8
-8
-8
-7
-4
-3
-2
0
2
3
5
6
7
6
6
6
5
4
3
0
0
1
3
6
6
8
10
12
16
17
19
19
20
19
20
19
16
14
14
13
15
14
12
10
7
6
8
8
7
7
4
5
7
7
8
9
11
11
13
14
13
10
8
9
9
10
8
7
6
5
5
5
5
7
9
11
14
18
20
21
23
23
25
26
26
23
17
12
10
8
4
-2
-9
-17
-22
-24
-26
-25
-24
-25
-24
-23
-22
-20
-18
-16
-11
-7
-1
1
1
-2
-2
-4
-4
-6
-10
-12
-14
-15
-16
-18
-21
-22
-23
-21
-18
-16
-12
-11
-10
-9
-9
-11
-10
-10
-9
-5
-5
-5
-8
-9
-11
-11
-11
-10
-8
-5
0
0
3
3
2
2
2
3
2
1
-1
-1
-2
-2
-2
-3
-3
-4
-4
-4
-6
-4
-3
-2
2
8
11
13
15
15
14
17
20
22
22
19
15
12
10
9
7
5
6
7
6
4
2
-1
0
1
5
9
12
14
15
16
16
17
14
12
10
11
11
12
8
9
9
8
6
3
-1
-6
-9
-13
-17
-19
-19
-17
-10
-3
3
10
13
16
17
16
13
12
7
-1
-8
-11
-13
-12
-10
-9
-9
-8
-6
-9
-14
-16
-18
-17
-14
-14
-12
-12
-11
-8
-7
-7
-10
-11
-11
-12
-9
-9
-11
-9
-10
-10
-13
-16
-17
-16
-16
-17
-14
-10
-10
-5
-2
1
7
10
12
11
8
6
5
6
3
0
-4
-5
-8
-9
-8
-5
-2
1
5
5
4
3
0
-2
-1
-3
-2
0
0
4
5
7
12
19
20
21
17
12
10
12
13
16
18
19
19
21
23
24
24
25
26
24
21
15
11
9
6
4
4
4
2
0
0
-1
-1
1
2
1
2
-1
0
2
1
0
0
3
5
6
5
0
-2
-5
-7
-8
-12
-16
-20
-23
-27
-29
-27
-28
-25
-24
-24
-21
-21
-18
-12
-9
-2
2
5
7
5
4
2
1
-2
-3
-5
-7
-8
-12
-13
-15
-17
-17
-16
-15
-15
-16
-16
-16
-13
-10
-10
-8
-6
-4
-1
4
8
14
20
20
22
22
22
21
16
13
12
8
4
-1
-5
-5
-6
-3
-1
-2
1
2
8
13
16
20
18
16
17
18
22
25
27
31
34
33
31
29
26
22
18
14
7
1
-8
-15
-20
-21
-19
-18
-15
-15
-13
-8
-3
2
5
3
-1
-6
-6
-4
-1
5
8
11
13
11
11
10
6
5
2
-5
-11
-18
-25
-30
-33
-33
-31
-27
-24
-21
-20
-16
-11
-7
-6
-8
-13
-17
-19
-18
-14
-7
-5
-4
-1
-2
2
8
14
14
12
9
5
3
0
-5
-10
-18
-25
-27
-25
-24
-22
-18
-16
-9
-2
1
4
6
9
13
20
29
35
39
37
35
34
33
35
36
37
35
33
29
21
14
6
-4
-11
-15
-17
-17
-16
-14
-11
-8
-2
4
9
14
18
22
23
27
28
26
23
19
11
7
-2
-7
-11
-15
-17
-18
-20
-22
-24
-25
-27
-31
-31
-33
-32
-31
-32
-32
-30
-27
-26
-23
-19
-11
-1
7
15
21
22
21
20
14
9
5
-3
-9
-16
-22
-28
-30
-30
-26
-21
-15
-6
2
8
15
20
22
22
20
16
11
6
3
-3
-3
-4
-4
-1
2
7
11
16
18
21
21
23
21
22
16
12
6
-2
-7
-12
-14
-17
-18
-17
-14
-9
-2
5
12
19
25
30
33
35
35
30
27
17
8
-3
-14
-21
-27
-28
-30
-30
-27
-26
-22
-18
-13
-8
0
9
14
22
26
31
34
33
30
26
19
14
10
2
-4
-11
-17
-24
-27
-24
-23
-20
-20
-19
-18
-16
-11
-7
-6
-3
-4
-1
4
8
15
16
18
15
9
6
2
-1
-6
-13
-15
-20
-19
-18
-20
-16
-15
-13
-10
-10
-8
-7
-5
-3
-5
-5
-5
-5
1
2
4
4
3
3
3
6
9
12
15
10
9
8
9
12
11
11
10
7
6
5
6
3
-3
-5
-7
-10
-10
-11
-10
-10
-9
-7
-4
0
4
10
12
16
18
17
18
18
19
25
26
24
20
14
11
6
2
-2
-8
-13
-17
-18
-16
-15
-14
-11
-11
-10
-8
-2
2
5
8
8
12
10
10
8
5
3
2
1
-1
-2
-1
1
2
1
-1
-1
0
-1
0
1
-1
-4
-7
-9
-9
-11
-15
-18
-22
-23
-21
-17
-10
-7
-4
-2
0
5
8
8
9
8
6
5
4
1
0
-1
-6
-11
-15
-16
-17
-14
-11
-8
-2
-3
-2
2
4
6
6
3
2
-1
-1
5
4
7
7
2
0
-2
-3
-4
-6
-8
-7
-4
0
3
7
12
14
15
14
13
11
10
8
4
3
-1
-2
-2
-1
3
8
11
7
7
4
2
1
-2
-3
-1
-3
-1
3
2
5
4
4
7
5
6
3
3
2
0
1
3
3
6
8
9
11
11
9
6
0
-5
-10
-11
-11
-9
-4
-4
-7
-7
-6
-4
-1
0
1
3
4
8
11
12
11
8
6
3
3
4
2
1
-1
-3
-5
-8
-11
-14
-16
-14
-15
-12
-9
-9
-10
-12
-13
-15
-16
-14
-14
-14
-14
-14
-15
-13
-10
-12
-13
-13
-13
-12
-11
-10
-6
-6
-5
-3
0
2
1
1
1
0
0
0
-1
-2
-4
-5
-7
-8
-6
-4
-2
4
8
13
17
19
24
25
27
26
23
22
21
18
14
13
11
9
8
8
6
4
4
4
6
6
10
12
14
15
17
18
21
23
25
24
21
18
15
12
11
8
6
5
5
4
5
6
7
8
11
11
11
11
9
7
5
3
2
1
-2
-4
-7
-10
-13
-15
-15
-14
-17
-18
-18
-18
-16
-14
-11
-8
-6
-5
-3
-3
-1
0
-2
-2
-6
-10
-13
-16
-17
-17
-19
-18
-19
-22
-22
-22
-24
-22
-22
-20
-18
-18
-16
-14
-11
-8
-5
-3
-3
-2
-4
-7
-9
-13
-18
-18
-18
-21
-21
-21
-23
-19
-16
-12
-8
-5
-4
-3
-2
0
3
6
9
9
10
11
11
12
14
14
13
12
11
11
10
6
7
7
7
7
11
12
15
18
19
21
22
22
25
24
22
20
20
17
16
15
15
16
15
17
17
17
16
16
13
11
9
4
2
-1
-3
-2
-3
-3
-2
-2
0
1
4
5
6
6
6
5
3
0
-1
-2
-2
-2
-6
-7
-7
-6
-6
-7
-7
-8
-10
-10
-9
-9
-9
-7
-6
-6
-5
-6
-4
-2
0
0
-1
-3
-4
-4
-4
-6
-6
-7
-8
-9
-7
-7
-4
-4
-3
-2
0
1
1
0
-2
-4
-8
-11
-13
-14
-13
-12
-11
-8
-5
-1
0
1
-1
-2
-1
-1
0
-2
-4
-7
-7
-5
-2
0
1
2
1
-1
-1
-2
-3
-6
-8
-10
-9
-8
-5
-3
-1
0
3
6
10
13
14
12
11
11
11
12
11
6
0
-4
-5
-5
-5
-5
-6
-8
-5
-2
2
5
6
6
5
6
7
9
12
14
16
16
18
17
15
10
7
2
-5
-8
-13
-15
-16
-17
-14
-9
-5
-1
3
4
5
7
10
11
14
13
11
8
3
2
1
3
2
2
1
1
2
4
4
5
4
-1
-3
-4
-4
-3
-2
-3
-2
0
0
-1
0
-2
-1
-1
0
-1
0
0
0
-1
-2
-2
-1
-3
-3
-4
-4
-6
-9
-11
-11
-11
-11
-11
-12
-12
-14
-11
-10
-6
-3
-5
-5
-6
-5
-3
-2
2
2
0
-1
-2
-3
-1
-4
-6
-7
-9
-8
-7
-5
-3
-2
-1
2
8
11
11
10
4
3
-1
-3
-5
-6
-6
-12
-13
-10
-6
2
7
13
18
21
23
27
28
27
23
16
9
3
-1
-5
-8
-10
-9
-8
-5
3
8
13
17
18
23
24
23
23
20
15
12
6
5
5
3
3
3
3
5
5
6
6
8
7
5
3
1
0
-5
-4
-6
-6
-4
-6
-5
-4
-5
-5
-6
-5
-4
-4
-7
-6
-6
-10
-11
-12
-13
-14
-15
-14
-13
-12
-12
-14
-13
-11
-11
-13
-13
-14
-14
-17
-20
-19
-20
-21
-20
-19
-16
-11
-8
-6
-6
-6
-6
-7
-10
-12
-16
-20
-21
-22
-20
-18
-17
-16
-13
-8
-2
2
7
8
10
9
9
9
9
9
7
6
6
6
9
13
15
17
19
21
23
27
27
25
25
22
21
20
21
21
19
16
13
12
11
9
8
6
3
3
5
9
15
17
19
20
21
23
24
24
21
17
13
9
6
3
2
0
0
-2
1
5
8
11
10
12
14
13
10
7
2
-3
-6
-9
-9
-8
-10
-12
-15
-16
-13
-12
-11
-11
-14
-13
-12
-13
-11
-10
-10
-10
-10
-12
-13
-13
-16
-18
-20
-20
-21
-23
-24
-24
-23
-21
-20
-19
-18
-17
-18
-15
-16
-15
-13
-12
-13
-13
-15
-18
-18
-20
-20
-20
-20
-21
-18
-16
-12
-3
1
6
7
7
8
9
9
9
6
6
4
3
3
3
4
6
9
11
12
12
12
11
10
10
10
10
13
14
19
24
28
31
33
34
31
28
23
19
15
13
10
8
11
10
15
21
26
32
35
38
38
33
29
23
16
10
6
1
0
-3
-4
-2
-2
1
3
6
7
8
9
11
10
9
6
4
1
-4
-8
-12
-18
-19
-18
-19
-20
-22
-21
-21
-20
-17
-16
-16
-13
-12
-10
-7
-6
-5
-6
-10
-13
-18
-22
-28
-36
-39
-42
-43
-39
-34
-27
-19
-11
-3
2
4
7
3
1
-4
-11
-14
-19
-24
-27
-31
-30
-31
-28
-22
-17
-9
-3
2
7
13
13
17
17
16
17
14
11
6
1
-3
-6
-10
-10
-8
0
6
8
14
20
28
34
34
34
32
30
32
25
15
9
5
5
4
1
-2
0
3
9
8
5
7
12
18
21
22
25
30
30
27
26
24
20
17
14
10
8
7
14
12
6
6
18
33
39
39
41
50
57
57
45
21
5
5
6
-10
-34
-39
-25
-14
-18
-18
-16
-21
-24
-13
-10
-20
-29
-29
-29
-41
-52
-50
-53
-72
-79
-69
-63
-66
-68
-68
-74
-72
-57
-44
-50
-62
-50
-27
-18
-17
-18
-14
-9
-6
-3
3
-1
-16
-12
-2
0
1
-1
-6
-6
4
20
41
46
34
35
44
48
41
24
7
5
11
6
-12
-27
-31
-21
-16
-14
-10
-5
1
10
26
39
45
51
55
59
59
56
55
53
52
52
54
49
41
48
53
50
48
56
71
78
78
79
80
73
64
61
49
30
17
9
-7
-31
-44
-45
-44
-50
-54
-46
-41
-35
-34
-39
-40
-41
-39
-37
-36
-40
-46
-45
-40
-40
-50
-61
-72
-88
-97
-93
-93
-96
-96
-94
-81
-62
-51
-46
-39
-39
-46
-52
-60
-75
-97
-119
-139
-159
-169
-159
-141
-141
-145
-120
-75
-42
-37
-34
-14
-1
-5
-3
1
-3
-6
0
7
-4
-22
-20
-12
4
60
158
219
174
84
75
186
310
317
255
277
442
587
520
341
340
574
762
690
497
448
544
595
550
487
443
408
399
400
322
174
88
119
131
33
-68
-109
-173
-298
-393
-375
-343
-379
-425
-448
-488
-550
-550
-482
-435
-423
-385
-335
-326
-341
-334
-332
-373
-350
-191
-69
-161
-322
-317
-192
-148
-166
-129
-101
-171
-221
-149
-81
-144
-223
-154
-43
-58
-128
-126
-118
-184
-207
-149
-125
-193
-273
-294
-318
-358
-349
-294
-302
-393
-439
-393
-359
-385
-406
-367
-308
-270
-250
-257
-281
-265
-183
-70
21
55
51
59
96
155
225
289
297
274
297
370
419
391
341
371
499
651
720
703
669
662
727
844
914
905
917
1009
1085
1052
965
961
1064
1140
1131
1137
1159
1081
912
810
838
850
755
615
504
390
235
95
12
-74
-205
-316
-393
-518
-720
-884
-964
-1031
-1109
-1152
-1173
-1265
-1403
-1458
-1374
-1253
-1164
-1113
-1084
-1084
-1041
-870
-674
-613
-654
-540
-233
-26
-123
-341
-300
41
362
368
156
87
233
367
362
294
236
175
168
218
171
-28
-170
-123
-82
-196
-334
-369
-455
-650
-739
-642
-582
-703
-799
-800
-842
-910
-838
-679
-652
-714
-658
-473
-363
-377
-341
-192
-87
-28
64
181
233
208
248
376
525
572
513
452
459
514
561
627
655
589
478
466
514
496
479
551
725
799
729
708
803
926
973
1007
1154
1403
1602
1591
1435
1409
1677
2042
2085
1869
1835
2078
2236
2009
1676
1645
1765
1654
1344
1077
853
567
268
51
-103
-326
-591
-816
-1069
-1366
-1609
-1746
-1863
-2006
-2136
-2203
-2281
-2444
-2540
-2497
-2420
-2373
-2308
-2198
-2056
-1928
-1856
-1787
-1698
-1520
-1188
-873
-797
-851
-710
-342
-39
-52
-164
5
453
784
706
446
393
612
848
901
813
676
540
508
545
449
214
99
193
185
-94
-382
-473
-537
-648
-670
-592
-590
-745
-907
-961
-959
-944
-840
-741
-778
-817
-723
-567
-475
-459
-355
-105
96
142
147
194
313
473
564
584
615
640
622
597
647
761
827
850
835
751
671
687
747
737
767
944
1120
1127
1028
1069
1283
1438
1471
1477
1576
1836
2092
2066
1811
1737
2058
2408
2329
2006
1952
2223
2403
2200
1810
1572
1590
1656
1502
1100
654
398
282
87
-258
-621
-839
-970
-1171
-1467
-1752
-1917
-2035
-2199
-2384
-2543
-2672
-2772
-2864
-2974
-3037
-2982
-2848
-2755
-2749
-2687
-2515
-2340
-2210
-2070
-1855
-1559
-1287
-1134
-1048
-912
-688
-434
-260
-142
41
301
512
544
456
487
713
906
868
722
680
709
622
470
405
404
343
245
192
88
-109
-280
-359
-406
-473
-528
-604
-735
-842
-807
-660
-567
-560
-517
-377
-282
-272
-177
9
181
327
466
535
512
505
609
773
863
887
965
1075
1148
1160
1129
1147
1228
1298
1300
1258
1187
1086
1033
1064
1075
953
861
910
974
952
890
913
981
1023
1068
1082
986
928
1129
1367
1330
1171
1225
1486
1623
1489
1309
1320
1486
1584
1439
1130
974
1077
1135
898
495
271
243
133
-184
-571
-820
-954
-1101
-1334
-1627
-1912
-2130
-2255
-2377
-2558
-2737
-2817
-2840
-2920
-3038
-3080
-2999
-2892
-2810
-2711
-2556
-2402
-2304
-2190
-1993
-1757
-1501
-1275
-1091
-887
-683
-490
-306
-105
92
260
430
606
728
718
705
830
1017
1078
988
927
940
912
806
688
595
526
490
470
360
147
11
37
55
-32
-109
-92
-77
-156
-267
-303
-270
-241
-188
-111
-81
-75
3
172
313
361
404
534
701
785
776
757
793
873
928
936
943
988
1032
1040
1040
1039
1001
931
888
870
815
724
676
637
516
405
436
532
542
483
477
525
609
768
899
830
722
922
1319
1386
1052
892
1203
1530
1426
1113
1044
1243
1410
1321
1029
805
865
1058
1004
595
194
98
102
-64
-408
-716
-845
-914
-1094
-1415
-1712
-1841
-1873
-1968
-2172
-2360
-2430
-2467
-2553
-2670
-2740
-2687
-2552
-2448
-2476
-2592
-2579
-2361
-2149
-2079
-2032
-1873
-1623
-1398
-1247
-1138
-1008
-734
-368
-109
-17
50
239
455
561
633
755
877
942
953
919
837
795
870
918
778
588
550
528
395
285
282
269
157
65
40
-37
-165
-165
-19
59
-17
-101
-107
-58
35
154
217
206
264
416
534
543
561
679
808
868
918
998
1026
1031
1002
949
915
934
966
902
797
756
815
808
648
530
546
583
556
491
422
374
460
687
701
409
279
568
862
749
528
744
1234
1382
1156
948
1058
1399
1669
1673
1494
1481
1730
1881
1633
1314
1340
1441
1286
1000
825
668
347
46
-128
-329
-628
-852
-1021
-1395
-1843
-2025
-1997
-2119
-2478
-2764
-2800
-2815
-2942
-3101
-3219
-3225
-3086
-2855
-2744
-2831
-2868
-2629
-2303
-2132
-1970
-1664
-1384
-1274
-1151
-852
-560
-481
-417
-126
212
276
197
257
380
432
508
688
775
637
534
637
684
517
396
526
650
497
252
160
143
62
-16
-10
-38
-152
-200
-166
-211
-349
-336
-113
38
-10
-30
145
298
312
377
606
787
819
821
834
837
839
961
1050
958
878
1003
1124
1010
844
776
830
951
1075
988
736
685
837
913
726
547
562
575
578
686
760
647
526
658
868
921
886
850
937
1182
1503
1571
1304
1132
1438
1853
1838
1562
1472
1677
1796
1681
1486
1394
1350
1179
995
892
736
434
118
-55
-132
-352
-692
-982
-1216
-1468
-1736
-1870
-1949
-2160
-2406
-2551
-2638
-2777
-2965
-3045
-3030
-3022
-2927
-2747
-2722
-2920
-3029
-2775
-2383
-2247
-2267
-2210
-1986
-1666
-1461
-1408
-1445
-1281
-793
-406
-458
-662
-501
-38
231
185
180
339
408
452
567
560
395
386
659
792
538
291
360
405
244
177
280
279
78
-18
74
24
-172
-115
137
130
-96
-155
30
173
201
297
416
459
526
641
665
648
824
1083
1206
1234
1218
1294
1419
1542
1575
1426
1454
1669
1706
1493
1385
1560
1671
1471
1310
1373
1304
1035
931
1147
1313
1319
1363
1286
1034
937
1096
1231
1062
939
1252
1597
1536
1063
792
1082
1471
1466
1140
1042
1243
1290
1053
874
888
866
701
604
573
277
-158
-314
-230
-307
-596
-763
-825
-1140
-1573
-1754
-1703
-1735
-1970
-2159
-2297
-2566
-2832
-2914
-2936
-3048
-3156
-3059
-2899
-3025
-3352
-3446
-3199
-2946
-2853
-2808
-2703
-2618
-2579
-2433
-2251
-2143
-1971
-1601
-1266
-1201
-1257
-1126
-774
-491
-326
-156
-16
21
65
256
421
418
425
619
812
682
474
481
579
611
626
745
772
598
497
579
637
577
604
767
844
734
661
719
792
855
969
1133
1176
1147
1192
1281
1298
1316
1460
1624
1678
1619
1572
1592
1664
1659
1672
1767
1795
1666
1420
1399
1547
1626
1576
1424
1316
1362
1352
1194
1111
1229
1476
1526
1393
1270
1140
1041
1117
1228
1263
1366
1480
1295
855
817
1219
1350
931
627
908
1161
874
427
310
408
471
454
344
25
-456
-667
-594
-631
-896
-1185
-1304
-1470
-1802
-2085
-2191
-2264
-2414
-2525
-2518
-2546
-2754
-2982
-3075
-3079
-3049
-2947
-2833
-2888
-3106
-3202
-3042
-2870
-2865
-2843
-2649
-2458
-2445
-2440
-2302
-2138
-1959
-1719
-1449
-1284
-1313
-1273
-1003
-716
-557
-394
-126
45
34
63
220
358
449
614
821
887
782
715
826
938
973
1045
1138
1155
1099
1086
1067
970
932
1016
1140
1128
945
788
809
953
1073
1133
1154
1126
1140
1214
1210
1199
1313
1549
1711
1694
1628
1592
1578
1612
1724
1852
1912
1924
1908
1817
1781
1925
2028
1900
1746
1801
1876
1749
1599
1672
1782
1724
1582
1469
1386
1268
1156
1109
1251
1478
1420
1004
644
754
1096
1120
760
479
535
678
545
180
-26
-68
-150
-237
-306
-496
-870
-1181
-1201
-1109
-1229
-1512
-1664
-1783
-2053
-2242
-2282
-2384
-2575
-2718
-2748
-2875
-3195
-3374
-3354
-3444
-3597
-3492
-3209
-3244
-3607
-3780
-3526
-3182
-3107
-3101
-2961
-2810
-2691
-2541
-2413
-2357
-2249
-1837
-1318
-1224
-1459
-1449
-1031
-597
-421
-283
-69
105
237
360
457
465
613
1007
1290
1201
988
1035
1199
1227
1211
1281
1364
1313
1217
1220
1217
1109
1115
1305
1414
1342
1233
1219
1267
1329
1480
1649
1713
1683
1613
1653
1744
1820
1949
2096
2178
2202
2219
2251
2254
2172
2191
2328
2380
2282
2192
2195
2142
2060
2039
1991
1820
1609
1444
1406
1419
1489
1491
1166
860
951
1156
875
350
299
760
1117
917
311
-94
85
619
876
411
-167
-82
366
425
-11
-376
-342
-218
-209
-303
-602
-1002
-1198
-1098
-1032
-1271
-1534
-1654
-1851
-2152
-2393
-2435
-2480
-2687
-2812
-2857
-3052
-3329
-3438
-3434
-3556
-3679
-3512
-3260
-3358
-3731
-3800
-3421
-3103
-3121
-3155
-2915
-2616
-2506
-2537
-2518
-2375
-2032
-1594
-1291
-1233
-1311
-1191
-821
-479
-302
-107
163
415
572
685
739
771
912
1210
1461
1418
1287
1308
1449
1524
1457
1434
1502
1524
1491
1467
1493
1505
1450
1450
1545
1574
1463
1314
1299
1473
1670
1768
1721
1640
1690
1825
1829
1734
1787
2018
2266
2289
2210
2202
2242
2301
2365
2379
2326
2311
2334
2283
2131
1996
1906
1727
1469
1381
1357
1186
1082
1222
1344
1070
592
450
650
639
368
222
442
740
678
288
-152
-238
98
499
461
18
-172
31
143
-27
-233
-308
-379
-491
-498
-587
-982
-1423
-1544
-1399
-1371
-1600
-1879
-2120
-2344
-2479
-2539
-2627
-2767
-2864
-2912
-3047
-3255
-3366
-3322
-3300
-3423
-3437
-3218
-3052
-3186
-3476
-3527
-3266
-2970
-2842
-2811
-2738
-2648
-2552
-2392
-2189
-2009
-1783
-1407
-1070
-1028
-1079
-863
-468
-225
-108
115
410
528
549
740
953
1015
1116
1431
1666
1570
1453
1630
1840
1785
1708
1795
1808
1613
1484
1607
1764
1688
1568
1641
1768
1758
1663
1661
1716
1795
1901
1962
1921
1773
1762
1859
1881
1904
2029
2230
2313
2227
2135
2137
2137
2128
2067
2016
2027
1927
1817
1780
1717
1534
1258
1150
1246
1194
973
896
1011
1086
957
661
413
355
400
384
210
73
208
498
385
-215
-492
-164
240
225
-166
-389
-262
-119
-113
-269
-511
-671
-619
-500
-623
-1029
-1384
-1348
-1159
-1229
-1479
-1655
-1829
-2051
-2206
-2265
-2329
-2479
-2614
-2627
-2734
-3002
-3189
-3209
-3196
-3281
-3285
-3111
-3022
-3185
-3359
-3253
-2996
-2881
-2859
-2691
-2439
-2299
-2294
-2254
-2096
-1831
-1501
-1193
-1017
-995
-944
-738
-460
-242
-30
215
409
509
630
748
754
807
1063
1465
1675
1607
1519
1543
1612
1708
1827
1890
1915
1857
1850
1885
1851
1807
1789
1793
1781
1776
1728
1589
1512
1699
1934
1945
1757
1645
1700
1791
1781
1740
1861
2070
2184
2024
1862
1839
1836
1819
1821
1883
1830
1699
1639
1640
1561
1338
1142
1060
1024
927
767
698
717
673
471
233
112
89
73
-10
-53
29
156
165
-97
-330
-126
272
321
35
-92
43
124
8
-25
72
-39
-272
-357
-366
-592
-942
-1054
-951
-970
-1240
-1484
-1615
-1771
-1977
-2102
-2122
-2195
-2277
-2291
-2326
-2544
-2819
-2881
-2794
-2821
-2948
-2958
-2888
-2931
-3050
-3013
-2800
-2647
-2677
-2670
-2495
-2303
-2234
-2232
-2078
-1797
-1545
-1353
-1268
-1259
-1162
-945
-711
-551
-432
-248
12
238
323
339
429
626
859
1061
1194
1208
1159
1237
1387
1459
1426
1375
1365
1341
1322
1303
1325
1402
1466
1410
1272
1247
1361
1463
1514
1610
1754
1904
1906
1850
1823
1896
2076
2056
2001
2109
2302
2333
2176
2088
2132
2131
2065
2046
2005
1932
1926
2023
1916
1624
1409
1345
1264
1033
854
802
819
742
525
268
110
136
154
35
-49
112
364
313
-51
-244
20
405
368
17
-122
-5
101
52
-93
-218
-296
-239
-138
-300
-734
-983
-812
-614
-763
-1107
-1282
-1354
-1508
-1743
-1936
-2031
-2116
-2150
-2197
-2418
-2753
-2918
-2853
-2873
-3071
-3141
-2957
-2782
-2906
-3155
-3128
-2869
-2639
-2543
-2481
-2408
-2365
-2233
-1995
-1864
-1856
-1711
-1320
-1030
-1073
-1142
-1000
-738
-540
-363
-148
30
159
281
415
424
368
533
857
965
798
684
806
947
909
839
867
941
949
991
1045
1004
1025
1240
1464
1452
1310
1312
1533
1670
1603
1570
1697
1897
1993
1957
1879
1877
1966
2124
2220
2225
2296
2391
2487
2513
2403
2272
2286
2459
2505
2331
2120
2021
1947
1778
1585
1391
1254
1211
1305
1274
905
602
604
694
509
231
334
625
662
302
-104
-114
163
370
225
-157
-386
-296
-125
-191
-417
-536
-477
-414
-420
-611
-1036
-1324
-1227
-972
-981
-1284
-1496
-1573
-1724
-1948
-2084
-2120
-2148
-2208
-2273
-2362
-2512
-2544
-2489
-2483
-2608
-2616
-2411
-2327
-2488
-2689
-2626
-2385
-2225
-2166
-2092
-2077
-2132
-2100
-1937
-1855
-1863
-1694
-1340
-1072
-1122
-1240
-1135
-884
-670
-568
-469
-390
-292
-150
-62
-115
-244
-120
210
316
150
-34
17
218
403
570
631
597
551
636
809
829
814
961
1235
1450
1432
1332
1283
1273
1387
1623
1808
1831
1749
1799
1990
2089
2097
2107
2175
2271
2416
2488
2416
2368
2490
2609
2500
2317
2256
2299
2264
2092
1965
1948
1895
1816
1734
1672
1566
1309
1139
1109
1092
1036
855
724
764
791
662
318
48
170
456
546
289
26
46
81
-34
-172
-210
-236
-357
-477
-512
-700
-999
-1082
-977
-957
-1219
-1448
-1452
-1523
-1697
-1787
-1761
-1806
-1935
-1980
-1977
-2118
-2275
-2220
-2095
-2110
-2243
-2249
-2193
-2301
-2425
-2363
-2265
-2354
-2457
-2254
-1939
-1892
-2051
-2076
-1862
-1639
-1553
-1574
-1547
-1383
-1131
-923
-979
-1142
-1094
-833
-672
-760
-865
-841
-712
-582
-500
-498
-580
-574
-359
-183
-237
-344
-274
-32
137
201
270
318
312
366
499
620
713
787
904
1025
1107
1163
1247
1374
1474
1570
1667
1768
1895
1984
2040
2135
2175
2214
2258
2306
2417
2410
2361
2377
2434
2447
2357
2307
2404
2426
2293
2208
2217
2320
2332
2279
2180
2009
1888
1876
1869
1749
1648
1713
1832
1657
1256
921
972
1266
1289
949
564
558
694
551
232
26
-56
-69
-86
-210
-598
-1135
-1342
-1179
-1078
-1382
-1750
-1887
-1988
-2197
-2373
-2314
-2295
-2442
-2490
-2398
-2415
-2699
-2853
-2674
-2500
-2532
-2592
-2530
-2527
-2650
-2666
-2447
-2308
-2358
-2313
-2030
-1812
-1917
-2018
-1864
-1568
-1434
-1447
-1397
-1347
-1291
-1165
-1087
-1146
-1224
-1070
-785
-748
-903
-980
-864
-728
-670
-577
-485
-494
-547
-422
-262
-301
-358
-224
-38
24
109
230
234
203
356
658
830
801
800
929
1060
1132
1259
1394
1442
1525
1678
1748
1618
1566
1786
2079
2199
2113
2053
2121
2271
2298
2173
2110
2201
2381
2440
2419
2425
2312
2198
2228
2306
2296
2293
2411
2447
2329
2143
2086
2138
2036
1806
1721
1899
2086
1984
1557
1129
1110
1420
1484
1075
599
503
662
630
331
-15
-228
-273
-198
-344
-855
-1423
-1570
-1270
-1149
-1444
-1828
-1976
-2079
-2330
-2541
-2610
-2638
-2670
-2601
-2534
-2681
-2960
-3029
-2883
-2803
-2767
-2614
-2444
-2474
-2608
-2519
-2223
-2037
-2057
-1996
-1771
-1574
-1499
-1458
-1351
-1231
-1128
-978
-818
-823
-957
-968
-723
-525
-668
-863
-817
-613
-543
-683
-780
-811
-808
-677
-520
-583
-811
-828
-528
-329
-540
-699
-468
-184
-156
-208
-92
46
113
241
497
671
665
707
869
1061
1132
1163
1306
1409
1488
1590
1649
1657
1707
1849
1907
1872
1891
2000
2171
2218
2182
2130
2073
2083
2143
2251
2294
2340
2393
2243
2003
2037
2335
2472
2356
2277
2316
2316
2228
2183
2120
1980
2034
2350
2443
1970
1373
1310
1701
1890
1610
1176
958
945
872
573
194
-53
-59
23
-112
-598
-1266
-1637
-1528
-1354
-1541
-1967
-2240
-2312
-2448
-2711
-2887
-2893
-2863
-2837
-2784
-2806
-2984
-3127
-3062
-2842
-2680
-2627
-2534
-2419
-2353
-2277
-2144
-2047
-2043
-1909
-1503
-1158
-1240
-1488
-1401
-1040
-818
-902
-993
-883
-768
-798
-933
-978
-953
-947
-941
-898
-861
-918
-1009
-1049
-972
-900
-913
-913
-887
-899
-943
-945
-896
-810
-664
-436
-243
-164
-129
-24
181
416
661
923
1097
1137
1145
1191
1362
1546
1637
1690
1749
1884
1973
1927
1836
1771
1783
1874
1933
1942
1902
1888
1939
1944
1912
1845
1774
1767
1844
1917
1914
1845
1800
1795
1895
2155
2359
2294
2001
1852
2053
2403
2392
2045
2004
2422
2759
2425
1698
1455
1886
2295
2090
1545
1237
1223
1207
906
493
261
173
103
-128
-520
-953
-1317
-1520
-1604
-1732
-1934
-2198
-2540
-2836
-2868
-2776
-2860
-3049
-3130
-2993
-2875
-3080
-3323
-3237
-2948
-2749
-2710
-2591
-2414
-2268
-2163
-2105
-2036
-1920
-1621
-1212
-1026
-1154
-1306
-1130
-698
-597
-874
-992
-677
-287
-361
-810
-1056
-844
-572
-544
-713
-948
-1117
-1060
-878
-869
-1108
-1289
-1103
-768
-797
-1099
-1182
-994
-739
-564
-353
-150
-162
-198
-19
249
382
506
789
1039
1099
1066
1148
1398
1536
1549
1727
1940
1980
1920
1899
2013
2080
1981
1851
1832
1908
1915
1791
1663
1672
1728
1736
1712
1658
1653
1688
1685
1663
1659
1758
1924
2093
2142
1937
1835
2073
2436
2537
2306
2264
2605
2800
2564
2140
1972
2294
2632
2453
1909
1592
1672
1621
1188
775
610
483
269
3
-341
-874
-1407
-1645
-1731
-1906
-2184
-2418
-2663
-3059
-3320
-3240
-3180
-3452
-3714
-3574
-3346
-3480
-3695
-3547
-3171
-2979
-3039
-2941
-2614
-2405
-2384
-2284
-1999
-1725
-1549
-1322
-1052
-957
-976
-800
-472
-375
-483
-383
-95
-66
-332
-418
-191
-82
-312
-542
-531
-506
-637
-797
-875
-969
-1136
-1171
-1034
-1077
-1287
-1313
-1158
-1127
-1248
-1182
-884
-685
-701
-631
-353
-142
-63
114
423
642
744
934
1268
1505
1500
1535
1784
2047
2117
2078
2104
2223
2309
2292
2188
2087
2067
2043
1957
1800
1707
1727
1699
1595
1476
1451
1445
1343
1140
984
1172
1513
1652
1506
1398
1616
1881
1903
1758
1833
2198
2601
2805
2626
2289
2263
2689
3104
2942
2461
2232
2231
2133
1927
1726
1352
883
669
674
353
-471
-1166
-1283
-1220
-1494
-1982
-2348
-2664
-3072
-3340
-3359
-3409
-3598
-3644
-3555
-3598
-3798
-3884
-3681
-3437
-3324
-3161
-2810
-2563
-2582
-2541
-2209
-1819
-1557
-1321
-1019
-759
-721
-681
-381
-80
-24
6
281
582
551
275
41
51
188
302
318
23
-432
-674
-630
-584
-819
-1138
-1192
-1180
-1394
-1649
-1713
-1708
-1749
-1712
-1561
-1396
-1370
-1384
-1216
-1008
-865
-602
-229
84
244
397
646
867
1073
1333
1595
1805
1941
1990
2035
2079
2088
2077
2063
2100
2124
1996
1754
1637
1597
1517
1363
1225
1166
1045
948
963
963
828
740
881
1177
1263
1088
1117
1436
1755
1835
1786
1958
2422
2708
2571
2377
2548
3040
3271
3016
2757
2804
2926
2734
2364
2227
2151
1853
1444
1171
930
409
-168
-422
-602
-1044
-1553
-1836
-2001
-2419
-2944
-3165
-3194
-3379
-3655
-3701
-3672
-3835
-3985
-3877
-3683
-3664
-3603
-3249
-2887
-2816
-2801
-2479
-2012
-1846
-1823
-1434
-839
-591
-613
-469
-173
82
270
442
528
448
498
788
837
396
-12
148
474
293
-208
-457
-508
-695
-944
-1067
-1224
-1514
-1620
-1503
-1586
-1977
-2202
-1983
-1770
-1833
-1769
-1447
-1297
-1424
-1331
-905
-579
-449
-153
360
641
589
717
1137
1453
1542
1686
2025
2258
2231
2101
2096
2237
2325
2342
2288
2148
1983
1874
1850
1725
1459
1285
1258
1230
1062
878
862
948
986
952
935
960
1058
1198
1306
1391
1594
1922
2049
1888
1882
2382
2931
2939
2579
2520
2888
3108
2864
2581
2620
2667
2429
2099
1834
1432
942
644
514
263
-270
-820
-1176
-1541
-2014
-2327
-2431
-2739
-3271
-3521
-3506
-3696
-4112
-4234
-3896
-3672
-3868
-3999
-3734
-3454
-3394
-3173
-2675
-2296
-2185
-2004
-1584
-1246
-1074
-759
-243
122
171
215
494
785
788
737
940
1157
1078
779
562
529
448
227
-3
-188
-428
-732
-940
-1147
-1477
-1782
-1819
-1710
-1870
-2272
-2480
-2408
-2334
-2328
-2174
-1877
-1757
-1766
-1611
-1295
-1043
-839
-432
41
223
308
671
1118
1284
1350
1664
2132
2439
2461
2418
2452
2584
2793
2850
2702
2506
2457
2465
2245
1872
1620
1514
1391
1176
980
856
750
644
556
577
633
701
713
683
912
1355
1603
1451
1326
1682
2323
2688
2620
2526
2684
2914
3030
3010
2904
2882
2908
2794
2423
1989
1636
1318
1027
730
446
20
-537
-1005
-1362
-1717
-2057
-2248
-2412
-2758
-3160
-3414
-3549
-3633
-3705
-3826
-3882
-3771
-3558
-3492
-3635
-3595
-3162
-2652
-2447
-2396
-2161
-1745
-1445
-1306
-1027
-544
-116
13
31
234
574
847
915
832
865
1085
1247
1116
816
693
744
642
253
-90
-203
-390
-725
-1061
-1277
-1426
-1614
-1845
-2097
-2271
-2345
-2352
-2391
-2466
-2442
-2282
-2070
-1900
-1769
-1581
-1330
-992
-619
-362
-150
126
495
861
1080
1269
1576
1912
2166
2273
2229
2252
2437
2591
2569
2391
2311
2350
2278
2006
1679
1581
1601
1460
1189
1041
1053
1058
906
630
562
789
1011
1013
884
967
1328
1528
1348
1143
1417
2062
2415
2280
2100
2223
2565
2735
2610
2529
2621
2713
2591
2236
1908
1670
1452
1249
999
668
255
-117
-454
-870
-1286
-1532
-1640
-1857
-2246
-2662
-2966
-3191
-3413
-3529
-3533
-3552
-3576
-3562
-3570
-3599
-3504
-3207
-2869
-2684
-2497
-2111
-1721
-1500
-1366
-1062
-549
-172
-53
20
201
450
714
922
1018
1041
1062
1136
1124
899
643
524
500
389
77
-283
-610
-895
-1076
-1173
-1320
-1579
-1841
-2019
-2125
-2236
-2372
-2389
-2285
-2224
-2182
-2078
-1896
-1751
-1620
-1324
-939
-692
-553
-343
-6
274
444
695
1029
1303
1450
1600
1749
1848
1954
2072
2130
2118
2137
2240
2266
2095
1906
1802
1773
1702
1538
1376
1377
1524
1574
1357
1088
1087
1290
1410
1342
1331
1494
1752
1910
1738
1496
1649
2217
2637
2426
2103
2298
2716
2810
2525
2301
2392
2531
2452
2097
1655
1387
1256
1159
922
494
67
-278
-611
-1002
-1410
-1702
-1867
-2070
-2353
-2665
-2944
-3201
-3467
-3627
-3625
-3578
-3576
-3551
-3475
-3483
-3509
-3340
-3031
-2779
-2553
-2204
-1849
-1647
-1518
-1264
-791
-384
-244
-167
69
512
795
705
556
639
932
1063
912
634
385
287
293
219
-83
-520
-804
-824
-916
-1249
-1575
-1753
-1874
-2031
-2118
-2075
-2078
-2206
-2269
-2106
-1915
-1839
-1697
-1445
-1267
-1152
-922
-559
-255
-98
81
392
724
938
1111
1352
1591
1762
1945
2155
2305
2352
2296
2282
2395
2550
2522
2267
2132
2174
2155
1947
1696
1615
1688
1816
1763
1427
1150
1273
1610
1629
1312
1279
1694
2002
1808
1504
1581
2045
2467
2376
2044
2024
2350
2536
2369
2139
2091
2151
2076
1814
1506
1222
960
772
566
297
-50
-428
-767
-1136
-1443
-1709
-1917
-2125
-2456
-2714
-2901
-3128
-3379
-3562
-3531
-3473
-3552
-3619
-3573
-3393
-3246
-3156
-3015
-2840
-2571
-2222
-1928
-1725
-1548
-1270
-879
-560
-377
-275
-105
241
565
663
581
572
761
902
824
668
555
416
315
273
140
-155
-469
-502
-469
-742
-1133
-1328
-1303
-1370
-1577
-1649
-1592
-1556
-1637
-1678
-1574
-1489
-1403
-1249
-1068
-904
-704
-422
-218
-126
62
388
662
813
940
1115
1307
1456
1548
1602
1687
1849
1985
1996
1934
1941
2005
1988
1900
1832
1832
1814
1803
1806
1759
1683
1583
1567
1595
1566
1547
1535
1569
1730
1844
1701
1476
1556
1982
2269
2066
1757
1841
2171
2222
1887
1656
1768
1946
1819
1418
1057
870
821
714
468
147
-238
-583
-860
-1120
-1404
-1654
-1812
-1958
-2183
-2514
-2855
-3088
-3146
-3105
-3102
-3185
-3251
-3207
-3140
-3138
-3135
-2945
-2560
-2225
-2077
-2010
-1846
-1561
-1208
-817
-498
-282
-64
206
441
494
448
633
1034
1274
1127
792
678
785
784
611
439
315
120
-132
-360
-574
-813
-1011
-1103
-1200
-1406
-1619
-1760
-1930
-2047
-1960
-1775
-1800
-2000
-1954
-1648
-1466
-1478
-1350
-897
-481
-420
-469
-267
129
414
573
807
1087
1256
1304
1363
1495
1655
1777
1865
1953
2076
2136
1971
1730
1698
1851
1938
1916
1910
1869
1724
1658
1730
1779
1710
1667
1828
2075
2211
2096
1781
1573
1833
2428
2691
2312
1856
2022
2501
2479
1956
1658
1901
2194
2082
1658
1224
913
749
660
551
329
-51
-444
-787
-1141
-1464
-1720
-1913
-2102
-2350
-2568
-2779
-3048
-3322
-3483
-3437
-3337
-3338
-3376
-3362
-3302
-3219
-3009
-2715
-2527
-2422
-2146
-1697
-1382
-1320
-1230
-842
-335
-9
55
103
364
713
905
864
789
883
1086
1164
1021
798
625
477
348
208
31
-176
-354
-473
-690
-1036
-1327
-1475
-1598
-1729
-1801
-1806
-1854
-1989
-2004
-1902
-1862
-1870
-1722
-1383
-1162
-1109
-969
-665
-351
-154
65
368
651
848
983
1176
1413
1600
1709
1805
1903
1978
2003
1947
1931
1946
1920
1855
1777
1803
1836
1765
1641
1581
1651
1780
1789
1647
1580
1700
1974
2165
2050
1855
1933
2316
2603
2482
2244
2260
2542
2694
2541
2385
2326
2261
2117
1969
1798
1513
1170
917
761
496
125
-233
-517
-833
-1256
-1597
-1812
-2040
-2369
-2684
-2909
-3135
-3333
-3494
-3631
-3795
-3934
-3889
-3756
-3700
-3759
-3607
-3220
-2987
-2895
-2748
-2387
-1932
-1648
-1419
-1074
-662
-339
-161
24
295
616
863
960
998
1127
1279
1270
1161
1142
1226
1161
919
674
466
281
47
-99
-191
-435
-703
-947
-1126
-1308
-1491
-1550
-1611
-1663
-1696
-1665
-1648
-1782
-1758
-1494
-1268
-1178
-1101
-898
-687
-561
-384
-130
157
420
656
934
1103
1187
1315
1398
1503
1696
1938
2051
1917
1788
1744
1727
1763
1793
1858
1854
1739
1665
1610
1581
1557
1594
1744
1809
1871
1995
1923
1627
1486
1829
2334
2398
2045
1856
2040
2249
2190
1994
1945
2048
2167
2078
1744
1366
1127
1082
1059
914
581
142
-208
-483
-789
-1115
-1354
-1464
-1625
-1986
-2347
-2620
-2871
-3056
-3132
-3126
-3203
-3372
-3479
-3529
-3600
-3622
-3403
-3074
-2957
-2939
-2788
-2443
-2133
-2013
-1786
-1339
-838
-493
-336
-209
-19
300
691
964
970
917
1065
1311
1391
1232
1086
1052
1060
1005
810
533
223
90
79
-102
-433
-707
-789
-866
-1156
-1388
-1403
-1357
-1398
-1561
-1663
-1631
-1530
-1433
-1339
-1269
-1143
-912
-716
-565
-435
-266
-32
194
444
654
732
784
961
1240
1451
1493
1511
1605
1755
1821
1675
1500
1487
1723
1954
1889
1675
1547
1605
1735
1783
1699
1538
1551
1847
2084
1949
1528
1445
1971
2505
2453
1983
1807
2122
2443
2350
2017
1944
2196
2339
2067
1657
1389
1219
1123
1100
980
588
151
-108
-322
-688
-1109
-1272
-1327
-1570
-1890
-2130
-2340
-2642
-2904
-2954
-2982
-3098
-3252
-3351
-3387
-3463
-3495
-3389
-3161
-2985
-2923
-2804
-2647
-2503
-2259
-1826
-1369
-1119
-997
-693
-237
-19
-63
26
513
1052
1094
760
584
748
966
934
784
660
509
388
294
153
-134
-394
-340
-204
-384
-795
-1043
-1043
-1082
-1186
-1139
-1099
-1262
-1436
-1406
-1261
-1244
-1206
-981
-796
-771
-767
-554
-276
-163
-57
286
707
864
823
893
1074
1204
1328
1497
1676
1745
1701
1670
1663
1678
1717
1745
1822
1902
1845
1689
1599
1701
1868
1845
1710
1803
2119
2148
1760
1520
1808
2336
2504
2195
1961
2165
2532
2518
2123
1955
2245
2503
2309
1851
1564
1546
1503
1263
932
635
434
261
-40
-468
-820
-1027
-1213
-1395
-1564
-1752
-2068
-2434
-2594
-2588
-2698
-3004
-3185
-3082
-2971
-3144
-3403
-3339
-3118
-3078
-3169
-3101
-2755
-2432
-2354
-2300
-2061
-1674
-1292
-1083
-979
-801
-432
9
193
129
143
379
634
691
624
564
448
331
329
345
152
-174
-215
-39
-112
-492
-779
-715
-602
-728
-911
-987
-994
-1024
-1072
-1086
-1140
-1162
-955
-724
-746
-868
-784
-517
-347
-333
-263
-28
248
357
378
519
735
913
984
990
1100
1302
1446
1435
1314
1310
1455
1581
1637
1611
1575
1608
1649
1705
1765
1829
1841
1786
1856
2100
2306
2152
1801
1919
2530
2868
2539
2080
2210
2728
2880
2575
2279
2305
2518
2502
2188
1849
1671
1607
1453
1178
918
635
304
-24
-279
-480
-732
-949
-1152
-1384
-1637
-1889
-2052
-2163
-2305
-2467
-2631
-2708
-2715
-2800
-2990
-3123
-2975
-2711
-2653
-2826
-2978
-2814
-2476
-2311
-2262
-2130
-1877
-1609
-1466
-1385
-1251
-1045
-725
-355
-118
-135
-280
-282
-81
154
220
133
89
91
17
-132
-316
-415
-355
-282
-353
-618
-909
-1065
-1128
-1143
-1172
-1177
-1186
-1280
-1367
-1412
-1407
-1314
-1079
-812
-708
-715
-638
-415
-188
-101
8
328
690
873
798
717
848
1086
1267
1318
1322
1392
1509
1572
1523
1402
1474
1716
1835
1745
1522
1487
1657
1808
1879
1819
1801
1940
2147
2158
1896
1805
2152
2624
2764
2541
2380
2499
2652
2647
2523
2525
2666
2693
2480
2177
1993
1894
1739
1524
1364
1161
826
434
162
7
-192
-410
-588
-770
-1010
-1288
-1524
-1669
-1754
-1782
-1854
-2019
-2187
-2317
-2397
-2515
-2592
-2530
-2390
-2313
-2393
-2467
-2505
-2506
-2402
-2213
-1970
-1824
-1797
-1706
-1513
-1392
-1410
-1366
-1048
-649
-484
-561
-699
-704
-540
-365
-302
-338
-407
-435
-517
-698
-841
-805
-659
-681
-870
-1064
-1182
-1260
-1368
-1395
-1317
-1234
-1211
-1325
-1520
-1614
-1524
-1300
-1097
-967
-845
-703
-598
-543
-399
-125
172
383
491
573
643
747
926
1107
1270
1371
1427
1443
1399
1396
1527
1820
2149
2249
2076
1918
2021
2263
2324
2209
2282
2686
2969
2737
2220
2052
2470
2942
2970
2637
2416
2497
2567
2363
2099
2151
2396
2373
1949
1515
1356
1302
1128
938
913
929
745
350
-50
-302
-348
-260
-212
-363
-663
-918
-1060
-1159
-1248
-1299
-1297
-1290
-1304
-1355
-1525
-1750
-1859
-1727
-1483
-1414
-1484
-1527
-1591
-1768
-1968
-1875
-1502
-1270
-1408
-1685
-1677
-1411
-1280
-1452
-1599
-1340
-852
-647
-939
-1357
-1450
-1182
-880
-803
-888
-1010
-1139
-1203
-1212
-1225
-1262
-1263
-1159
-1090
-1165
-1354
-1556
-1659
-1618
-1413
-1184
-1194
-1424
-1614
-1555
-1374
-1286
-1205
-1051
-914
-873
-875
-802
-666
-529
-361
-103
156
290
318
356
494
724
983
1212
1328
1330
1333
1430
1662
1956
2153
2163
2118
2230
2483
2637
2581
2515
2729
3097
3205
2902
2545
2580
2952
3197
3004
2679
2622
2761
2738
2423
2202
2321
2463
2312
1953
1666
1514
1343
1180
1097
1013
824
613
470
258
-63
-244
-133
1
-160
-463
-606
-659
-820
-1045
-1106
-988
-879
-918
-1078
-1252
-1397
-1404
-1304
-1264
-1287
-1223
-1071
-1128
-1459
-1705
-1581
-1282
-1202
-1324
-1383
-1378
-1400
-1412
-1400
-1415
-1394
-1215
-1012
-1131
-1453
-1596
-1514
-1388
-1331
-1301
-1404
-1664
-1805
-1724
-1687
-1886
-1994
-1757
-1585
-1820
-2112
-2102
-1980
-2028
-2043
-1807
-1679
-1850
-1959
-1835
-1698
-1689
-1612
-1340
-1182
-1246
-1237
-1009
-746
-669
-631
-413
-170
-20
121
290
519
721
897
1088
1240
1413
1514
1581
1771
2063
2305
2300
2229
2326
2546
2726
2794
2863
3027
3257
3365
3215
3001
3137
3532
3656
3430
3249
3379
3481
3220
2916
2890
3048
3026
2730
2459
2250
1985
1733
1604
1540
1330
991
738
576
342
-2
-271
-269
-156
-282
-623
-955
-1063
-1038
-1106
-1191
-1191
-1063
-1002
-1175
-1434
-1549
-1395
-1173
-1109
-1150
-1064
-908
-987
-1223
-1290
-1053
-854
-902
-937
-836
-790
-975
-1207
-1184
-958
-890
-1069
-1272
-1325
-1303
-1428
-1692
-1818
-1716
-1581
-1721
-2103
-2360
-2394
-2328
-2374
-2509
-2571
-2580
-2602
-2742
-2843
-2755
-2602
-2518
-2532
-2490
-2300
-2138
-2113
-2079
-1883
-1585
-1350
-1220
-1057
-891
-780
-644
-439
-127
98
162
163
285
565
771
822
859
1063
1279
1295
1150
1136
1477
1867
1962
1853
1864
2091
2267
2315
2322
2434
2720
3031
3179
2990
2822
3008
3389
3607
3470
3308
3367
3535
3544
3357
3200
3171
3237
3207
2987
2621
2263
2117
2058
1896
1603
1319
1156
978
655
228
-92
-186
-173
-270
-536
-799
-969
-1077
-1233
-1383
-1407
-1339
-1235
-1268
-1392
-1440
-1337
-1196
-1187
-1151
-976
-706
-558
-651
-707
-646
-547
-450
-343
-209
-204
-382
-553
-523
-392
-430
-664
-833
-762
-739
-992
-1377
-1607
-1564
-1499
-1621
-1940
-2306
-2503
-2564
-2628
-2753
-2918
-3017
-3063
-3098
-3177
-3265
-3261
-3219
-3110
-2926
-2760
-2678
-2691
-2627
-2351
-2041
-1818
-1632
-1363
-1053
-944
-868
-586
-201
57
114
194
420
625
659
684
832
1053
1207
1157
1053
1074
1225
1390
1501
1596
1692
1733
1747
1881
2046
2077
2092
2317
2768
3007
2779
2555
2736
3261
3594
3423
3173
3335
3788
3864
3455
3092
3232
3579
3534
3167
2783
2512
2354
2230
2015
1702
1426
1229
962
601
299
129
-23
-220
-383
-518
-667
-856
-1009
-1108
-1176
-1182
-1137
-1113
-1155
-1218
-1240
-1169
-1103
-1057
-904
-692
-584
-692
-800
-606
-315
-260
-411
-384
-101
2
-191
-416
-390
-163
-66
-163
-378
-594
-715
-800
-953
-1153
-1279
-1395
-1686
-2024
-2177
-2296
-2599
-2937
-2990
-2867
-3015
-3392
-3588
-3492
-3410
-3507
-3548
-3397
-3242
-3180
-3147
-3054
-2858
-2579
-2322
-2171
-2053
-1802
-1436
-1193
-1066
-835
-453
-157
-24
124
308
452
548
717
942
1049
1046
1035
1094
1171
1254
1446
1640
1697
1660
1651
1795
1993
2124
2168
2146
2256
2585
2862
2750
2466
2649
3249
3565
3342
3044
3179
3530
3619
3476
3384
3471
3526
3414
3209
2898
2618
2534
2496
2328
2008
1712
1520
1271
917
585
422
346
216
12
-251
-532
-775
-887
-899
-933
-1061
-1184
-1185
-1173
-1222
-1277
-1235
-1076
-938
-872
-793
-717
-653
-599
-547
-394
-249
-187
-122
-90
-72
-76
-127
-129
-77
-50
-125
-315
-485
-572
-695
-888
-1061
-1195
-1348
-1583
-1887
-2192
-2416
-2537
-2589
-2723
-3007
-3281
-3356
-3350
-3505
-3703
-3714
-3560
-3481
-3552
-3574
-3456
-3275
-3092
-2943
-2766
-2536
-2315
-2084
-1891
-1712
-1418
-1037
-724
-555
-417
-223
-27
135
322
561
794
971
1054
1005
949
1033
1272
1543
1671
1658
1617
1656
1795
1985
2130
2159
2166
2366
2718
2877
2676
2447
2653
3211
3532
3355
3103
3201
3515
3595
3398
3224
3268
3466
3532
3295
2854
2506
2457
2536
2406
2022
1685
1548
1393
1071
719
509
414
305
130
-86
-324
-575
-745
-810
-825
-859
-892
-918
-1005
-1101
-1115
-1018
-935
-898
-799
-607
-445
-428
-472
-437
-334
-204
-15
140
157
80
65
183
299
249
46
-95
21
204
65
-409
-774
-789
-731
-896
-1209
-1551
-1954
-2247
-2273
-2313
-2739
-3316
-3429
-3182
-3249
-3725
-4019
-3891
-3785
-3884
-3865
-3703
-3685
-3716
-3510
-3195
-3075
-3038
-2756
-2387
-2238
-2134
-1809
-1405
-1221
-1164
-950
-599
-289
-80
74
221
384
611
804
863
885
1045
1336
1571
1674
1674
1627
1662
1843
2053
2115
2058
2132
2380
2577
2524
2344
2389
2730
3076
3175
3013
2931
3160
3455
3489
3256
3156
3395
3613
3478
3076
2773
2746
2762
2642
2397
2146
1997
1831
1513
1138
866
755
676
488
257
-12
-242
-372
-525
-686
-818
-858
-787
-772
-850
-958
-969
-865
-789
-674
-497
-397
-335
-302
-266
-205
-95
112
250
283
322
389
444
407
309
279
330
435
422
131
-249
-462
-483
-539
-755
-972
-1221
-1591
-1910
-2064
-2197
-2512
-2862
-2897
-2835
-3095
-3553
-3774
-3675
-3677
-3802
-3774
-3674
-3709
-3752
-3599
-3354
-3246
-3166
-2852
-2574
-2531
-2497
-2179
-1720
-1536
-1459
-1258
-983
-797
-713
-512
-264
-54
136
376
566
592
600
760
1075
1325
1463
1516
1522
1602
1734
1888
1965
1957
2083
2385
2607
2493
2246
2277
2632
2999
3067
2909
2879
3144
3358
3225
2977
2984
3267
3418
3247
2944
2713
2582
2486
2395
2240
2013
1790
1589
1316
937
592
430
429
346
90
-204
-467
-661
-818
-891
-901
-897
-903
-944
-984
-1041
-1088
-1002
-788
-591
-440
-331
-242
-181
-120
50
284
440
519
651
835
926
808
650
645
815
1011
946
618
230
43
63
41
-139
-421
-707
-990
-1279
-1503
-1707
-2000
-2251
-2363
-2461
-2722
-3096
-3352
-3455
-3461
-3448
-3473
-3550
-3650
-3657
-3563
-3472
-3409
-3235
-2944
-2766
-2737
-2641
-2360
-2061
-1926
-1806
-1506
-1115
-925
-932
-875
-593
-246
-67
13
110
305
481
520
536
725
1090
1300
1233
1119
1295
1639
1790
1682
1568
1778
2227
2495
2340
2033
2103
2577
2907
2829
2608
2681
2994
3178
3078
2901
2894
3037
3181
3121
2880
2573
2380
2353
2329
2173
1845
1566
1414
1164
787
450
310
248
65
-201
-454
-633
-780
-918
-1018
-1070
-1048
-970
-953
-1044
-1121
-1073
-888
-712
-613
-471
-263
-38
38
5
131
351
628
852
890
918
996
1159
1286
1201
1115
1168
1308
1315
958
611
542
512
353
63
-198
-438
-860
-1231
-1417
-1614
-1957
-2394
-2551
-2607
-2914
-3260
-3429
-3470
-3580
-3693
-3622
-3566
-3691
-3760
-3598
-3348
-3220
-3153
-2998
-2818
-2704
-2494
-2152
-1920
-1834
-1716
-1425
-1195
-1135
-1021
-779
-517
-387
-259
-62
95
64
20
179
476
766
818
804
815
934
1145
1260
1331
1360
1545
1925
2224
2204
1961
1922
2313
2841
3029
2826
2664
2902
3249
3222
2971
2952
3195
3338
3190
2911
2713
2575
2481
2406
2305
2162
1928
1644
1277
908
701
633
543
309
7
-244
-448
-692
-977
-1120
-1052
-938
-935
-1043
-1149
-1208
-1250
-1203
-1004
-728
-572
-544
-452
-295
-100
70
236
433
631
892
1132
1244
1235
1218
1393
1632
1658
1474
1282
1247
1267
1069
726
431
240
71
-191
-527
-938
-1320
-1584
-1790
-2008
-2232
-2502
-2811
-3125
-3373
-3443
-3466
-3571
-3697
-3732
-3645
-3569
-3551
-3504
-3420
-3238
-2986
-2758
-2556
-2443
-2287
-2016
-1722
-1477
-1329
-1175
-985
-788
-585
-411
-268
-163
-52
125
302
416
458
482
587
808
1041
1120
988
882
1013
1219
1307
1253
1348
1667
1916
1844
1557
1568
2041
2531
2565
2376
2446
2784
2983
2843
2707
2822
3055
3138
3030
2866
2701
2563
2461
2361
2263
2111
1907
1646
1299
952
690
594
538
313
-84
-444
-640
-764
-971
-1235
-1338
-1290
-1257
-1329
-1500
-1678
-1723
-1591
-1371
-1195
-1124
-1053
-883
-691
-572
-462
-258
62
383
577
730
911
1112
1281
1344
1355
1423
1571
1714
1615
1286
1071
1046
973
681
288
93
-30
-366
-799
-1195
-1475
-1701
-1926
-2096
-2338
-2604
-2813
-3006
-3188
-3371
-3366
-3196
-3147
-3257
-3357
-3320
-3159
-2961
-2782
-2621
-2489
-2309
-2056
-1844
-1723
-1606
-1360
-1032
-753
-564
-414
-283
-149
16
206
408
552
614
645
735
904
1053
1112
1073
983
997
1132
1252
1278
1239
1283
1476
1677
1667
1421
1302
1689
2266
2444
2208
2055
2293
2567
2565
2526
2661
2845
2866
2763
2721
2626
2407
2271
2274
2251
2079
1826
1585
1236
817
616
665
664
352
-119
-451
-631
-788
-958
-1109
-1227
-1291
-1332
-1408
-1583
-1852
-2000
-1859
-1572
-1370
-1317
-1319
-1309
-1277
-1124
-804
-459
-260
-138
79
387
634
729
772
911
1161
1403
1515
1458
1325
1256
1287
1334
1236
981
728
550
384
121
-275
-682
-945
-1047
-1177
-1508
-1938
-2255
-2423
-2575
-2778
-2942
-2978
-2975
-3052
-3159
-3221
-3197
-3109
-2999
-2873
-2730
-2588
-2446
-2275
-2102
-1910
-1669
-1379
-1082
-876
-738
-563
-302
-17
199
324
406
518
662
769
807
848
992
1208
1258
1037
785
868
1266
1458
1291
1162
1387
1782
1803
1407
1216
1655
2327
2559
2269
1995
2146
2529
2689
2575
2522
2693
2928
2888
2574
2286
2189
2264
2329
2244
2022
1697
1323
1015
786
660
570
428
246
-15
-315
-659
-947
-1057
-1048
-1046
-1159
-1312
-1423
-1562
-1787
-1963
-1914
-1678
-1531
-1539
-1553
-1517
-1414
-1285
-1102
-827
-568
-317
-61
112
219
352
604
941
1158
1218
1232
1275
1318
1267
1140
1023
1033
1075
985
713
313
-17
-238
-395
-551
-804
-1106
-1328
-1493
-1706
-2025
-2341
-2432
-2405
-2418
-2503
-2649
-2776
-2824
-2743
-2600
-2540
-2523
-2411
-2219
-2054
-1965
-1872
-1676
-1400
-1143
-949
-795
-693
-559
-322
-89
47
112
231
431
583
623
594
646
868
1117
1115
882
818
1124
1463
1447
1196
1130
1479
1889
1829
1423
1282
1759
2375
2401
1948
1765
2161
2597
2560
2276
2253
2510
2636
2481
2226
2040
2002
2041
2001
1808
1547
1325
1073
774
565
476
419
240
-40
-248
-402
-619
-873
-990
-967
-1012
-1224
-1435
-1518
-1576
-1691
-1806
-1811
-1717
-1666
-1672
-1638
-1555
-1423
-1301
-1186
-985
-771
-529
-272
-81
75
213
379
536
702
895
1000
968
875
864
930
942
817
626
490
391
226
-38
-352
-576
-634
-635
-803
-1216
-1550
-1616
-1631
-1756
-1940
-2006
-1987
-2026
-2100
-2178
-2168
-2068
-1949
-1873
-1869
-1828
-1666
-1437
-1278
-1237
-1161
-948
-736
-606
-520
-420
-275
-101
68
159
200
261
364
475
517
516
593
766
893
831
661
698
1005
1292
1262
978
992
1483
1918
1825
1402
1386
1981
2506
2431
2031
1967
2377
2690
2532
2265
2269
2461
2448
2134
1921
1907
1898
1723
1404
1189
1098
980
736
414
214
122
48
-79
-272
-456
-656
-888
-1051
-1038
-965
-1112
-1459
-1617
-1507
-1420
-1624
-1900
-1874
-1679
-1618
-1701
-1611
-1321
-1261
-1432
-1429
-1038
-538
-386
-481
-459
-146
323
532
360
197
444
982
1132
727
431
587
834
731
478
392
222
-120
-306
-216
-249
-667
-996
-922
-874
-1158
-1461
-1508
-1490
-1590
-1601
-1440
-1423
-1611
-1710
-1639
-1537
-1480
-1325
-1163
-1280
-1380
-1099
-694
-691
-929
-821
-373
-125
-259
-323
-115
125
208
222
346
478
518
495
459
544
743
895
793
569
581
861
1097
1061
920
928
1234
1617
1693
1436
1238
1535
2116
2362
2162
1937
2078
2401
2435
2256
2184
2251
2282
2164
2026
1886
1645
1465
1401
1305
1083
806
638
461
143
-166
-252
-222
-353
-661
-924
-1062
-1196
-1300
-1328
-1379
-1541
-1690
-1705
-1738
-1935
-2077
-1919
-1668
-1618
-1709
-1674
-1453
-1323
-1370
-1331
-1026
-598
-359
-336
-331
-236
-4
290
404
340
342
563
845
850
613
445
505
657
624
438
219
-77
-289
-335
-370
-540
-854
-1007
-1002
-1079
-1282
-1486
-1514
-1472
-1481
-1498
-1461
-1428
-1460
-1493
-1431
-1273
-1066
-933
-912
-868
-702
-448
-279
-211
-117
24
172
295
409
502
512
500
592
720
784
738
689
693
683
759
820
765
594
439
586
858
924
732
553
760
1183
1349
1167
996
1229
1773
2046
1885
1701
1853
2208
2295
2129
2027
2093
2162
2056
1902
1757
1594
1472
1370
1229
997
741
634
484
165
-136
-253
-240
-352
-640
-921
-1056
-1102
-1167
-1299
-1455
-1561
-1580
-1591
-1732
-1921
-1969
-1824
-1707
-1772
-1784
-1615
-1412
-1351
-1376
-1220
-936
-694
-520
-394
-238
-111
41
289
463
480
433
515
728
807
632
461
447
448
341
183
89
-127
-448
-596
-615
-741
-1085
-1334
-1346
-1429
-1649
-1742
-1661
-1704
-1912
-1932
-1664
-1491
-1593
-1668
-1536
-1342
-1207
-1010
-757
-673
-675
-487
-84
202
178
154
334
593
828
933
920
885
938
1128
1206
1100
1055
1108
1131
1015
888
943
964
836
684
676
834
941
847
637
662
1029
1319
1181
891
1022
1536
1817
1658
1485
1673
1990
1995
1881
1919
2013
2009
1887
1826
1784
1587
1378
1292
1225
1042
762
592
486
209
-113
-238
-176
-246
-591
-906
-992
-994
-1116
-1310
-1404
-1447
-1534
-1640
-1742
-1867
-1976
-1967
-1843
-1764
-1790
-1758
-1605
-1502
-1476
-1318
-922
-597
-548
-506
-301
33
249
301
385
470
590
718
756
620
431
492
726
699
326
-10
-97
-116
-256
-457
-667
-908
-1090
-1175
-1308
-1598
-1870
-1865
-1787
-1894
-2050
-2064
-1969
-1944
-1914
-1729
-1583
-1534
-1383
-1103
-877
-834
-679
-265
76
150
213
444
689
828
954
1214
1372
1333
1279
1295
1367
1343
1329
1311
1198
1055
954
1020
1049
957
833
698
701
778
820
752
617
740
1098
1250
1009
775
980
1454
1680
1546
1451
1617
1859
1917
1852
1907
1984
1997
1908
1797
1721
1613
1555
1466
1304
1149
1000
810
558
278
110
45
-75
-311
-591
-817
-1034
-1252
-1323
-1333
-1504
-1816
-2035
-1947
-1843
-2010
-2264
-2309
-2088
-1953
-2006
-2018
-1878
-1627
-1390
-1200
-1039
-870
-647
-417
-230
-61
175
481
621
496
413
594
793
697
420
330
427
373
90
-214
-399
-494
-596
-759
-1040
-1338
-1478
-1500
-1569
-1760
-1922
-1918
-1921
-2026
-2080
-1955
-1790
-1781
-1792
-1648
-1390
-1239
-1166
-1053
-860
-574
-285
0
205
309
502
807
1088
1265
1361
1499
1657
1747
1856
1931
1885
1799
1743
1753
1701
1479
1285
1287
1339
1243
982
739
736
822
788
629
502
611
830
898
710
504
654
1065
1354
1267
1064
1161
1487
1690
1650
1625
1762
1913
1919
1862
1785
1705
1640
1577
1519
1348
1110
940
771
529
247
80
50
-73
-390
-754
-984
-1084
-1185
-1441
-1753
-1888
-1819
-1799
-2046
-2352
-2415
-2232
-2143
-2273
-2308
-2027
-1653
-1532
-1615
-1595
-1330
-978
-749
-631
-483
-221
39
145
137
143
269
422
480
466
429
357
214
69
-17
-57
-160
-375
-658
-873
-1004
-1171
-1356
-1533
-1598
-1654
-1845
-2015
-2087
-2041
-2003
-2003
-1901
-1793
-1692
-1585
-1452
-1298
-1235
-1045
-644
-282
-84
-25
98
464
819
1035
1166
1232
1423
1667
1840
1872
1808
1858
1929
1881
1730
1644
1659
1574
1351
1124
1117
1269
1258
944
601
616
867
948
733
556
733
1094
1217
946
679
820
1301
1599
1477
1322
1453
1755
1791
1571
1491
1670
1932
1956
1785
1653
1586
1532
1436
1312
1217
1162
1043
782
439
202
145
65
-181
-492
-734
-932
-1187
-1473
-1700
-1789
-1817
-1914
-2113
-2320
-2472
-2579
-2558
-2456
-2307
-2161
-2064
-1999
-1964
-1845
-1579
-1258
-1023
-859
-631
-382
-197
-102
-81
6
190
376
456
377
244
132
100
107
79
-64
-331
-548
-691
-853
-1074
-1284
-1351
-1377
-1607
-1943
-2068
-1984
-1990
-2129
-2165
-2006
-1843
-1830
-1796
-1686
-1561
-1378
-1137
-884
-661
-465
-282
-106
119
456
804
971
976
1143
1571
1916
1942
1846
1944
2176
2229
2119
2018
1981
1943
1842
1738
1649
1540
1413
1308
1243
1134
1015
942
906
961
992
966
978
1018
1067
990
887
1076
1452
1660
1548
1358
1468
1715
1774
1720
1750
1908
1960
1814
1642
1527
1480
1457
1399
1283
1131
975
768
532
344
241
181
49
-176
-415
-654
-919
-1163
-1346
-1445
-1577
-1791
-2002
-2191
-2337
-2456
-2511
-2473
-2408
-2347
-2336
-2261
-2083
-1978
-1896
-1758
-1450
-1049
-887
-947
-915
-642
-294
-151
-214
-173
71
291
193
-124
-250
-98
15
-161
-426
-562
-688
-953
-1228
-1378
-1448
-1591
-1732
-1764
-1867
-2059
-2159
-2098
-2030
-2019
-1949
-1783
-1696
-1712
-1591
-1329
-1103
-942
-672
-332
-149
-61
194
599
847
973
1217
1548
1754
1764
1829
2018
2146
2207
2241
2277
2225
2048
1928
1895
1877
1830
1686
1507
1448
1437
1345
1101
918
1007
1151
1100
844
714
885
1039
949
780
796
1081
1298
1198
1068
1143
1389
1523
1471
1472
1612
1671
1564
1516
1541
1598
1579
1491
1429
1371
1275
1126
952
786
651
513
351
121
-138
-410
-690
-899
-1081
-1265
-1457
-1694
-1928
-2065
-2162
-2288
-2418
-2421
-2304
-2257
-2302
-2320
-2183
-1977
-1832
-1736
-1610
-1391
-1173
-1075
-997
-841
-637
-420
-240
-177
-244
-333
-285
-156
-178
-261
-290
-344
-498
-688
-807
-936
-1187
-1406
-1371
-1356
-1620
-1946
-2122
-2060
-1998
-2075
-2080
-2054
-2083
-2104
-1991
-1782
-1642
-1508
-1255
-991
-848
-685
-348
42
295
454
744
1124
1374
1462
1519
1686
1946
2183
2316
2338
2304
2250
2226
2203
2105
2075
2065
1980
1801
1579
1496
1466
1426
1310
1164
1090
1079
1056
940
865
839
969
1106
1049
942
896
1048
1219
1284
1330
1370
1443
1491
1502
1536
1584
1672
1735
1736
1695
1621
1606
1539
1378
1253
1227
1247
1105
805
585
473
316
47
-246
-410
-609
-905
-1163
-1377
-1523
-1731
-1981
-2111
-2192
-2263
-2359
-2447
-2459
-2448
-2293
-2131
-2084
-2045
-1951
-1729
-1598
-1550
-1411
-1152
-897
-776
-741
-663
-525
-451
-373
-334
-318
-315
-388
-429
-493
-597
-735
-929
-1065
-1127
-1230
-1451
-1706
-1763
-1752
-1854
-1995
-2051
-1982
-1970
-2026
-2028
-1912
-1781
-1665
-1510
-1318
-1130
-952
-706
-468
-252
-7
303
625
823
1004
1228
1435
1640
1816
1973
2100
2150
2193
2266
2270
2206
2204
2225
2163
2048
1934
1856
1733
1566
1517
1517
1414
1218
1019
907
896
854
779
753
777
826
801
700
650
807
1036
1105
1073
1113
1325
1466
1427
1464
1611
1762
1818
1780
1746
1687
1626
1580
1545
1476
1311
1164
1061
911
651
352
141
-3
-173
-394
-648
-945
-1190
-1365
-1534
-1709
-1854
-1910
-1953
-2059
-2245
-2365
-2308
-2159
-2066
-2036
-1979
-1843
-1712
-1662
-1621
-1503
-1291
-1093
-969
-895
-841
-777
-706
-651
-561
-454
-418
-466
-597
-716
-770
-821
-890
-947
-1015
-1168
-1394
-1557
-1631
-1676
-1739
-1820
-1862
-1928
-2032
-2083
-2034
-1924
-1822
-1710
-1532
-1360
-1277
-1186
-957
-636
-341
-121
103
337
577
826
1065
1283
1515
1788
1925
1920
1954
2115
2306
2347
2259
2232
2276
2247
2090
1893
1800
1828
1785
1606
1435
1329
1273
1172
986
859
877
925
862
716
656
772
902
882
803
840
1011
1195
1282
1271
1283
1399
1547
1633
1678
1745
1812
1816
1758
1691
1661
1665
1658
1595
1437
1250
1153
1028
719
382
234
204
66
-273
-656
-900
-1055
-1268
-1521
-1650
-1716
-1852
-2024
-2178
-2268
-2317
-2333
-2318
-2291
-2179
-2031
-1972
-2041
-2027
-1770
-1470
-1335
-1334
-1255
-1067
-931
-853
-796
-717
-602
-520
-457
-511
-758
-884
-762
-620
-699
-955
-1132
-1213
-1311
-1422
-1506
-1617
-1752
-1779
-1700
-1716
-1918
-2074
-1965
-1780
-1699
-1637
-1511
-1395
-1331
-1165
-841
-540
-380
-223
33
287
452
652
949
1188
1406
1605
1772
1876
1870
1960
2149
2306
2349
2294
2251
2177
2052
2000
1965
1916
1862
1734
1519
1284
1187
1155
1089
934
816
837
833
730
604
585
678
830
880
843
871
949
1072
1178
1265
1400
1565
1678
1695
1701
1789
1883
1942
1924
1883
1884
1805
1664
1500
1380
1307
1194
1015
772
492
207
-56
-257
-452
-675
-885
-1110
-1336
-1561
-1791
-1971
-2104
-2219
-2279
-2289
-2330
-2400
-2452
-2420
-2314
-2192
-2052
-1927
-1832
-1755
-1680
-1557
-1400
-1219
-1032
-870
-770
-740
-748
-746
-703
-661
-625
-595
-641
-735
-856
-988
-1104
-1198
-1219
-1254
-1360
-1543
-1726
-1772
-1787
-1849
-1897
-1858
-1757
-1716
-1743
-1747
-1656
-1486
-1271
-1017
-794
-625
-472
-296
-59
207
462
714
952
1148
1298
1444
1585
1736
1911
2058
2155
2232
2276
2301
2251
2143
2137
2184
2177
2063
1906
1765
1587
1393
1254
1238
1247
1166
1015
855
745
693
678
677
704
771
848
896
846
800
869
1044
1251
1401
1508
1558
1611
1682
1753
1820
1875
1979
2082
2068
1905
1690
1538
1451
1367
1264
1143
941
611
214
-98
-274
-428
-621
-871
-1134
-1376
-1637
-1874
-2057
-2169
-2235
-2273
-2289
-2344
-2434
-2526
-2536
-2417
-2235
-2078
-1952
-1877
-1834
-1775
-1658
-1473
-1272
-1078
-964
-921
-860
-784
-762
-789
-746
-566
-407
-492
-759
-968
-955
-863
-907
-1042
-1139
-1201
-1314
-1473
-1610
-1693
-1712
-1628
-1535
-1542
-1620
-1674
-1623
-1536
-1419
-1209
-956
-803
-776
-661
-421
-179
57
333
583
738
867
1090
1316
1443
1563
1749
1951
2056
2093
2088
2052
2035
2059
2177
2243
2123
1911
1745
1677
1598
1476
1379
1286
1194
1144
1072
936
763
675
727
793
788
780
786
801
855
944
1049
1107
1126
1256
1464
1591
1607
1625
1673
1711
1769
1849
1871
1791
1698
1638
1555
1398
1235
1072
893
679
438
225
1
-225
-478
-716
-846
-975
-1187
-1466
-1720
-1859
-1915
-1963
-2036
-2139
-2229
-2252
-2231
-2217
-2218
-2200
-2124
-1989
-1833
-1730
-1665
-1555
-1413
-1288
-1185
-1050
-873
-733
-689
-663
-614
-567
-541
-528
-533
-555
-580
-597
-619
-719
-847
-934
-945
-974
-1080
-1221
-1322
-1340
-1366
-1377
-1375
-1354
-1339
-1324
-1249
-1181
-1136
-1069
-929
-702
-492
-342
-211
-80
74
240
435
641
846
1019
1122
1185
1268
1438
1632
1720
1701
1709
1794
1813
1748
1697
1666
1633
1535
1431
1386
1304
1149
996
903
844
818
790
722
622
538
569
613
621
650
721
892
1049
1131
1155
1175
1306
1551
1758
1778
1702
1764
1968
2090
2034
1917
1892
1915
1834
1685
1540
1393
1200
969
791
640
481
240
-88
-411
-645
-736
-863
-1128
-1413
-1589
-1631
-1728
-1936
-2071
-2124
-2112
-2099
-2129
-2146
-2167
-2151
-2052
-1936
-1842
-1756
-1625
-1486
-1414
-1355
-1218
-1023
-903
-867
-793
-662
-540
-532
-619
-633
-559
-497
-568
-731
-840
-823
-805
-946
-1136
-1208
-1177
-1195
-1354
-1513
-1497
-1409
-1405
-1489
-1513
-1398
-1276
-1258
-1283
-1173
-935
-733
-612
-528
-363
-129
74
234
374
547
738
887
1026
1195
1316
1368
1439
1580
1728
1764
1703
1700
1796
1824
1740
1611
1526
1530
1463
1337
1206
1103
1056
967
835
764
802
861
801
628
574
751
948
967
882
921
1160
1405
1472
1405
1437
1648
1862
1936
1876
1849
1942
2047
2024
1911
1851
1846
1747
1522
1311
1155
1006
793
545
367
190
-19
-257
-529
-784
-960
-1087
-1233
-1430
-1661
-1816
-1897
-1945
-2018
-2094
-2132
-2142
-2132
-2097
-2057
-2051
-1987
-1859
-1750
-1698
-1637
-1488
-1329
-1242
-1209
-1112
-950
-813
-757
-740
-689
-651
-639
-665
-698
-692
-714
-771
-841
-896
-959
-1058
-1141
-1207
-1237
-1283
-1364
-1412
-1433
-1394
-1336
-1298
-1314
-1324
-1274
-1148
-985
-899
-798
-671
-506
-307
-117
70
214
355
539
753
931
1062
1175
1271
1343
1397
1485
1593
1668
1668
1647
1624
1603
1606
1552
1492
1457
1421
1365
1234
1102
1051
1033
955
854
836
866
881
846
803
858
957
1068
1159
1215
1280
1390
1505
1547
1540
1559
1694
1848
1885
1827
1833
1898
1894
1835
1742
1694
1626
1480
1297
1098
948
801
608
357
77
-138
-315
-513
-779
-1076
-1270
-1384
-1489
-1617
-1780
-1924
-2036
-2092
-2104
-2129
-2157
-2151
-2111
-2045
-1993
-1941
-1831
-1708
-1584
-1469
-1338
-1183
-1084
-1028
-937
-798
-651
-569
-565
-538
-472
-396
-386
-466
-550
-548
-492
-520
-670
-846
-925
-937
-985
-1089
-1198
-1278
-1379
-1503
-1538
-1478
-1457
-1496
-1532
-1482
-1389
-1320
-1226
-1122
-989
-826
-652
-473
-348
-254
-102
154
397
571
707
852
1000
1109
1254
1392
1488
1574
1614
1622
1624
1599
1569
1553
1515
1515
1515
1460
1351
1211
1167
1189
1151
1070
995
986
1033
1046
1014
1011
1084
1197
1282
1302
1342
1457
1580
1634
1624
1670
1809
1919
1916
1865
1868
1919
1947
1916
1851
1776
1679
1572
1457
1300
1103
911
750
585
387
160
-58
-267
-489
-709
-936
-1153
-1317
-1447
-1588
-1784
-1976
-2050
-2063
-2137
-2247
-2308
-2255
-2165
-2150
-2129
-2044
-1897
-1780
-1713
-1610
-1475
-1321
-1191
-1087
-965
-807
-709
-698
-644
-526
-380
-343
-448
-521
-488
-452
-541
-716
-814
-814
-860
-1001
-1137
-1224
-1316
-1399
-1464
-1491
-1469
-1518
-1629
-1673
-1628
-1549
-1467
-1391
-1278
-1093
-916
-831
-768
-615
-366
-122
34
200
396
564
680
748
910
1161
1348
1419
1447
1524
1597
1616
1629
1647
1666
1665
1625
1570
1521
1448
1364
1323
1297
1264
1230
1199
1153
1119
1127
1133
1124
1144
1210
1269
1331
1397
1494
1634
1718
1717
1741
1865
2025
2101
2051
1979
1999
2102
2151
2081
1927
1794
1733
1662
1511
1247
1000
835
651
398
146
-53
-257
-491
-786
-1056
-1200
-1354
-1578
-1807
-1977
-2076
-2158
-2260
-2367
-2400
-2392
-2382
-2347
-2290
-2234
-2164
-2080
-1986
-1860
-1696
-1551
-1424
-1276
-1117
-985
-896
-812
-739
-644
-550
-467
-394
-366
-397
-462
-466
-432
-473
-622
-776
-840
-877
-962
-1097
-1250
-1372
-1471
-1518
-1551
-1628
-1717
-1725
-1700
-1736
-1749
-1674
-1536
-1411
-1327
-1223
-1010
-777
-587
-404
-171
78
287
482
655
827
1009
1224
1426
1545
1620
1722
1813
1837
1853
1900
1948
1928
1866
1875
1905
1816
1684
1636
1641
1622
1543
1472
1479
1529
1516
1405
1302
1311
1432
1556
1546
1456
1497
1686
1800
1721
1614
1694
1937
2091
2020
1906
1907
1978
2025
2006
1909
1790
1715
1636
1501
1304
1075
841
616
367
136
-91
-365
-659
-967
-1235
-1424
-1569
-1736
-1941
-2154
-2332
-2449
-2522
-2562
-2612
-2636
-2592
-2543
-2517
-2489
-2414
-2277
-2153
-2059
-1905
-1737
-1603
-1495
-1372
-1165
-942
-806
-748
-663
-500
-338
-252
-238
-229
-209
-221
-249
-320
-437
-535
-610
-654
-728
-858
-991
-1177
-1365
-1468
-1460
-1405
-1459
-1599
-1703
-1729
-1698
-1659
-1594
-1466
-1330
-1192
-1074
-971
-841
-666
-389
-95
118
273
435
645
833
1000
1224
1478
1691
1810
1848
1898
1953
2019
2079
2080
2058
2046
2024
1943
1778
1639
1605
1611
1598
1542
1531
1525
1411
1258
1177
1285
1465
1509
1438
1374
1463
1640
1679
1575
1502
1644
1935
2059
1976
1876
1880
1958
1996
1980
1937
1854
1740
1606
1457
1264
1022
829
675
476
226
-71
-329
-554
-831
-1113
-1342
-1480
-1604
-1842
-2174
-2466
-2583
-2564
-2574
-2699
-2830
-2816
-2709
-2656
-2661
-2600
-2412
-2193
-2078
-1971
-1762
-1511
-1339
-1288
-1162
-843
-524
-404
-433
-408
-222
-33
10
-41
-65
-30
-40
-130
-277
-377
-415
-480
-583
-711
-808
-918
-1135
-1343
-1387
-1323
-1339
-1524
-1721
-1760
-1729
-1704
-1660
-1554
-1425
-1363
-1306
-1159
-944
-749
-550
-324
-78
168
375
544
665
809
1002
1242
1459
1605
1693
1729
1759
1817
1931
2010
1983
1943
1972
1999
1923
1781
1707
1768
1783
1667
1506
1430
1487
1500
1353
1197
1226
1391
1488
1370
1226
1327
1583
1732
1609
1421
1512
1831
2034
1950
1778
1794
1950
2041
1987
1896
1861
1787
1617
1373
1129
974
833
636
352
34
-204
-399
-668
-1016
-1307
-1436
-1546
-1794
-2111
-2366
-2509
-2624
-2734
-2778
-2791
-2800
-2807
-2753
-2628
-2511
-2416
-2331
-2201
-1971
-1717
-1544
-1446
-1351
-1152
-895
-702
-587
-485
-307
-137
-91
-105
-90
-35
-4
-50
-100
-149
-246
-404
-571
-625
-619
-701
-886
-1086
-1193
-1236
-1313
-1410
-1502
-1535
-1545
-1605
-1638
-1596
-1522
-1450
-1399
-1292
-1116
-944
-799
-690
-542
-307
-29
200
340
500
738
968
1135
1294
1499
1701
1794
1831
1923
2058
2129
2074
2014
2054
2128
2093
1938
1829
1802
1753
1656
1543
1527
1601
1584
1435
1276
1253
1350
1414
1388
1350
1403
1574
1691
1613
1504
1607
1921
2140
2085
1929
1895
2006
2087
2044
1962
1910
1803
1609
1424
1253
1027
774
552
350
110
-197
-507
-804
-1109
-1361
-1556
-1731
-1936
-2188
-2417
-2595
-2746
-2837
-2838
-2826
-2868
-2892
-2820
-2697
-2588
-2498
-2366
-2164
-1970
-1819
-1646
-1444
-1250
-1085
-935
-741
-524
-370
-284
-216
-154
-85
-27
-16
-31
-47
-69
-140
-295
-437
-497
-567
-706
-871
-1004
-1101
-1241
-1452
-1593
-1559
-1489
-1557
-1691
-1743
-1700
-1632
-1588
-1525
-1383
-1189
-1039
-927
-795
-632
-401
-122
127
336
535
750
975
1142
1297
1513
1711
1852
1970
2034
2029
2046
2097
2119
2105
2078
2054
2027
1932
1765
1642
1606
1563
1446
1356
1375
1382
1207
977
915
1038
1194
1194
1076
1087
1287
1442
1394
1257
1339
1678
1930
1848
1653
1701
1906
1979
1880
1820
1862
1802
1594
1416
1320
1151
882
664
513
327
30
-338
-634
-847
-1123
-1407
-1585
-1759
-1966
-2179
-2376
-2527
-2621
-2650
-2649
-2660
-2684
-2628
-2492
-2413
-2345
-2227
-2063
-1852
-1694
-1534
-1325
-1137
-974
-856
-689
-469
-316
-232
-172
-126
-38
66
76
41
-26
-58
-97
-204
-292
-413
-548
-710
-833
-935
-1095
-1249
-1407
-1488
-1536
-1631
-1702
-1742
-1768
-1752
-1688
-1603
-1532
-1448
-1301
-1109
-947
-802
-559
-266
-28
125
333
620
845
981
1118
1319
1511
1654
1752
1872
1938
1923
1967
2007
2007
1993
1929
1896
1840
1707
1615
1558
1452
1368
1336
1325
1283
1117
981
971
996
1030
1032
1060
1142
1217
1258
1234
1241
1398
1624
1758
1760
1710
1730
1787
1824
1873
1921
1885
1780
1672
1573
1428
1189
956
818
706
485
189
-115
-418
-702
-954
-1170
-1347
-1521
-1740
-2002
-2260
-2449
-2501
-2504
-2572
-2643
-2619
-2506
-2454
-2481
-2460
-2293
-2030
-1817
-1680
-1539
-1329
-1096
-956
-831
-628
-380
-188
-140
-144
-98
1
76
46
-1
-5
-65
-168
-279
-422
-596
-748
-842
-871
-953
-1185
-1436
-1533
-1538
-1589
-1679
-1723
-1687
-1701
-1760
-1766
-1698
-1547
-1416
-1327
-1220
-1042
-790
-591
-460
-294
-28
264
461
594
799
1073
1291
1421
1556
1727
1864
1909
1919
1994
2065
2088
2089
2079
2058
1975
1868
1833
1778
1652
1550
1522
1563
1527
1320
1093
1037
1146
1208
1113
1040
1127
1290
1314
1158
1061
1244
1574
1741
1701
1654
1706
1764
1769
1759
1819
1876
1810
1664
1514
1384
1164
941
795
684
529
263
-51
-342
-604
-825
-1005
-1144
-1262
-1469
-1734
-1993
-2187
-2271
-2282
-2293
-2337
-2348
-2335
-2362
-2379
-2347
-2238
-2037
-1831
-1669
-1562
-1479
-1386
-1248
-1036
-812
-670
-584
-469
-365
-313
-306
-305
-254
-187
-189
-259
-322
-426
-565
-680
-761
-850
-934
-1015
-1166
-1375
-1584
-1682
-1646
-1623
-1667
-1738
-1791
-1795
-1797
-1767
-1664
-1503
-1367
-1285
-1173
-1009
-815
-601
-387
-148
97
315
502
666
874
1128
1366
1569
1736
1859
1915
1938
1983
2045
2091
2088
2104
2148
2125
1976
1789
1697
1729
1834
1830
1667
1447
1279
1250
1314
1321
1276
1262
1316
1408
1384
1275
1232
1349
1564
1665
1629
1562
1553
1609
1653
1690
1719
1692
1673
1609
1477
1335
1162
1036
958
845
689
465
198
-61
-356
-592
-710
-819
-944
-1138
-1375
-1605
-1821
-1937
-1955
-1970
-2019
-2067
-2098
-2133
-2174
-2168
-2069
-1912
-1784
-1715
-1641
-1524
-1397
-1265
-1105
-920
-765
-689
-627
-559
-496
-443
-378
-345
-364
-367
-407
-475
-566
-671
-729
-809
-897
-975
-1082
-1190
-1346
-1488
-1525
-1540
-1592
-1670
-1700
-1666
-1662
-1707
-1693
-1593
-1492
-1402
-1280
-1142
-980
-815
-681
-524
-341
-108
137
301
445
631
817
984
1179
1389
1559
1647
1675
1728
1815
1873
1923
1954
1938
1892
1789
1689
1656
1679
1725
1753
1670
1500
1354
1279
1299
1340
1345
1375
1428
1451
1406
1316
1314
1432
1606
1691
1667
1631
1642
1679
1695
1723
1757
1756
1705
1644
1531
1349
1196
1127
1085
958
754
558
355
110
-156
-358
-460
-526
-664
-930
-1207
-1432
-1581
-1695
-1797
-1865
-1923
-1966
-2032
-2096
-2107
-2074
-2007
-1925
-1807
-1681
-1637
-1608
-1522
-1388
-1210
-1039
-886
-757
-694
-666
-637
-576
-504
-464
-445
-445
-480
-557
-649
-702
-735
-797
-853
-917
-1016
-1136
-1274
-1330
-1346
-1397
-1452
-1528
-1594
-1614
-1606
-1554
-1482
-1424
-1363
-1291
-1187
-1082
-970
-847
-688
-491
-340
-218
-41
161
346
496
648
861
1071
1212
1286
1335
1461
1622
1718
1747
1766
1819
1828
1807
1767
1744
1772
1796
1804
1737
1602
1489
1436
1430
1443
1414
1368
1380
1393
1340
1247
1215
1327
1476
1506
1467
1443
1439
1473
1464
1448
1509
1568
1545
1445
1329
1235
1141
1038
982
935
817
625
414
223
18
-138
-252
-352
-467
-640
-840
-1055
-1220
-1306
-1366
-1411
-1458
-1554
-1644
-1747
-1824
-1814
-1769
-1683
-1651
-1638
-1589
-1547
-1505
-1474
-1340
-1108
-967
-890
-812
-757
-684
-654
-623
-521
-444
-417
-452
-508
-531
-577
-642
-681
-701
-715
-818
-992
-1125
-1210
-1232
-1248
-1285
-1326
-1377
-1435
-1500
-1519
-1450
-1357
-1297
-1261
-1218
-1132
-1061
-972
-844
-691
-518
-418
-307
-172
-42
80
167
354
617
821
921
955
1056
1227
1352
1455
1531
1604
1711
1710
1718
1785
1856
1914
1851
1798
1815
1795
1687
1490
1411
1518
1614
1560
1363
1245
1320
1407
1398
1307
1271
1347
1411
1396
1335
1318
1348
1362
1330
1296
1286
1287
1247
1140
1028
935
891
839
669
473
318
224
171
34
-158
-306
-407
-502
-660
-861
-1012
-1107
-1126
-1154
-1189
-1254
-1349
-1382
-1435
-1473
-1474
-1479
-1464
-1463
-1434
-1321
-1254
-1251
-1274
-1248
-1080
-925
-884
-903
-909
-848
-773
-773
-774
-743
-698
-688
-733
-779
-800
-803
-852
-904
-917
-904
-905
-976
-1070
-1099
-1066
-1051
-1076
-1079
-1060
-1071
-1125
-1167
-1070
-950
-924
-888
-844
-749
-676
-684
-595
-422
-210
-67
-28
27
158
325
453
579
735
899
1015
1036
1063
1198
1320
1396
1456
1517
1607
1597
1479
1406
1418
1526
1590
1536
1460
1437
1420
1298
1137
1102
1236
1366
1314
1154
1046
1014
1002
970
1010
1105
1133
1026
875
803
767
786
827
877
921
834
682
572
482
445
441
442
451
362
206
80
7
-48
-118
-152
-174
-260
-380
-506
-612
-676
-700
-682
-707
-794
-890
-980
-1044
-1094
-1126
-1091
-1030
-979
-1014
-1098
-1147
-1169
-1118
-1011
-924
-897
-932
-942
-919
-933
-936
-883
-794
-739
-772
-810
-826
-841
-857
-872
-816
-728
-719
-771
-830
-843
-834
-802
-752
-748
-749
-725
-705
-693
-681
-646
-603
-554
-504
-483
-429
-394
-376
-280
-185
-96
-32
6
95
156
223
326
422
512
592
671
766
880
986
1058
1075
1113
1199
1299
1352
1316
1293
1365
1456
1472
1380
1300
1312
1302
1265
1218
1159
1139
1097
1024
974
933
891
818
763
742
719
659
595
586
552
510
461
405
396
387
319
282
298
291
268
199
144
113
94
80
17
-47
-28
50
44
-61
-158
-196
-197
-221
-282
-325
-328
-370
-424
-461
-531
-625
-720
-747
-741
-799
-888
-951
-985
-1013
-1063
-1096
-1071
-1036
-1039
-1096
-1119
-1076
-1031
-987
-1009
-1041
-1002
-931
-867
-876
-854
-799
-777
-766
-794
-803
-796
-791
-744
-691
-646
-581
-567
-567
-568
-543
-465
-415
-363
-349
-338
-294
-247
-187
-154
-132
-122
-95
-20
29
25
48
120
205
279
327
386
475
577
666
762
877
955
1015
1085
1160
1225
1313
1429
1494
1483
1464
1472
1509
1502
1438
1353
1290
1285
1255
1184
1071
964
887
834
778
696
600
507
438
357
269
208
163
122
54
-10
-20
18
38
-14
-69
-68
-59
-44
2
-3
-39
-16
19
44
37
23
19
19
22
-9
-5
25
-8
-32
-43
-80
-110
-162
-227
-297
-369
-426
-482
-555
-625
-696
-759
-814
-855
-870
-918
-977
-1026
-1057
-1078
-1079
-1107
-1134
-1126
-1112
-1082
-1072
-1036
-990
-961
-937
-912
-834
-742
-705
-710
-692
-612
-522
-497
-478
-439
-382
-309
-284
-287
-263
-206
-164
-150
-159
-174
-155
-123
-94
-85
-56
-16
-3
14
48
113
202
292
365
403
414
469
581
687
759
781
859
979
1051
1048
1032
1109
1199
1278
1257
1190
1190
1169
1123
1081
1073
1048
958
865
809
717
628
555
484
443
363
255
166
101
28
-50
-77
-33
-17
-62
-83
-115
-113
-67
-8
22
19
61
125
174
175
174
227
321
374
367
386
432
464
441
416
439
460
420
336
279
265
216
121
33
-45
-149
-270
-406
-565
-694
-782
-859
-950
-1051
-1097
-1120
-1170
-1234
-1262
-1225
-1199
-1224
-1257
-1217
-1178
-1171
-1149
-1141
-1112
-1042
-963
-944
-943
-903
-818
-744
-723
-707
-647
-545
-479
-459
-393
-285
-217
-183
-180
-175
-119
-61
-65
-87
-54
-23
6
21
9
35
108
154
178
245
344
444
516
578
647
726
796
863
928
1005
1062
1082
1125
1178
1197
1200
1231
1249
1269
1255
1227
1183
1096
1032
975
885
748
641
563
466
350
237
169
126
26
-77
-105
-103
-148
-230
-271
-235
-207
-257
-294
-271
-208
-169
-162
-127
-61
21
87
132
188
278
360
397
447
492
546
599
594
576
569
589
556
453
384
348
306
202
73
1
-68
-179
-318
-463
-563
-649
-764
-889
-981
-1022
-1107
-1223
-1268
-1271
-1289
-1337
-1378
-1343
-1273
-1266
-1283
-1269
-1208
-1120
-1084
-1083
-1028
-918
-846
-808
-738
-646
-547
-503
-480
-386
-291
-246
-220
-190
-108
5
35
0
8
81
124
75
45
106
177
194
188
203
253
290
329
361
438
529
597
647
708
799
838
869
937
1047
1116
1117
1108
1134
1173
1182
1166
1128
1122
1093
1013
915
819
752
681
587
518
462
375
258
149
89
42
-3
-68
-115
-129
-172
-211
-237
-231
-214
-225
-247
-210
-142
-128
-142
-119
-35
50
88
93
168
270
312
330
362
437
496
487
455
471
502
497
436
369
361
349
251
91
-3
-52
-115
-232
-385
-456
-502
-590
-721
-841
-881
-889
-938
-1056
-1117
-1097
-1099
-1127
-1173
-1161
-1101
-1102
-1137
-1142
-1098
-1047
-1028
-1016
-941
-842
-801
-800
-762
-669
-557
-496
-479
-413
-323
-239
-216
-211
-144
-51
8
-8
9
57
110
143
132
165
231
273
255
237
292
379
421
424
478
561
617
627
613
678
789
834
832
851
917
942
900
890
926
957
926
866
855
842
801
726
661
627
576
509
413
336
282
228
154
69
5
-34
-58
-124
-197
-190
-159
-175
-226
-231
-180
-162
-179
-163
-85
-2
50
59
68
149
234
298
353
403
457
505
529
533
547
583
590
543
496
483
468
410
321
238
185
117
20
-68
-165
-265
-369
-481
-554
-614
-693
-778
-854
-914
-975
-1036
-1064
-1070
-1093
-1115
-1146
-1176
-1174
-1128
-1087
-1075
-1074
-1037
-940
-893
-868
-787
-696
-615
-562
-510
-417
-368
-368
-343
-296
-233
-173
-146
-146
-106
-75
-30
21
25
75
136
162
181
214
243
289
315
354
415
419
422
432
484
571
652
687
696
710
727
777
792
797
791
756
749
753
761
756
733
699
654
619
583
551
518
467
408
334
288
254
231
202
122
54
5
-26
-39
-28
-13
8
-18
-72
-85
-63
-7
35
64
80
113
144
173
206
235
298
344
379
406
406
410
406
392
383
385
390
354
305
256
206
180
129
72
10
-56
-127
-195
-249
-308
-377
-461
-523
-578
-609
-671
-741
-786
-838
-852
-868
-880
-898
-947
-991
-1016
-996
-940
-906
-908
-928
-930
-887
-843
-806
-768
-736
-701
-680
-639
-564
-497
-440
-405
-369
-319
-273
-234
-214
-161
-93
-33
23
44
85
129
171
225
265
329
379
386
408
435
482
527
536
576
615
638
648
631
641
662
670
664
641
629
624
610
608
590
574
567
525
491
448
429
420
388
382
370
357
338
305
295
275
254
225
199
216
215
203
206
199
214
231
219
206
195
197
218
218
224
214
194
196
192
199
190
169
158
134
129
112
83
96
80
64
50
-4
-33
-43
-67
-81
-102
-154
-197
-234
-280
-312
-352
-396
-415
-446
-480
-506
-552
-566
-573
-606
-615
-643
-672
-670
-700
-703
-689
-691
-696
-718
-711
-702
-692
-657
-647
-616
-570
-559
-527
-494
-480
-442
-416
-372
-325
-292
-256
-232
-199
-145
-100
-64
-16
15
53
101
127
146
177
201
243
285
292
309
319
335
371
397
420
442
449
456
448
446
468
464
466
479
460
453
439
415
410
400
400
403
389
379
357
335
335
336
331
330
320
292
269
244
235
236
228
217
200
190
178
162
152
155
155
159
144
116
100
100
96
84
86
88
86
66
58
58
53
54
53
53
52
46
31
-7
-22
-14
-14
-25
-53
-76
-108
-132
-143
-170
-168
-172
-197
-217
-240
-259
-269
-276
-285
-294
-309
-321
-349
-369
-370
-373
-373
-356
-361
-371
-364
-365
-357
-353
-336
-307
-292
-277
-274
-273
-239
-219
-203
-189
-190
-181
-173
-173
-176
-171
-149
-120
-103
-93
-57
-41
-38
-21
-1
19
43
61
56
78
101
107
121
133
143
165
174
158
153
162
162
161
158
161
176
185
175
176
165
156
173
168
185
215
207
215
232
236
250
258
245
238
243
222
192
171
154
141
137
133
123
111
104
84
60
62
43
33
22
10
19
31
36
45
67
79
88
94
98
92
88
83
86
93
95
102
77
65
53
27
26
4
-16
-38
-50
-69
-92
-88
-85
-89
-97
-95
-111
-117
-125
-139
-141
-137
-141
-163
-170
-186
-178
-170
-171
-153
-168
-188
-205
-226
-234
-242
-241
-244
-251
-248
-252
-256
-259
-251
-242
-232
-207
-193
-194
-179
-159
-145
-127
-117
-107
-115
-115
-111
-120
-94
-75
-54
-40
-52
-46
-59
-64
-67
-51
-17
2
38
45
41
51
59
67
88
119
148
170
183
192
196
199
208
221
229
235
241
233
236
242
236
253
262
254
255
256
260
259
251
238
208
181
144
136
148
151
155
159
164
140
123
111
101
107
107
100
103
112
107
104
101
116
116
119
137
138
119
87
69
58
47
45
43
34
33
-13
-59
-62
-72
-80
-86
-97
-124
-129
-140
-154
-118
-98
-97
-94
-113
-159
-201
-214
-224
-215
-196
-195
-192
-200
-223
-236
-235
-233
-231
-215
-223
-231
-229
-232
-209
-188
-183
-185
-183
-190
-210
-212
-205
-181
-143
-135
-146
-148
-156
-166
-145
-116
-101
-76
-76
-88
-78
-77
-73
-53
-24
-6
13
28
41
73
100
112
135
138
129
126
105
116
153
196
224
243
241
221
208
174
161
172
184
195
212
213
204
196
175
155
150
146
134
126
114
103
95
94
91
86
85
82
86
77
77
75
80
85
74
78
85
82
81
73
75
88
98
112
104
102
101
98
102
90
96
98
83
86
77
63
45
27
17
1
-8
-18
-35
-38
-49
-53
-61
-86
-95
-106
-124
-131
-141
-142
-146
-158
-163
-172
-179
-182
-184
-180
-186
-192
-188
-194
-193
-182
-185
-176
-172
-167
-159
-156
-154
-158
-149
-147
-150
-154
-156
-153
-147
-136
-140
-133
-123
-116
-94
-91
-91
-76
-66
-61
-53
-40
-28
-10
-2
4
15
30
34
46
62
67
75
85
102
117
127
132
149
164
164
165
166
161
164
162
148
142
123
116
104
88
78
58
54
43
37
32
22
12
-6
1
10
-7
-17
-13
0
22
24
28
34
57
73
69
92
103
109
122
136
156
164
176
179
177
179
173
163
163
158
152
135
110
102
91
71
41
15
1
-6
-28
-58
-67
-79
-88
-98
-116
-128
-137
-141
-138
-140
-128
-135
-150
-131
-122
-110
-102
-96
-74
-60
-44
-34
-37
-37
-27
-30
-36
-30
-26
-24
-31
-43
-47
-49
-42
-48
-63
-74
-87
-87
-91
-109
-131
-147
-149
-147
-152
-162
-171
-159
-154
-141
-119
-115
-109
-100
-78
-42
-9
20
33
48
67
82
95
91
98
111
120
125
131
133
143
155
127
131
148
132
113
92
62
53
53
32
10
-11
-20
-30
-40
-58
-71
-74
-84
-91
-95
-75
-63
-53
-35
-13
15
19
24
28
52
57
67
96
110
131
151
159
158
161
163
159
151
136
137
146
123
108
107
104
95
74
51
24
-4
-33
-63
-89
-106
-115
-116
-120
-126
-134
-118
-106
-119
-113
-98
-87
-89
-75
-55
-39
-17
-10
8
19
23
26
32
41
45
55
56
54
53
52
55
53
40
34
34
11
-24
-36
-45
-67
-69
-79
-96
-95
-114
-145
-158
-158
-168
-170
-161
-175
-175
-160
-156
-148
-114
-78
-74
-59
-48
-43
-23
-9
-7
13
48
73
77
80
94
112
133
133
127
128
124
107
79
64
66
65
49
30
16
10
-7
-36
-55
-61
-51
-56
-82
-86
-63
-59
-53
-36
-22
-14
5
20
19
47
72
77
91
115
117
119
133
126
139
162
161
152
153
158
144
128
114
106
98
91
75
62
56
43
34
22
3
7
-12
-37
-40
-56
-59
-76
-84
-81
-94
-82
-79
-76
-63
-54
-58
-58
-57
-57
-39
-28
-20
-14
-2
4
-5
-3
9
-3
-14
-20
-20
-28
-37
-29
-47
-46
-41
-45
-46
-50
-35
-18
-21
-28
-25
-30
-27
-30
-36
-47
-69
-79
-80
-74
-68
-62
-53
-40
-42
-49
-49
-30
-13
-6
0
3
3
-6
2
8
2
2
15
32
26
26
35
38
37
29
16
16
29
37
32
22
19
12
-1
-7
-13
-27
-22
-15
-28
-45
-57
-64
-66
-65
-61
-35
-14
5
16
24
40
51
65
65
72
70
57
50
61
77
78
69
58
48
47
62
78
84
76
86
103
101
92
94
104
112
113
92
75
76
84
80
69
70
61
51
55
59
61
64
64
53
47
65
68
45
30
27
34
32
25
11
-12
-24
-40
-50
-51
-40
-39
-55
-66
-66
-72
-70
-71
-75
-74
-77
-93
-117
-118
-118
-135
-151
-171
-175
-167
-165
-166
-157
-146
-140
-134
-128
-129
-129
-124
-115
-111
-108
-105
-107
-114
-119
-113
-97
-71
-56
-52
-45
-35
-44
-53
-48
-34
-24
-26
-34
-42
-45
-47
-55
-70
-84
-86
-74
-71
-67
-56
-51
-39
-28
-23
-23
-20
-14
-8
1
19
34
37
32
32
31
24
26
36
58
84
101
104
114
140
168
183
182
190
208
211
201
206
207
197
190
188
186
192
196
194
197
210
229
239
232
225
220
212
208
195
175
162
153
140
125
121
120
125
133
128
114
103
101
99
88
75
63
57
47
30
26
18
-8
-35
-57
-74
-92
-112
-125
-133
-137
-139
-145
-149
-151
-147
-151
-158
-170
-187
-194
-202
-221
-231
-234
-240
-249
-243
-239
-234
-234
-240
-231
-227
-224
-222
-227
-223
-219
-210
-203
-198
-184
-175
-162
-150
-142
-123
-112
-112
-105
-104
-103
-86
-87
-75
-55
-59
-55
-51
-52
-40
-50
-51
-38
-46
-34
-23
-14
1
17
36
60
78
88
95
105
122
126
141
162
172
183
184
192
204
203
202
205
202
205
197
193
202
197
200
207
207
213
223
221
221
218
206
209
211
211
217
224
235
237
235
228
223
222
213
196
184
171
146
119
105
90
77
60
39
23
2
-15
-35
-44
-46
-50
-49
-44
-43
-58
-63
-57
-63
-64
-71
-87
-96
-118
-137
-141
-152
-166
-185
-206
-213
-226
-250
-260
-268
-278
-280
-280
-279
-277
-279
-281
-277
-274
-266
-261
-245
-227
-216
-196
-185
-173
-159
-153
-130
-121
-126
-125
-126
-137
-134
-127
-136
-126
-130
-139
-134
-138
-136
-128
-111
-83
-65
-47
-25
-7
8
26
47
62
85
103
114
122
135
139
135
139
141
143
142
129
123
128
122
132
144
148
164
169
169
181
185
190
199
202
215
235
242
251
261
264
272
271
268
265
257
253
252
244
232
225
213
201
194
183
170
157
144
132
126
118
108
109
96
88
92
79
67
63
49
34
27
11
-4
-15
-33
-46
-58
-75
-96
-114
-134
-153
-163
-173
-189
-202
-224
-248
-261
-268
-272
-279
-288
-293
-297
-304
-302
-297
-290
-276
-269
-256
-241
-239
-230
-222
-225
-213
-197
-197
-186
-176
-176
-165
-159
-154
-143
-141
-139
-130
-121
-110
-96
-89
-85
-81
-75
-62
-51
-32
-16
-9
-2
3
9
20
30
42
47
46
56
63
71
85
91
91
97
92
91
99
97
100
105
107
113
120
123
124
134
145
157
170
182
199
206
210
224
230
242
260
273
284
292
292
286
282
282
280
276
274
273
276
276
269
259
249
241
231
230
225
217
209
197
190
168
148
126
109
96
82
73
63
56
38
15
-15
-46
-73
-96
-107
-119
-132
-149
-167
-183
-201
-220
-247
-275
-292
-306
-316
-319
-315
-309
-304
-300
-305
-314
-320
-322
-320
-320
-322
-325
-317
-308
-294
-280
-267
-255
-239
-224
-213
-203
-198
-185
-172
-156
-140
-123
-104
-89
-74
-58
-49
-39
-31
-24
-13
-5
0
6
21
31
36
42
38
37
43
50
53
57
61
67
79
88
88
88
82
82
86
88
90
91
99
106
110
120
121
126
131
128
121
120
125
137
146
154
160
167
177
186
196
211
220
228
234
242
254
261
272
273
275
272
266
258
246
237
226
222
212
207
203
184
174
163
149
136
120
104
88
72
52
32
21
1
-17
-33
-57
-81
-102
-126
-154
-173
-193
-211
-232
-253
-272
-292
-307
-328
-335
-337
-340
-340
-345
-347
-343
-339
-334
-324
-308
-289
-274
-261
-247
-232
-211
-191
-172
-155
-136
-122
-112
-104
-88
-62
-43
-25
-10
9
26
40
56
70
89
110
123
129
138
143
145
152
150
148
142
135
131
119
112
108
106
102
96
87
69
57
52
40
32
25
19
11
3
-12
-19
-21
-24
-29
-30
-36
-40
-38
-42
-42
-30
-19
-12
-2
2
11
24
31
46
54
65
81
88
93
105
121
137
148
148
153
149
150
157
152
158
160
156
151
139
131
130
124
119
121
118
119
105
79
68
52
45
39
18
-1
-21
-42
-67
-88
-108
-127
-148
-162
-181
-197
-199
-209
-208
-195
-197
-194
-183
-188
-194
-183
-190
-185
-163
-159
-154
-140
-132
-130
-123
-119
-113
-98
-81
-68
-45
-13
2
22
43
60
88
102
104
110
119
123
127
137
140
139
143
141
131
127
118
111
105
90
88
78
73
77
70
68
60
50
44
29
13
4
-3
-17
-34
-39
-50
-55
-51
-64
-73
-77
-83
-83
-98
-104
-101
-114
-108
-99
-90
-76
-69
-63
-56
-44
-39
-40
-30
-14
0
20
28
29
35
38
36
41
46
46
44
46
55
68
78
86
94
93
98
106
99
100
110
109
107
112
105
97
96
87
75
66
53
41
28
14
2
-14
-22
-42
-53
-50
-57
-63
-72
-77
-85
-97
-98
-101
-109
-104
-101
-107
-114
-118
-120
-130
-127
-116
-116
-106
-103
-101
-88
-80
-66
-50
-46
-33
-21
-11
-3
6
25
36
42
56
64
69
80
83
83
86
88
93
96
96
99
97
88
77
80
69
53
51
44
39
34
32
29
24
23
17
7
1
-14
-27
-37
-45
-50
-55
-60
-58
-50
-48
-48
-41
-44
-43
-41
-43
-34
-32
-36
-34
-30
-34
-33
-35
-38
-23
-16
-13
-9
-6
4
13
26
32
36
38
42
46
41
47
49
44
56
57
61
77
76
73
68
65
71
72
68
65
64
70
71
61
52
48
43
32
24
9
-9
-22
-39
-48
-55
-64
-68
-74
-81
-81
-87
-92
-90
-100
-107
-106
-107
-113
-120
-122
-123
-124
-124
-120
-111
-97
-77
-64
-47
-26
-14
5
19
25
32
33
33
38
47
53
64
74
82
96
103
104
109
102
102
109
108
106
103
99
95
89
85
76
67
59
48
35
28
27
15
9
4
-6
-10
-16
-21
-25
-26
-32
-35
-43
-48
-46
-51
-54
-63
-70
-72
-71
-69
-70
-64
-61
-57
-50
-44
-37
-32
-24
-18
-14
-9
-12
-16
-18
-20
-24
-25
-24
-24
-19
-15
-12
-4
7
18
25
32
40
47
53
55
59
60
64
65
60
57
57
53
46
38
35
32
25
22
16
14
9
0
-10
-17
-22
-29
-39
-45
-53
-59
-68
-74
-71
-71
-69
-69
-67
-63
-59
-58
-56
-53
-44
-40
-36
-29
-21
-11
-5
-1
5
14
24
32
44
47
58
67
68
74
77
81
85
83
81
82
79
72
66
57
49
42
37
31
25
26
20
15
12
8
2
-4
-5
-7
-7
-14
-23
-27
-32
-35
-34
-35
-31
-29
-30
-29
-28
-27
-26
-28
-26
-20
-19
-19
-24
-32
-39
-48
-47
-51
-53
-53
-56
-54
-55
-50
-43
-38
-28
-19
-9
-3
5
7
10
13
13
16
14
14
21
27
28
33
37
33
37
42
46
45
45
42
35
31
22
20
13
3
2
-7
-8
-12
-16
-18
-21
-16
-15
-16
-17
-20
-23
-26
-27
-32
-34
-38
-41
-45
-50
-51
-53
-53
-52
-45
-38
-30
-26
-19
-9
-3
5
12
18
26
35
44
53
64
76
80
82
86
87
86
86
85
88
83
74
74
66
58
53
46
39
37
31
22
12
0
-5
-12
-19
-19
-20
-23
-29
-38
-42
-44
-45
-43
-41
-40
-37
-34
-39
-39
-44
-46
-46
-49
-48
-51
-56
-60
-68
-69
-68
-68
-59
-51
-44
-35
-29
-21
-14
-8
0
5
11
19
18
23
29
27
31
36
40
46
48
51
51
50
50
45
40
42
39
38
36
30
26
19
13
15
16
20
19
14
14
9
9
10
1
0
-1
-8
-9
-12
-17
-23
-28
-33
-37
-40
-40
-43
-49
-52
-55
-51
-48
-46
-36
-29
-25
-22
-21
-18
-16
-12
-6
-2
2
8
11
18
25
30
34
35
39
42
38
37
38
37
40
36
34
33
31
27
24
22
19
18
19
18
17
19
17
12
8
5
4
4
0
-3
-3
-6
-10
-13
-15
-18
-24
-28
-32
-31
-29
-32
-37
-41
-43
-42
-37
-39
-38
-33
-31
-30
-24
-24
-27
-24
-27
-29
-20
-16
-16
-17
-13
-2
8
13
10
10
13
11
10
11
12
17
21
27
28
26
29
23
22
27
31
33
34
26
24
27
28
22
14
13
15
22
21
13
9
5
0
-7
-11
-11
-14
-16
-18
-15
-6
-1
-6
-11
-11
-8
-7
-8
-7
-3
6
9
5
-1
0
-5
-8
-8
-13
-14
-10
-11
-9
-7
-9
-6
0
4
10
20
25
27
33
28
22
19
11
6
9
11
7
6
1
-1
2
-1
-7
-8
-7
-7
-6
-3
-5
-6
-9
-12
-15
-13
-14
-19
-20
-16
-14
-8
-5
-6
1
8
4
3
5
-1
0
1
1
7
13
9
8
7
-1
-7
-17
-22
-21
-21
-16
-13
-12
-7
-3
2
9
16
17
20
16
10
6
1
-3
-7
-7
-10
-11
-8
-8
-5
2
8
11
13
10
6
2
-5
-8
-11
-12
-8
-13
-17
-14
-14
-10
-2
3
8
13
12
9
9
4
1
5
3
3
4
-2
-3
-6
-11
-7
-6
-3
1
-1
4
6
0
1
7
9
12
18
11
7
7
2
2
10
10
10
12
12
7
5
3
-1
3
6
4
9
11
7
12
11
8
10
10
9
7
1
-5
-10
-15
-20
-16
-11
-9
-8
-8
-6
-4
-3
-4
-7
-9
-9
-8
-7
-10
-9
-10
-14
-16
-17
-20
-17
-15
-13
-6
0
0
-1
1
-3
-1
0
-3
-2
-6
-3
-3
-2
0
-1
-1
-1
2
5
7
7
10
19
22
19
16
14
5
-3
-4
-4
-1
4
5
9
12
12
10
7
4
2
4
3
-2
-3
1
5
2
1
0
-3
-4
-6
-1
4
4
2
3
9
7
5
3
-2
-5
-6
-5
-11
-15
-16
-13
-7
-6
0
7
13
13
12
12
7
0
-2
5
7
7
2
-1
0
-1
-1
1
-1
4
12
14
14
15
10
5
4
2
-2
-6
-13
-15
-9
-6
-7
-8
-8
-6
-1
5
4
3
3
4
1
-2
-6
-12
-15
-19
-18
-13
-11
-10
-10
-9
-10
-4
-2
-2
0
1
-4
-4
-4
-7
-6
-4
-3
-2
0
4
8
15
16
17
18
20
18
18
19
15
8
5
0
-7
-8
-13
-17
-16
-10
-8
-3
-2
-3
5
9
7
10
15
10
9
6
1
0
-1
-5
-3
4
5
8
10
6
5
6
-1
-7
-9
-10
-11
-12
-12
-13
-12
-11
-10
-3
0
-1
1
-1
-6
-4
-7
-13
-14
-15
-11
-4
-4
-1
6
8
12
15
14
13
12
5
2
-3
-5
-2
-6
-4
1
3
5
6
5
11
14
16
20
19
19
17
12
7
4
1
1
-2
-8
-7
-9
-12
-12
-12
-12
-6
-3
2
6
4
3
-2
-3
1
3
4
0
-6
-7
-7
-11
-10
-10
-12
-8
-7
-9
-7
-4
-5
1
3
-1
-1
-3
-11
-12
-13
-16
-14
-14
-14
-16
-19
-17
-9
-1
6
14
17
16
18
14
14
18
19
18
15
8
5
4
3
6
13
17
19
21
19
20
22
24
23
20
16
10
7
4
-5
-9
-11
-13
-12
-13
-14
-16
-16
-23
-22
-16
-17
-17
-20
-27
-25
-24
-29
-28
-31
-32
-24
-18
-16
-10
-6
1
8
11
13
13
14
17
21
24
28
29
25
22
25
28
29
23
16
15
13
12
17
17
17
17
14
13
14
15
16
10
6
1
-2
0
-3
-10
-11
-13
-9
-5
-13
-21
-24
-22
-21
-19
-18
-19
-17
-18
-19
-14
-15
-16
-18
-18
-10
-2
0
-3
-5
-4
0
-2
-8
-13
-19
-17
-12
-10
-8
-6
-5
-4
0
4
5
4
0
-2
0
-3
-2
2
6
12
12
13
22
25
28
26
22
25
27
22
18
17
18
22
21
14
13
6
-2
-4
-6
-6
-9
-18
-20
-16
-12
-10
-18
-22
-19
-15
-10
-10
-11
-12
-13
-12
-9
-4
-5
-8
-10
-6
1
3
2
2
5
10
13
12
15
22
23
22
21
19
22
23
19
17
20
19
18
16
14
10
7
3
5
4
3
-1
-5
-1
-3
-6
-11
-21
-22
-21
-24
-28
-26
-24
-24
-23
-21
-18
-14
-16
-15
-11
-7
-3
-7
-11
-11
-12
-14
-19
-19
-17
-10
-8
-8
-5
-2
0
-1
-3
-4
-6
-6
-8
-11
-15
-18
-17
-12
-9
-4
-4
-1
6
10
10
11
4
4
14
16
20
22
21
14
12
16
16
18
18
16
20
27
32
32
26
22
22
23
22
24
19
14
11
9
7
8
5
-2
-7
-6
-2
4
4
-1
0
4
7
9
8
3
-1
0
2
1
-4
-11
-14
-16
-9
-1
0
2
5
11
19
26
30
24
18
13
13
13
11
4
0
-4
-5
-8
-15
-19
-27
-33
-29
-29
-27
-24
-26
-24
-21
-14
-10
-9
-13
-15
-17
-19
-17
-20
-25
-25
-24
-24
-20
-20
-20
-16
-14
-12
-11
-13
-17
-18
-18
-17
-12
-12
-17
-15
-16
-14
-13
-15
-19
-15
-11
-9
-2
-1
0
4
9
14
21
22
20
19
19
18
17
17
18
19
25
31
36
42
43
43
40
40
39
38
37
36
36
37
34
32
30
25
17
10
2
-1
-3
-6
-7
-2
2
5
8
4
-2
-10
-20
-26
-29
-30
-29
-29
-24
-17
-14
-12
-11
-13
-16
-18
-18
-13
-12
-9
-3
7
14
17
18
13
11
9
3
0
0
-3
0
6
9
14
19
17
14
11
6
1
-4
-8
-10
-8
-5
-4
-1
-1
-3
-5
-11
-14
-16
-19
-14
-11
-12
-8
-11
-15
-13
-15
-16
-16
-18
-22
-25
-28
-29
-26
-24
-27
-23
-23
-23
-21
-22
-20
-18
-18
-16
-12
-10
-8
-2
-1
1
5
7
6
8
13
15
23
30
32
35
35
35
34
32
32
35
35
36
38
34
33
33
28
25
20
17
16
16
13
10
6
-3
-6
-9
-13
-10
-13
-16
-14
-14
-15
-11
-10
-13
-12
-14
-18
-21
-16
-15
-15
-9
-9
-5
-3
-4
-3
-8
-8
-4
-2
0
6
8
4
6
11
10
10
12
9
6
5
3
4
3
4
6
8
11
16
15
17
16
10
7
4
-1
-1
-1
-4
-3
3
-1
-1
3
-2
-5
-6
-11
-12
-14
-18
-23
-25
-29
-31
-31
-34
-35
-32
-33
-34
-34
-34
-31
-30
-32
-32
-33
-30
-25
-23
-18
-15
-10
-5
-6
-4
-1
0
1
4
8
9
16
21
24
30
34
37
40
44
45
44
42
40
37
36
34
30
28
30
31
34
39
42
45
49
48
45
39
33
26
18
8
1
-3
-7
-8
-8
-7
-6
-4
-5
-6
-6
-11
-16
-19
-24
-29
-31
-31
-32
-34
-36
-35
-36
-37
-39
-39
-39
-39
-41
-40
-36
-31
-26
-19
-12
-3
6
14
15
16
17
18
17
10
5
2
5
7
10
13
22
28
33
38
37
37
34
31
26
20
17
17
15
9
3
-4
-11
-14
-20
-26
-30
-34
-34
-33
-30
-27
-28
-30
-31
-34
-36
-39
-42
-42
-46
-48
-51
-50
-46
-39
-30
-22
-12
-4
6
10
12
16
17
16
14
14
16
24
29
34
37
37
39
40
39
42
42
47
51
55
57
57
54
44
37
27
22
20
17
18
18
17
20
20
19
14
9
4
-4
-9
-10
-11
-12
-11
-15
-16
-20
-26
-29
-31
-32
-35
-34
-32
-29
-23
-18
-14
-13
-11
-13
-16
-18
-24
-25
-24
-21
-15
-7
-2
0
2
4
7
8
9
8
4
3
5
8
11
13
12
7
4
3
3
3
1
1
4
6
8
10
9
7
5
3
-2
-8
-14
-21
-22
-22
-21
-17
-16
-17
-18
-16
-13
-15
-13
-12
-11
-6
-3
0
1
-2
-6
-8
-9
-8
-7
-7
-7
-8
-4
-2
1
3
4
10
13
19
25
26
28
28
28
29
29
32
33
34
34
33
34
28
22
15
12
11
13
15
16
17
20
19
17
14
10
7
1
-3
-5
-7
-6
-3
-2
0
3
3
2
-2
-7
-15
-22
-30
-39
-44
-47
-45
-41
-37
-34
-32
-27
-20
-14
-7
-6
-2
1
-1
-1
-6
-11
-15
-19
-20
-20
-19
-12
-6
1
4
8
8
9
11
11
14
18
17
18
18
17
14
8
3
0
-3
-5
-4
-2
1
6
9
12
15
13
9
3
0
-3
-8
-9
-10
-11
-9
-12
-14
-14
-14
-13
-15
-14
-13
-9
-5
-3
-2
-1
0
-1
1
3
2
4
7
8
10
9
12
14
17
19
16
12
10
7
5
3
1
2
6
11
16
19
22
23
20
16
12
7
7
8
8
9
8
12
12
12
10
6
4
0
-5
-10
-11
-13
-15
-13
-15
-13
-7
-6
-8
-9
-7
-9
-11
-8
-9
-5
-2
-3
-4
-1
-2
-2
-5
-10
-13
-13
-12
-10
-7
-4
1
2
2
-3
-4
-2
-7
-8
-7
-8
-5
-3
-5
-7
-6
-1
1
3
3
0
2
2
-2
-1
1
6
6
5
4
2
4
4
-1
-2
-3
-5
-7
-13
-17
-18
-13
-5
-3
1
6
2
1
-5
-8
-3
0
3
4
5
6
3
4
2
1
4
3
1
1
3
7
11
10
10
13
16
13
7
4
0
2
5
8
15
19
19
20
20
20
22
22
19
15
11
6
3
5
6
8
10
11
8
5
1
-2
-1
-2
-1
0
0
4
7
4
-3
-8
-8
-10
-15
-18
-20
-21
-22
-24
-20
-14
-13
-7
-4
-3
-5
-8
-12
-18
-20
-18
-16
-16
-15
-14
-12
-16
-19
-20
-18
-14
-13
-9
-3
0
3
4
8
8
3
1
-4
-8
-10
-15
-17
-15
-13
-8
-5
-3
0
2
5
8
8
8
9
7
8
10
11
11
9
7
5
1
-2
-2
-2
-1
3
5
7
9
7
8
9
12
16
20
24
24
20
19
17
14
12
13
13
9
6
7
8
11
11
10
11
14
15
17
18
17
13
11
7
6
6
1
-2
-3
-2
0
-2
-5
-3
-5
-9
-10
-10
-10
-7
-4
-1
1
-2
-6
-13
-17
-16
-16
-16
-16
-17
-16
-13
-13
-14
-17
-18
-18
-15
-11
-8
-7
-8
-9
-11
-12
-13
-16
-17
-16
-11
-7
-3
1
5
6
6
7
5
5
5
5
6
6
10
8
4
-2
-2
-1
-1
2
1
-1
-2
-4
-6
-4
-1
-2
-3
-3
-3
0
3
6
5
1
-2
-1
0
3
7
10
10
11
10
11
10
7
5
4
7
8
8
12
14
16
14
9
5
4
5
9
11
11
10
8
5
3
-3
-2
-3
-5
-7
-8
-6
-4
0
-1
-3
-3
-4
-1
-1
-1
2
3
5
2
-1
-1
-2
1
3
0
2
4
2
2
-1
-2
-1
-4
-7
-8
-8
-8
-7
-8
-13
-12
-11
-10
-11
-11
-9
-10
-12
-14
-14
-16
-18
-16
-16
-14
-9
-8
-10
-10
-7
-3
-1
2
2
3
5
8
13
18
21
18
17
12
7
4
4
1
-1
-1
1
5
9
8
8
6
4
6
7
6
7
7
3
2
1
-1
1
3
1
2
1
-1
-1
2
3
7
10
11
13
15
16
17
17
15
10
9
7
6
5
3
0
-3
-7
-6
-4
-3
-1
-1
-2
-2
0
0
-3
-6
-10
-14
-16
-15
-16
-16
-13
-12
-12
-13
-14
-13
-10
-7
-3
1
6
7
7
6
3
1
-2
-6
-4
0
3
4
1
-4
-8
-8
-7
-2
1
1
2
1
-1
-3
-3
-5
-4
-4
-7
-8
-11
-14
-15
-16
-12
-8
-2
0
1
1
1
6
7
8
9
7
3
4
1
-1
-2
-2
1
8
15
19
19
16
9
6
4
5
11
13
13
15
13
13
13
11
9
6
0
-7
-11
-14
-13
-8
-5
-2
3
6
9
11
7
2
-3
-9
-8
-7
-6
-1
1
4
8
8
10
13
12
12
15
16
18
18
14
13
10
6
3
1
-2
-8
-14
-18
-19
-18
-15
-12
-11
-11
-11
-12
-12
-13
-15
-18
-19
-22
-23
-21
-18
-14
-14
-14
-15
-15
-14
-9
-4
1
2
2
5
10
13
15
14
8
4
-2
-6
-7
-8
-5
1
9
14
12
9
5
0
-2
-5
-9
-10
-10
-6
1
3
-1
-4
-9
-12
-11
-8
-6
-2
3
7
13
19
19
18
20
19
19
18
15
13
13
11
9
13
11
8
8
7
5
6
5
3
5
6
8
13
12
9
6
1
-1
0
-2
-1
-1
-1
0
-1
-3
-6
-11
-12
-11
-6
-3
0
0
1
3
5
5
6
2
0
-1
-3
-4
-7
-12
-14
-12
-12
-11
-8
-5
-5
-3
-3
-5
-4
-6
-6
-5
-8
-9
-10
-13
-12
-14
-16
-13
-11
-11
-9
-6
-3
1
3
4
4
-2
-3
-2
-7
-7
-8
-10
-10
-8
-7
-6
-6
-6
0
2
4
6
10
13
13
11
9
10
9
9
9
7
5
2
1
1
2
2
5
9
10
13
15
14
13
9
6
4
3
2
2
2
0
0
1
1
5
6
7
11
11
13
10
11
11
11
11
8
9
9
11
11
10
8
6
5
2
1
-1
-3
-2
-3
-1
-1
-3
-5
-7
-9
-8
-7
-5
-2
-2
-2
-2
-3
-5
-5
-7
-7
-8
-7
-6
-6
-6
-8
-9
-12
-14
-14
-14
-12
-12
-10
-10
-10
-8
-10
-9
-11
-10
-7
-7
-5
-4
-3
-3
-5
-7
-7
-7
-6
-2
1
5
5
4
1
-3
-9
-12
-12
-12
-10
-5
-1
0
3
4
3
1
0
2
2
4
6
7
7
5
9
9
9
9
9
9
9
9
9
7
7
5
5
4
5
7
10
11
11
9
7
3
0
-1
-1
2
6
9
12
18
20
18
16
11
5
1
-2
-3
-3
-4
-2
1
5
8
9
11
8
5
2
-1
-3
-5
-5
-5
-5
-3
-2
-1
1
0
-3
-3
-5
-8
-8
-9
-9
-6
-6
-5
-3
-4
-4
-6
-10
-13
-17
-17
-19
-17
-17
-16
-13
-11
-8
-7
-2
-1
0
-1
-2
-5
-6
-7
-8
-10
-10
-8
-7
-5
-7
-7
-8
-9
-9
-10
-6
-5
-2
2
7
9
11
12
9
8
7
5
4
4
4
4
4
2
3
4
8
9
14
17
16
17
16
14
9
7
4
0
2
2
5
6
9
9
9
11
12
15
17
19
20
20
19
18
18
14
13
11
8
6
3
-1
-7
-9
-12
-14
-13
-10
-8
-4
-1
0
3
1
-2
-4
-6
-7
-7
-3
-2
0
1
-1
-3
-4
-3
-7
-7
-7
-9
-8
-9
-8
-8
-9
-12
-13
-13
-15
-14
-16
-15
-16
-15
-17
-20
-20
-18
-14
-9
-5
-4
-2
0
-2
-2
-3
-4
-4
-5
-5
-6
-4
-4
-5
-5
-5
-5
-4
-5
-4
0
5
7
9
10
9
9
9
6
5
7
8
9
11
11
12
13
10
8
8
7
8
9
6
6
6
5
3
4
4
5
6
6
5
6
7
9
10
15
18
23
24
23
23
19
15
7
1
-6
-7
-9
-10
-8
-7
-5
-4
-3
-1
0
2
2
3
6
8
10
9
6
4
2
-1
-2
-3
-5
-6
-10
-12
-16
-18
-19
-19
-16
-13
-8
-4
0
5
7
5
4
-1
-5
-8
-11
-13
-11
-11
-10
-10
-9
-9
-9
-7
-9
-6
-5
-5
-1
-4
-6
-6
-14
-17
-20
-23
-23
-23
-22
-18
-16
-12
-9
-6
-3
-2
2
2
3
4
4
7
10
11
12
12
8
6
5
4
0
-1
0
2
5
7
10
13
13
14
15
12
11
10
9
9
10
11
12
13
13
12
13
11
11
13
16
17
19
19
20
18
15
11
5
2
-2
-3
-2
-1
0
1
1
2
1
1
-2
-1
2
6
10
11
10
11
8
3
-3
-10
-12
-14
-13
-12
-11
-7
-6
-4
-3
-3
-3
-6
-6
-6
-7
-7
-9
-9
-9
-9
-9
-11
-13
-16
-15
-13
-9
-3
-1
2
4
4
3
0
-1
-5
-8
-12
-15
-15
-16
-16
-13
-10
-8
-7
-6
-5
-3
-3
-3
0
2
3
6
5
3
1
-2
-4
-3
-7
-7
-6
-7
-4
-2
3
7
10
11
10
10
9
8
7
4
2
1
3
4
5
6
6
2
0
-1
-1
-1
1
5
9
13
16
17
16
13
9
4
2
-1
-1
-1
1
3
6
7
7
5
3
5
3
1
1
1
1
2
3
4
4
3
4
3
4
3
1
-1
-4
-6
-9
-9
-9
-8
-4
-1
2
7
8
5
1
-3
-8
-9
-10
-6
-3
-3
-1
-2
-1
-2
-4
-6
-6
-5
-3
2
6
7
7
3
-3
-8
-12
-14
-15
-12
-10
-6
-1
2
4
1
1
0
-2
-1
-3
-5
-5
-7
-8
-10
-10
-6
-4
-1
0
3
5
5
8
6
3
2
-1
-1
-1
2
5
6
7
7
6
5
3
1
0
-2
-1
-1
1
1
1
2
3
5
6
5
4
3
0
-2
-5
-7
-4
-2
1
3
4
5
6
5
2
-1
-2
-1
-1
2
5
7
9
9
6
4
0
-2
-4
-7
-6
-4
-2
2
2
3
2
1
1
-2
-3
-2
-1
0
2
3
3
4
5
3
-1
-6
-7
-7
-6
-5
-1
0
2
3
3
1
-1
-2
-5
-7
-9
-9
-7
-6
-3
-1
2
5
5
4
1
-3
-5
-7
-7
-8
-7
-8
-5
-4
-6
-7
-8
-8
-8
-9
-7
-5
-2
0
3
5
7
9
9
6
5
1
0
-2
-4
-3
-4
-2
0
3
5
7
7
8
6
6
5
2
3
3
3
3
4
5
6
7
6
7
6
4
5
7
7
10
12
11
11
10
8
6
3
0
-1
-2
-1
1
3
5
6
6
4
4
2
0
-1
-4
-4
-3
-1
0
0
-1
-2
-2
-3
-4
-7
-7
-8
-10
-11
-11
-10
-11
-11
-12
-10
-7
-5
-2
-1
-2
-2
-4
-6
-9
-10
-9
-10
-9
-8
-6
-3
-1
0
1
2
1
-1
-3
-6
-9
-10
-11
-7
-3
-2
0
1
4
5
6
8
9
8
6
3
0
-1
-2
-2
-2
0
0
2
3
2
4
7
8
8
9
7
7
3
0
-1
-2
2
3
3
5
4
4
4
4
5
4
4
3
1
2
-2
-1
0
1
1
1
2
5
8
7
6
5
3
1
-2
-1
-1
-1
0
