SAMPLES:	22082
BITSPERSAMPLE:	16
CHANNELS:	1
SAMPLERATE:	16000
NORMALIZED:	FALSE
-4
-4
-4
-4
-4
-6
-5
-5
-5
-2
0
-1
0
1
3
3
4
5
5
5
4
6
8
8
8
9
10
12
12
11
10
9
10
10
9
8
6
4
4
3
3
2
1
1
1
2
1
1
0
0
2
1
3
3
3
4
3
4
4
5
5
4
4
4
4
4
5
4
5
4
5
3
2
2
2
3
4
2
2
0
-2
-3
-2
-4
-4
-6
-7
-7
-8
-8
-10
-9
-9
-9
-8
-8
-8
-9
-10
-9
-10
-9
-8
-9
-9
-9
-8
-9
-9
-9
-9
-9
-10
-9
-9
-10
-9
-8
-8
-6
-5
-5
-2
-2
-2
-2
-1
-1
0
2
1
1
1
0
3
4
3
3
2
4
4
5
7
6
6
6
7
8
8
8
8
6
7
6
5
5
5
5
3
3
2
1
1
0
0
0
-1
0
1
2
4
6
6
8
7
9
9
9
9
9
8
7
7
6
7
6
6
4
3
3
2
3
3
3
3
3
4
2
1
0
0
0
0
-2
-6
-7
-7
-5
-5
-4
-5
-4
-5
-4
-4
-5
-5
-5
-3
-2
0
1
1
4
6
6
4
3
2
1
-1
-2
-3
-3
-2
-5
-5
-7
-8
-9
-12
-12
-13
-15
-15
-16
-18
-16
-14
-12
-10
-10
-12
-11
-8
-6
-4
-3
-1
1
1
3
3
4
5
6
7
7
6
6
6
8
9
8
9
8
7
6
5
3
1
1
0
-1
-1
-3
-4
-4
-3
-3
-4
-4
-4
-5
-5
-4
-1
2
4
4
5
7
8
11
11
13
13
14
14
14
13
12
11
10
9
7
5
4
1
2
3
2
1
-1
-2
-5
-6
-7
-6
-8
-7
-5
-5
-3
-3
-3
-3
-1
1
0
3
3
2
2
2
2
5
4
2
3
4
5
6
4
4
5
6
6
5
4
4
3
3
3
3
2
0
1
0
0
-1
-4
-3
-5
-6
-7
-9
-9
-10
-10
-9
-9
-10
-11
-13
-11
-12
-11
-10
-10
-11
-9
-10
-9
-9
-10
-11
-9
-8
-6
-4
-4
-2
-3
-2
0
2
5
7
8
10
12
13
13
13
14
14
14
16
16
16
15
14
13
12
11
9
6
5
3
1
-1
-3
-4
-7
-9
-11
-12
-13
-13
-14
-14
-14
-13
-13
-13
-13
-12
-10
-9
-8
-5
-3
-1
1
4
5
7
8
9
10
11
11
14
14
12
13
12
10
9
8
9
8
6
5
5
2
0
-3
-5
-7
-7
-8
-11
-11
-12
-13
-11
-11
-10
-9
-8
-5
-4
-2
-1
1
3
3
4
5
7
9
10
11
11
10
9
10
8
7
7
5
4
3
2
0
0
-1
-1
-2
-4
-4
-4
-4
-4
-4
-5
-5
-5
-6
-6
-6
-7
-5
-4
-3
-3
-3
-4
-4
-5
-3
-1
-1
2
2
4
4
7
8
7
8
8
8
7
8
6
6
4
1
1
-2
-4
-6
-8
-10
-9
-9
-9
-8
-8
-8
-9
-5
-4
-3
-1
0
-1
-1
0
0
-1
-1
-2
-1
-2
-2
-2
-2
-4
-3
-3
-2
-3
-1
0
0
0
0
0
0
0
-2
0
-1
0
2
3
3
4
6
7
7
7
8
9
10
10
8
8
9
8
8
7
5
4
3
3
2
2
1
0
0
2
4
4
5
5
2
1
3
3
2
2
1
1
-1
0
1
1
1
0
1
2
4
5
5
4
3
4
5
4
4
1
-1
-4
-4
-3
-4
-5
-7
-7
-7
-6
-6
-7
-8
-9
-9
-9
-8
-10
-10
-11
-11
-12
-12
-11
-11
-12
-12
-10
-9
-6
-5
-1
1
3
6
7
7
7
7
6
5
6
5
5
4
3
2
2
-1
-1
-1
-2
-4
-4
-5
-7
-5
-4
-3
-4
-4
-5
-4
-4
-6
-7
-8
-6
-4
-2
1
2
4
5
6
7
7
9
10
9
8
7
7
7
8
7
8
8
10
11
11
10
10
10
10
10
12
12
11
8
7
6
5
3
0
-3
-4
-5
-5
-5
-5
-3
-4
-4
-3
-3
-1
1
-1
-1
-1
-2
0
-1
-3
-4
-4
-5
-4
-6
-5
-4
-6
-6
-4
-4
-2
-1
-3
-3
-1
-2
-4
-4
-5
-5
-5
-6
-4
-4
-4
-1
-1
-1
-1
2
3
5
6
6
6
4
2
2
0
-1
-3
-4
-7
-10
-11
-13
-13
-13
-13
-13
-11
-9
-8
-6
-5
-3
0
1
3
6
6
5
5
7
7
6
5
2
2
4
3
7
8
9
10
8
7
7
7
7
6
5
3
2
2
-1
-3
-5
-5
-5
-5
-5
-5
-4
-6
-4
-4
-2
-1
0
1
4
6
8
8
7
5
5
5
6
6
3
2
3
3
3
4
4
6
5
7
8
8
6
3
-1
-2
-1
0
-2
-4
-8
-9
-8
-9
-10
-11
-12
-10
-8
-6
-5
-3
0
3
4
4
6
5
3
3
4
3
5
3
1
-1
1
1
1
0
-2
-5
-6
-7
-7
-7
-8
-7
-6
-8
-8
-8
-7
-9
-9
-9
-8
-7
-3
0
1
4
8
11
12
13
13
13
14
15
15
14
13
11
9
7
7
6
4
3
0
-4
-7
-9
-9
-8
-9
-11
-10
-13
-15
-17
-16
-17
-15
-15
-13
-13
-10
-7
-4
0
1
4
4
6
10
11
14
17
19
19
19
20
19
20
21
17
16
15
13
11
7
2
1
-2
-4
-7
-10
-14
-16
-18
-18
-17
-18
-20
-21
-21
-18
-17
-15
-13
-11
-8
-5
-1
2
3
6
9
10
12
13
13
15
16
16
17
16
16
16
15
12
11
9
6
3
0
-2
-3
-5
-6
-7
-8
-8
-10
-13
-14
-15
-16
-15
-17
-15
-14
-12
-9
-8
-5
-3
0
2
3
4
6
8
10
11
12
14
14
14
13
13
11
11
9
8
6
5
4
3
0
-2
-3
-3
-4
-6
-8
-10
-10
-11
-11
-13
-13
-14
-11
-9
-8
-8
-6
-5
-6
-5
-2
-3
-3
-1
-1
1
2
4
3
3
1
3
4
5
6
5
4
7
5
5
4
3
2
4
5
4
4
3
4
4
2
2
1
1
2
2
2
3
4
2
3
3
1
1
0
0
-1
0
-1
-1
-3
-3
-3
-2
-3
-3
-4
-5
-4
-4
-5
-4
-5
-4
-2
-1
2
2
2
3
3
2
2
1
1
3
4
4
4
5
6
7
7
5
5
3
2
1
-1
-3
-6
-6
-7
-7
-6
-7
-6
-8
-7
-7
-7
-8
-8
-8
-7
-6
-5
-2
-2
1
4
6
9
10
10
11
12
12
11
11
10
10
8
6
7
6
4
3
2
0
-2
-3
-4
-5
-7
-6
-7
-9
-10
-9
-9
-11
-11
-13
-13
-11
-10
-9
-8
-7
-6
-6
-4
-2
-1
1
3
2
3
6
8
9
12
11
11
11
11
11
9
9
9
9
6
5
2
-1
-2
-2
-2
0
0
-1
-2
-3
-4
-3
-2
-1
-1
-2
-3
-2
-1
0
2
3
4
3
2
3
2
2
3
2
1
2
1
1
1
2
1
2
2
1
-1
-2
-1
0
-1
-1
-1
-3
-5
-6
-7
-6
-4
-3
-3
-3
-2
-1
-1
1
2
4
4
5
3
3
2
1
4
2
3
2
0
1
-2
1
0
-2
-1
-3
-4
-6
-6
-6
-6
-8
-9
-10
-12
-12
-12
-11
-8
-6
-6
-6
-7
-7
-7
-3
-1
0
2
1
-1
1
2
3
2
4
5
7
7
4
5
6
6
5
3
2
1
-1
-2
-1
-1
-2
-1
-2
-2
0
-1
0
0
0
3
2
3
2
2
3
5
6
9
9
7
7
6
6
9
8
10
10
10
10
6
6
5
4
4
4
1
2
3
3
2
3
3
2
2
2
1
1
1
0
1
0
-1
-2
-2
-1
-1
-2
-3
-5
-6
-5
-6
-6
-5
-4
-3
-2
-1
-1
-1
-1
-1
-1
1
2
0
-1
-1
-1
-3
-2
-2
-3
-3
-4
-6
-6
-6
-6
-5
-4
-2
-3
-2
-1
-1
-1
0
0
-2
-1
-1
-2
0
1
0
1
1
-1
-3
0
0
-2
-2
-2
-1
0
0
1
-1
-1
0
-1
-1
0
-2
-5
-3
-3
-4
-2
-2
-2
-1
0
1
2
3
4
5
6
6
8
7
7
5
4
2
2
0
-1
0
-1
-1
-1
-2
-2
-2
-2
-2
-2
-2
-3
-3
-2
-1
-2
-3
-3
-2
-1
0
2
2
1
2
0
2
2
4
5
7
8
8
9
9
9
9
11
11
13
13
12
12
12
10
6
5
3
2
2
1
1
0
-4
-6
-8
-11
-13
-16
-17
-19
-18
-16
-14
-12
-12
-12
-10
-10
-10
-8
-8
-5
-4
-3
-2
-2
-1
1
2
4
5
6
6
5
5
5
5
4
4
5
4
6
6
6
5
4
3
2
2
1
0
-1
0
2
3
4
4
4
4
3
1
0
-2
-4
-5
-5
-5
-5
-6
-7
-6
-6
-9
-10
-11
-12
-12
-12
-13
-12
-10
-5
-2
0
1
3
5
7
8
7
6
6
6
6
6
8
9
10
10
9
9
9
8
8
9
10
10
9
7
7
9
10
10
8
6
3
2
1
1
0
-2
-3
-4
-6
-5
-4
-6
-7
-8
-9
-9
-10
-10
-7
-6
-2
-1
-1
-1
-1
-1
1
3
1
1
0
0
0
1
2
2
1
1
0
0
0
-1
-1
-2
-2
-4
-4
-3
-5
-4
-4
-3
-3
-5
-7
-7
-6
-6
-6
-7
-8
-7
-6
-4
-4
-2
-3
-2
0
-1
1
3
4
5
6
6
6
5
6
6
8
9
9
8
10
9
10
9
8
8
5
4
4
1
-2
-5
-8
-10
-13
-15
-15
-16
-18
-15
-15
-16
-15
-14
-15
-16
-14
-13
-10
-8
-6
-2
2
4
7
10
12
15
18
19
18
18
21
21
23
24
24
23
21
20
18
18
17
16
15
12
10
11
9
8
6
7
4
4
3
1
-1
-3
-5
-8
-9
-12
-14
-15
-18
-19
-20
-20
-20
-21
-20
-21
-22
-22
-21
-22
-22
-19
-18
-15
-12
-8
-5
-2
1
3
5
6
6
8
8
7
8
7
7
6
5
4
5
5
6
5
5
5
5
3
3
0
0
-1
-2
-3
-6
-8
-9
-10
-11
-12
-12
-13
-15
-16
-16
-16
-17
-15
-15
-15
-15
-13
-12
-11
-8
-5
-4
-2
0
4
6
9
13
14
16
17
21
20
22
24
23
24
25
23
23
22
21
22
21
19
17
16
15
14
11
9
7
4
2
1
-1
-1
-2
-2
-2
-3
-3
-4
-2
-1
-2
-3
-3
-1
-1
0
0
0
1
1
2
5
4
5
6
6
5
6
6
7
7
5
4
3
2
1
-1
-1
-1
-3
-4
-6
-8
-9
-13
-14
-16
-16
-18
-18
-18
-19
-20
-20
-15
-12
-16
-17
-16
-14
-10
-12
-11
-9
-7
-6
-6
-3
1
4
4
3
4
8
9
5
3
7
12
10
1
-7
-3
4
8
3
-1
-2
-3
-3
0
5
3
-4
-4
1
3
3
3
-1
-4
-1
7
5
1
-1
3
4
0
1
7
7
5
4
7
8
6
3
2
4
8
11
7
3
1
6
10
9
5
8
7
3
3
7
5
6
5
6
6
2
2
0
-6
-8
-8
-7
-9
-10
-14
-20
-24
-27
-24
-18
-14
-8
-13
-24
-27
-17
-5
-3
-4
-6
-11
-10
-6
-4
-2
1
2
5
12
22
26
21
12
9
14
37
67
48
-6
-25
15
52
36
3
-1
15
15
10
12
24
41
34
-6
-44
-29
13
13
-30
-43
0
12
-53
-136
-128
-4
106
57
-90
-147
-75
-3
11
16
20
-35
-93
-41
55
56
-14
-45
-43
-23
41
110
61
-81
-119
-25
50
31
28
42
-20
-98
-64
61
80
-9
-51
-16
20
43
61
26
-48
-58
36
102
66
37
41
8
-49
-12
88
109
32
-22
1
36
45
38
33
24
29
42
59
68
58
29
-14
-15
43
82
72
45
25
5
-4
4
28
39
21
-9
-30
-26
-18
-20
-20
-19
-14
-2
8
12
2
-20
-32
-24
-7
1
0
-16
-50
-67
-59
-47
-33
-28
-39
-48
-52
-52
-51
-54
-67
-78
-80
-44
16
32
-33
-107
-99
-46
-16
-21
-32
-48
-72
-73
-66
-89
-115
-75
2
20
-24
-61
-69
-87
-74
-4
32
-15
-68
-50
-21
-33
-33
-3
-4
-28
-6
46
47
-1
-11
16
33
56
104
113
55
16
53
105
111
101
101
81
65
86
113
90
51
67
104
113
103
101
88
53
42
71
92
75
43
19
-10
-27
2
32
17
-16
-17
8
21
18
17
5
-12
-15
-5
11
24
22
0
-20
-12
20
40
37
18
4
4
20
39
38
19
-10
-25
-17
1
4
-15
-40
-55
-49
-25
-19
-36
-64
-85
-80
-63
-34
-35
-66
-96
-99
-67
-39
-43
-65
-74
-48
-19
-11
-12
-18
-25
-37
-32
5
38
35
4
-24
-16
2
21
30
13
-2
-18
-16
-6
7
25
9
-24
-44
-35
3
26
26
10
-10
-20
-22
-6
8
4
2
-5
-7
2
12
16
-5
-20
-11
7
28
31
14
-5
-16
-1
8
20
31
18
-10
-26
0
28
19
8
11
12
7
14
39
18
-26
-25
20
48
34
22
18
-5
-15
8
28
19
16
42
50
32
27
36
28
10
28
62
48
0
-24
-9
13
28
45
35
3
-17
-6
17
18
8
-4
-18
-20
-1
11
-3
-25
-26
-17
-3
16
23
10
-12
-22
-8
-3
-6
-10
-27
-45
-41
-19
-16
-33
-31
-25
-29
-37
-39
-45
-69
-76
-64
-61
-72
-72
-65
-72
-84
-74
-65
-73
-85
-89
-90
-79
-68
-72
-86
-76
-50
-42
-50
-40
-15
-1
3
15
35
36
44
69
98
109
104
105
107
110
128
139
130
121
141
162
145
110
98
103
107
106
106
108
89
60
22
-7
-1
12
8
-23
-36
-28
-49
-94
-100
-65
-46
-49
-62
-72
-80
-73
-56
-67
-71
-41
8
23
4
15
43
45
44
97
155
148
105
110
135
147
174
196
198
174
172
178
159
145
148
156
137
103
102
100
48
-6
-36
-39
-33
-36
-56
-130
-205
-218
-208
-223
-269
-291
-300
-329
-351
-355
-381
-418
-422
-395
-404
-444
-424
-368
-360
-393
-402
-367
-335
-293
-208
-148
-145
-164
-161
-117
-54
42
121
109
78
100
165
212
227
260
287
281
284
287
290
264
237
233
229
255
268
209
114
71
111
161
162
132
83
32
8
44
85
71
13
-36
-30
65
227
307
217
121
229
425
455
343
334
488
630
659
598
481
378
428
583
616
503
415
436
392
252
196
240
203
25
-108
-106
-155
-298
-423
-469
-501
-551
-535
-520
-605
-706
-732
-688
-626
-587
-556
-568
-571
-474
-398
-454
-545
-481
-268
-141
-173
-263
-275
-187
-77
-75
-165
-162
15
153
29
-167
-171
-22
61
39
42
54
-27
-104
-96
-46
-32
-28
-25
-79
-99
-24
27
-50
-155
-108
30
54
3
-19
-32
-89
-136
-30
101
77
-55
-144
-109
-64
-66
-66
-67
-102
-157
-165
-125
-131
-160
-174
-187
-191
-141
-45
-37
-131
-150
-2
120
137
137
191
272
324
384
454
527
609
662
670
721
915
1136
1149
1039
1074
1253
1329
1247
1230
1337
1416
1436
1370
1207
1007
946
1045
991
743
568
497
330
39
-131
-129
-233
-509
-721
-778
-894
-1096
-1215
-1288
-1398
-1436
-1328
-1255
-1345
-1453
-1398
-1296
-1266
-1140
-863
-656
-679
-722
-566
-405
-379
-311
-151
-115
-219
-167
71
112
-170
-401
-339
-176
-130
-157
-271
-504
-639
-468
-265
-459
-768
-641
-264
-239
-518
-635
-543
-463
-375
-141
55
-54
-241
-175
45
216
363
499
505
431
512
708
739
594
558
715
792
714
636
576
441
278
229
292
307
209
38
-109
-170
-185
-181
-172
-203
-250
-264
-295
-343
-335
-264
-199
-195
-233
-189
-74
-45
-120
-126
-14
122
214
271
350
433
479
515
584
717
983
1291
1464
1455
1433
1568
1772
1873
1863
1870
1967
2117
2178
2002
1629
1343
1372
1551
1523
1222
898
661
387
67
-154
-258
-454
-785
-1075
-1287
-1506
-1725
-1900
-2056
-2135
-2061
-1915
-1905
-2095
-2268
-2263
-2160
-2037
-1842
-1631
-1529
-1514
-1492
-1403
-1284
-1158
-959
-761
-667
-642
-591
-498
-430
-326
-123
-22
-145
-236
-56
141
42
-149
-66
212
335
252
117
14
88
433
713
563
191
100
362
588
619
567
410
185
145
369
544
447
269
181
116
118
258
338
172
-75
-67
153
276
204
62
-39
-109
-88
49
130
53
-133
-253
-185
-7
103
57
-59
-134
-89
59
198
229
187
185
245
326
398
489
522
456
418
509
693
799
751
650
633
765
962
1093
1101
1104
1285
1514
1551
1429
1405
1622
1781
1669
1509
1553
1762
1828
1611
1243
970
1023
1208
1145
742
320
235
230
-26
-395
-605
-672
-879
-1218
-1457
-1604
-1768
-1996
-2224
-2348
-2331
-2240
-2268
-2459
-2565
-2452
-2262
-2182
-2160
-1977
-1734
-1623
-1563
-1430
-1243
-1100
-973
-775
-612
-478
-328
-263
-355
-472
-263
119
161
-150
-303
-45
173
78
-35
-12
39
54
107
105
-40
-33
250
438
272
61
149
308
330
435
609
567
367
364
570
663
608
654
754
730
647
698
751
622
531
619
669
564
468
482
427
255
181
289
394
301
107
-36
-86
-55
23
95
87
13
-64
-133
-100
-26
54
106
85
35
50
153
213
133
66
200
450
594
571
486
397
505
786
1005
976
792
812
1177
1527
1675
1542
1369
1409
1535
1683
1700
1638
1660
1665
1586
1382
1098
1031
1068
1057
832
489
318
152
-165
-511
-758
-822
-959
-1276
-1616
-1932
-2157
-2312
-2418
-2477
-2568
-2621
-2608
-2599
-2604
-2655
-2603
-2473
-2338
-2088
-1806
-1668
-1665
-1670
-1502
-1287
-1119
-899
-612
-402
-396
-442
-333
-128
56
154
97
-13
31
300
466
307
97
192
513
651
461
202
88
183
452
652
614
335
134
234
493
729
759
582
408
455
706
852
742
579
532
589
677
725
680
524
361
378
510
596
576
456
287
220
308
464
480
313
161
76
97
173
216
193
92
18
55
98
99
72
72
114
188
281
261
93
-9
59
267
388
381
370
395
496
578
570
585
700
859
929
846
940
1221
1441
1373
1178
1250
1513
1630
1561
1486
1655
1900
1899
1612
1147
1015
1251
1452
1265
771
425
261
-59
-353
-510
-601
-888
-1405
-1735
-1889
-2062
-2282
-2562
-2741
-2807
-2769
-2642
-2747
-3013
-3183
-3093
-2855
-2637
-2377
-2157
-2200
-2285
-2133
-1730
-1426
-1376
-1311
-1126
-887
-674
-528
-465
-528
-489
-154
168
204
15
-25
150
258
274
346
411
456
517
594
484
231
364
831
1043
774
409
435
647
775
909
922
775
612
663
911
1024
980
889
757
782
1005
1284
1234
807
573
710
960
1064
976
815
557
334
378
566
668
506
241
161
231
345
322
102
-142
-248
-93
151
196
5
-173
-162
-85
-11
99
197
168
84
127
313
484
520
502
482
494
600
771
909
890
777
750
836
1112
1492
1697
1542
1144
1086
1426
1657
1599
1418
1450
1617
1585
1351
985
782
865
1003
942
533
93
-118
-379
-755
-1064
-1162
-1225
-1635
-2168
-2512
-2717
-2918
-3176
-3362
-3359
-3320
-3332
-3466
-3662
-3708
-3594
-3383
-3121
-2820
-2530
-2463
-2527
-2408
-2054
-1596
-1259
-1013
-775
-601
-426
-260
-101
76
252
499
632
654
721
799
764
590
579
835
1104
1135
882
620
556
714
896
839
683
665
789
825
751
740
795
808
821
966
1141
1156
1024
959
1062
1253
1480
1584
1496
1354
1322
1461
1570
1554
1496
1383
1250
1140
1121
1127
964
715
496
436
525
502
254
-80
-247
-204
-147
-237
-417
-526
-510
-476
-496
-512
-499
-452
-418
-389
-317
-168
-42
-27
66
276
442
441
379
517
750
871
848
782
775
818
1131
1581
1678
1371
1057
1226
1581
1603
1496
1403
1411
1443
1350
1153
708
297
314
483
392
-76
-538
-800
-1197
-1519
-1595
-1652
-1939
-2498
-2884
-3060
-3258
-3400
-3590
-3794
-3912
-3835
-3588
-3590
-3792
-3763
-3460
-3170
-2997
-2738
-2373
-2187
-2138
-1894
-1455
-1115
-884
-553
-201
-18
107
339
592
683
787
1104
1328
1248
1063
1044
1133
1076
1034
1134
1243
1213
1100
1045
900
794
1003
1360
1501
1287
1033
1025
1136
1285
1539
1712
1646
1488
1505
1655
1686
1679
1735
1778
1800
1759
1697
1551
1291
1170
1267
1394
1324
1085
850
603
355
254
322
380
174
-223
-496
-611
-641
-659
-667
-693
-786
-788
-682
-680
-761
-731
-503
-197
-120
-189
-192
-164
-59
77
181
292
380
495
539
408
369
517
749
829
682
621
681
730
689
721
977
1161
1058
851
811
908
924
829
738
796
902
858
517
-95
-531
-532
-333
-378
-818
-1323
-1702
-2052
-2287
-2376
-2394
-2542
-2933
-3261
-3457
-3610
-3740
-3897
-3909
-3739
-3482
-3214
-3152
-3282
-3322
-3087
-2629
-2164
-1750
-1413
-1252
-1222
-1136
-791
-291
123
391
589
784
919
947
919
857
1019
1423
1684
1572
1291
1275
1443
1368
1256
1423
1815
2052
1871
1603
1409
1490
1936
2317
2268
1939
1804
2008
2113
2118
2174
2181
2129
2101
2241
2318
2068
1819
1776
1813
1831
1758
1624
1276
867
744
816
760
511
258
67
-207
-456
-523
-517
-670
-997
-1233
-1292
-1208
-1091
-1136
-1321
-1432
-1289
-975
-843
-915
-963
-869
-663
-520
-473
-413
-350
-216
-68
-30
-9
-11
-15
42
169
362
442
346
324
309
312
335
320
361
363
534
862
958
709
285
135
304
468
577
561
521
505
345
-31
-591
-876
-554
-158
-311
-1068
-1773
-1994
-2062
-2142
-2202
-2210
-2306
-2639
-2937
-3140
-3280
-3293
-3267
-3167
-3016
-2732
-2388
-2354
-2615
-2689
-2299
-1631
-1139
-884
-663
-582
-559
-417
-83
349
681
961
1142
1133
1124
1269
1507
1524
1423
1605
2057
2372
2219
1846
1603
1704
2146
2551
2607
2242
1954
2123
2309
2179
1907
1960
2282
2288
2022
1820
1743
1710
1624
1641
1730
1683
1538
1311
1052
884
911
1050
976
694
474
328
136
-91
-148
-102
-210
-430
-573
-653
-838
-1088
-1142
-1016
-952
-1044
-1204
-1294
-1302
-1261
-1204
-1182
-1212
-1225
-1209
-1266
-1339
-1222
-965
-824
-938
-1009
-819
-649
-611
-637
-552
-284
-149
-118
-47
77
317
393
329
349
456
646
636
525
833
1283
1517
1221
802
1110
1376
933
105
-105
1026
1860
1223
-169
-1075
-610
96
-106
-1050
-1771
-1155
-139
-620
-2403
-3597
-2725
-1217
-1254
-2290
-2957
-2840
-2692
-3012
-2966
-2435
-1912
-1675
-1933
-2134
-2008
-1609
-1303
-1438
-1331
-613
149
246
-252
-409
-77
358
834
1274
1533
1462
1218
1244
1409
1707
2148
2268
2083
1833
2036
2414
2195
1845
1903
2319
2589
2407
2268
2114
1833
1723
1841
2080
2097
1830
1533
1238
1161
1294
1261
1045
809
747
799
678
520
367
210
216
267
319
132
-190
-312
-381
-464
-510
-427
-405
-729
-1147
-1277
-1071
-950
-1192
-1487
-1560
-1451
-1396
-1530
-1706
-1751
-1660
-1490
-1411
-1422
-1376
-1273
-1178
-1113
-981
-753
-639
-625
-572
-411
-193
-68
9
54
87
209
465
688
674
506
486
661
713
670
803
1082
1301
1117
687
498
507
594
633
578
637
676
631
389
-195
-589
-441
30
281
-83
-635
-946
-1088
-1057
-1030
-996
-965
-1139
-1297
-1407
-1541
-1626
-1753
-1816
-1711
-1462
-1221
-1274
-1524
-1771
-1782
-1529
-1205
-851
-627
-646
-763
-781
-536
-206
98
382
605
806
979
1089
1090
979
1011
1411
1920
2219
2189
1961
1696
1537
1737
2146
2386
2377
2232
2116
1873
1523
1401
1545
1715
1691
1503
1257
902
581
530
661
736
649
526
381
182
49
63
90
27
-19
23
-44
-307
-559
-599
-529
-527
-531
-544
-726
-1058
-1303
-1302
-1182
-1150
-1257
-1496
-1774
-1884
-1753
-1583
-1597
-1718
-1627
-1392
-1229
-1168
-1126
-948
-758
-652
-517
-288
16
200
153
50
114
509
915
922
640
471
690
1023
1081
931
754
840
1096
1235
1248
1060
836
593
414
435
476
616
723
614
369
-61
-297
-231
-73
5
-119
-203
-223
-469
-799
-1014
-895
-534
-459
-702
-1077
-1324
-1315
-1330
-1396
-1382
-1330
-1191
-1216
-1407
-1524
-1528
-1408
-1275
-1109
-806
-570
-500
-586
-666
-472
-138
222
569
778
831
783
778
936
1135
1274
1300
1308
1443
1547
1419
1113
879
964
1172
1262
1173
967
804
691
674
741
777
707
574
516
581
656
635
524
477
635
849
886
738
573
546
650
816
934
841
599
422
384
399
320
152
23
-113
-294
-429
-486
-612
-959
-1369
-1557
-1502
-1402
-1463
-1689
-1899
-1978
-1873
-1661
-1545
-1510
-1493
-1411
-1186
-965
-770
-625
-530
-373
-108
249
471
406
298
355
633
952
1095
1113
1062
1031
1058
1009
850
790
1111
1614
1760
1218
449
146
326
655
723
571
475
424
302
-68
-565
-646
-177
383
393
-218
-721
-858
-851
-784
-654
-382
-339
-770
-1190
-1354
-1236
-1131
-1284
-1397
-1361
-1161
-1057
-1400
-1860
-1947
-1561
-1098
-879
-786
-790
-930
-1065
-908
-373
179
379
339
299
421
706
936
1007
865
827
1105
1456
1579
1326
1028
935
963
1067
1146
1130
1025
834
643
471
370
455
561
518
391
289
259
201
126
265
541
703
647
541
565
668
785
935
1093
1176
1199
1201
1187
1160
1082
1003
896
783
745
650
416
46
-257
-368
-513
-729
-960
-1152
-1300
-1550
-1767
-1818
-1779
-1788
-1889
-1989
-1941
-1709
-1426
-1273
-1347
-1438
-1272
-825
-436
-364
-331
-177
27
213
313
492
687
772
827
893
943
880
672
550
786
1303
1631
1273
464
122
490
894
759
385
452
852
903
284
-402
-455
110
676
649
124
-417
-604
-534
-553
-607
-582
-574
-772
-1114
-1321
-1363
-1448
-1691
-1812
-1667
-1421
-1319
-1527
-1925
-2180
-1947
-1368
-924
-822
-914
-931
-871
-728
-359
109
426
502
568
816
1060
1088
965
951
1222
1630
1839
1714
1415
1185
1166
1219
1167
1135
1201
1223
1047
693
413
298
324
505
669
633
327
-17
-92
61
318
491
463
338
219
274
471
631
696
769
942
1091
1064
912
828
921
1050
1075
1046
927
728
439
149
71
99
57
-210
-673
-1057
-1302
-1398
-1436
-1533
-1601
-1672
-1786
-1913
-2009
-1921
-1721
-1507
-1339
-1296
-1233
-1174
-1047
-807
-557
-284
-119
-12
94
142
212
302
491
659
647
561
481
448
567
782
987
985
642
390
437
628
699
522
506
742
949
849
259
-185
-4
627
1038
633
-39
-266
-120
-57
-322
-499
-435
-481
-676
-900
-1008
-1153
-1475
-1692
-1650
-1423
-1191
-1249
-1617
-2065
-2134
-1708
-1235
-1005
-986
-989
-966
-905
-633
-234
55
175
317
640
965
1134
1078
910
888
1171
1679
1988
1804
1392
1105
1053
1176
1325
1429
1354
1067
840
741
685
621
598
726
779
619
367
234
344
466
460
404
416
523
562
492
428
494
703
887
965
927
817
730
678
755
913
956
812
517
250
113
52
2
-150
-390
-638
-878
-1082
-1347
-1542
-1558
-1532
-1627
-1896
-2071
-2054
-2008
-1974
-1924
-1743
-1496
-1404
-1427
-1458
-1293
-920
-504
-216
-231
-252
-28
238
329
238
310
622
762
642
404
271
441
767
1109
1155
731
407
406
587
716
680
767
890
956
997
703
220
-23
334
949
891
355
-17
-54
-2
-179
-254
-164
-244
-453
-681
-844
-1066
-1411
-1599
-1604
-1510
-1390
-1393
-1547
-1817
-1899
-1709
-1494
-1273
-1064
-826
-703
-727
-591
-298
-7
244
519
902
1139
1107
1044
1019
1148
1451
1713
1818
1685
1526
1466
1309
1176
1174
1322
1466
1289
877
503
464
729
859
670
377
316
447
503
454
359
270
233
356
595
700
593
465
476
634
761
788
770
703
632
556
462
428
377
266
113
-109
-253
-322
-411
-605
-923
-1195
-1341
-1426
-1444
-1483
-1588
-1737
-1926
-2003
-1937
-1786
-1630
-1553
-1516
-1461
-1383
-1272
-1144
-1024
-823
-552
-346
-289
-341
-263
-46
68
95
120
287
466
472
368
204
149
345
801
1269
1380
1105
776
730
1009
1300
1400
1303
1247
1387
1576
1517
1088
643
631
961
1200
999
470
14
-232
-226
-140
-208
-487
-890
-1148
-1238
-1413
-1645
-1889
-2013
-1996
-1912
-1701
-1569
-1654
-1836
-1916
-1738
-1384
-976
-639
-518
-537
-490
-239
122
438
698
978
1212
1291
1212
1110
1123
1271
1458
1524
1412
1233
1101
966
776
663
804
1034
1027
726
380
279
392
496
531
577
626
575
448
402
510
638
612
544
644
847
877
682
502
537
706
810
814
747
602
372
135
86
200
213
13
-286
-496
-603
-701
-790
-889
-1050
-1257
-1366
-1343
-1359
-1481
-1644
-1699
-1589
-1443
-1331
-1274
-1289
-1289
-1156
-959
-814
-761
-790
-808
-725
-564
-414
-263
-185
-174
-190
-243
-120
124
286
295
145
68
164
375
542
639
852
1147
1340
1243
981
938
1134
1326
1342
1300
1436
1634
1514
928
295
215
721
1158
935
265
-199
-293
-277
-312
-372
-433
-579
-833
-1094
-1376
-1630
-1800
-1889
-1850
-1657
-1377
-1304
-1638
-2071
-2102
-1636
-1070
-757
-675
-715
-758
-690
-392
79
462
680
742
686
662
701
796
885
935
1077
1267
1312
1154
893
708
678
851
1200
1407
1293
990
809
886
1043
1157
1255
1341
1283
1041
843
863
1007
1055
927
796
802
840
711
497
403
482
592
550
388
253
139
-35
-177
-193
-123
-109
-230
-398
-584
-788
-976
-1021
-949
-1014
-1236
-1467
-1518
-1483
-1552
-1692
-1763
-1686
-1570
-1530
-1609
-1671
-1518
-1274
-1164
-1250
-1302
-1101
-808
-634
-588
-472
-252
-85
-5
50
201
394
507
575
609
670
709
653
601
730
1069
1400
1457
1164
814
674
753
931
993
964
1005
1087
1059
741
249
8
281
781
936
525
-56
-330
-224
-16
36
-54
-213
-368
-494
-711
-996
-1226
-1300
-1229
-1151
-1026
-956
-1106
-1444
-1729
-1624
-1239
-897
-722
-730
-824
-891
-787
-491
-202
-55
36
195
357
438
444
395
349
451
778
1124
1155
867
561
515
738
1028
1215
1242
1248
1355
1448
1356
1167
1167
1471
1775
1820
1573
1220
1097
1260
1515
1588
1400
1208
1099
999
890
785
729
632
478
389
338
214
-58
-432
-671
-684
-553
-481
-692
-1133
-1574
-1759
-1650
-1545
-1640
-1872
-2068
-2141
-2131
-2074
-2044
-2108
-2149
-2018
-1751
-1528
-1459
-1494
-1511
-1365
-1089
-826
-659
-550
-411
-273
-203
-94
152
431
564
547
505
558
670
722
693
583
492
605
955
1313
1366
982
516
404
670
986
1020
854
827
984
1083
863
456
244
428
810
939
683
311
134
191
275
251
208
143
-9
-224
-476
-714
-896
-1024
-1051
-981
-896
-879
-1033
-1315
-1495
-1395
-1083
-805
-703
-687
-668
-662
-599
-403
-153
78
283
485
665
656
511
436
494
690
909
1044
1082
954
729
560
484
607
883
1177
1276
1068
828
784
913
1050
1084
1138
1211
1180
1037
862
802
885
1031
1113
1092
1026
942
801
634
577
633
637
554
403
228
39
-255
-510
-640
-679
-708
-892
-1155
-1428
-1702
-1879
-1937
-1908
-1911
-2037
-2219
-2370
-2466
-2498
-2442
-2279
-2034
-1826
-1675
-1589
-1537
-1435
-1250
-985
-719
-526
-371
-186
-34
2
13
146
409
634
726
718
658
604
555
550
635
698
729
824
1002
1189
1112
755
513
656
1056
1290
1111
877
905
1155
1346
1218
952
873
1096
1422
1433
1105
794
665
781
903
876
686
323
19
-108
-207
-378
-655
-891
-1007
-1110
-1128
-1108
-1184
-1374
-1566
-1549
-1390
-1214
-1031
-960
-972
-1022
-910
-564
-267
-68
67
242
447
513
425
284
320
592
889
960
774
545
414
387
477
641
794
882
890
870
800
680
646
801
1047
1163
1039
808
652
613
696
838
953
956
882
792
716
634
559
550
607
670
584
329
-30
-344
-513
-616
-702
-796
-901
-1086
-1470
-1880
-2089
-2026
-1858
-1910
-2162
-2412
-2483
-2388
-2329
-2304
-2207
-1938
-1599
-1365
-1318
-1348
-1259
-1015
-608
-215
67
202
154
66
76
283
640
919
960
769
568
526
654
754
709
616
529
556
629
694
749
707
638
620
733
928
967
846
751
946
1361
1683
1709
1449
1189
1225
1512
1725
1607
1349
1310
1430
1370
1080
773
584
429
205
-9
-238
-551
-956
-1296
-1483
-1501
-1392
-1375
-1552
-1845
-2016
-1900
-1665
-1442
-1250
-1123
-1018
-877
-642
-381
-229
-79
178
412
497
408
335
358
403
454
485
518
531
412
173
-78
-85
230
527
578
425
321
395
517
574
559
587
767
958
965
742
572
671
909
1128
1174
1113
999
816
728
766
832
861
765
559
251
-92
-329
-479
-622
-789
-948
-1077
-1300
-1665
-2041
-2238
-2163
-2050
-2111
-2297
-2457
-2455
-2375
-2343
-2230
-1971
-1607
-1288
-1149
-1133
-1077
-821
-366
96
364
396
389
477
565
594
626
765
899
920
832
732
641
492
425
506
699
827
641
438
461
723
998
884
680
770
1062
1276
1104
952
1259
1796
2182
2017
1546
1341
1579
2035
2108
1666
1285
1222
1320
1136
665
324
125
-15
-208
-480
-798
-1233
-1601
-1775
-1830
-1754
-1689
-1750
-1976
-2225
-2184
-1892
-1606
-1368
-1192
-1001
-859
-770
-538
-263
30
268
427
536
503
491
461
386
404
455
581
566
326
112
-30
5
178
345
432
324
181
130
140
218
326
409
385
282
298
441
542
536
451
493
667
795
840
744
668
719
799
832
729
522
304
98
-16
-75
-200
-363
-550
-739
-950
-1236
-1505
-1647
-1637
-1613
-1731
-1887
-1971
-2010
-2037
-2040
-1820
-1471
-1256
-1175
-1171
-1036
-855
-708
-404
-66
165
242
243
358
470
501
514
538
658
797
807
718
556
417
398
412
519
664
630
504
480
693
989
976
765
711
933
1299
1428
1370
1406
1625
1931
1950
1655
1491
1694
2050
2086
1692
1294
1168
1210
1172
873
478
172
-69
-244
-520
-884
-1227
-1535
-1719
-1803
-1785
-1724
-1805
-2017
-2141
-2053
-1816
-1572
-1374
-1252
-1189
-1057
-769
-445
-266
-179
-34
267
543
542
292
62
103
408
643
527
203
2
28
63
-10
-17
127
296
340
239
85
-23
-20
122
273
285
198
136
188
277
307
271
229
266
431
619
686
645
578
565
599
621
618
506
264
19
-118
-69
9
-64
-288
-624
-898
-976
-963
-994
-1143
-1354
-1514
-1608
-1652
-1597
-1500
-1420
-1383
-1337
-1181
-1003
-873
-785
-696
-488
-199
67
244
255
216
214
298
459
560
601
605
554
485
445
464
511
473
399
409
508
667
821
901
847
660
609
822
1137
1299
1245
1300
1556
1803
1809
1575
1447
1636
2009
2222
1991
1524
1181
1131
1229
1180
929
529
93
-238
-445
-597
-845
-1241
-1568
-1695
-1642
-1596
-1698
-1895
-2094
-2128
-1943
-1662
-1412
-1345
-1358
-1273
-1059
-743
-490
-319
-184
-63
97
208
196
103
-9
-25
41
124
164
87
-88
-301
-418
-399
-307
-187
-114
-112
-199
-318
-308
-179
-39
18
30
95
178
245
331
402
440
482
620
853
1004
997
929
910
952
997
1029
1003
822
578
399
359
347
232
54
-144
-366
-557
-705
-807
-906
-1036
-1157
-1270
-1387
-1470
-1447
-1361
-1310
-1323
-1270
-1104
-928
-792
-692
-596
-450
-255
13
204
221
151
107
179
288
386
448
418
322
242
279
422
501
460
333
310
553
913
1125
968
645
567
821
1217
1409
1359
1341
1470
1703
1721
1493
1386
1601
2015
2165
1876
1510
1277
1200
1132
943
752
477
101
-263
-603
-825
-1032
-1332
-1618
-1818
-1804
-1768
-1933
-2181
-2322
-2187
-1900
-1720
-1660
-1631
-1487
-1225
-965
-701
-472
-278
-88
67
282
522
644
564
342
257
388
496
406
153
-30
-94
-207
-378
-504
-448
-326
-347
-456
-534
-504
-411
-404
-424
-392
-259
-79
0
-30
-69
-14
143
309
442
597
711
739
724
770
958
1116
1100
964
825
829
835
730
568
393
299
187
4
-145
-301
-453
-620
-789
-832
-865
-976
-1171
-1334
-1289
-1112
-968
-965
-1061
-1052
-917
-725
-551
-504
-450
-315
-89
138
196
181
178
220
373
511
605
590
512
514
575
708
812
829
881
1059
1310
1379
1155
929
945
1217
1425
1426
1418
1477
1520
1405
1170
1070
1201
1450
1581
1378
1051
831
761
685
436
215
79
-76
-282
-642
-970
-1251
-1495
-1615
-1689
-1688
-1698
-1791
-1962
-2178
-2187
-1924
-1638
-1474
-1473
-1469
-1291
-1050
-848
-731
-569
-175
185
290
161
66
239
400
377
289
201
231
212
43
-256
-599
-587
-273
-84
-269
-632
-743
-650
-557
-430
-333
-287
-295
-285
-160
-37
25
118
192
294
467
713
834
718
652
805
1128
1326
1314
1270
1191
1085
1022
1031
1064
1009
882
731
539
343
211
107
-77
-317
-428
-433
-576
-889
-1144
-1176
-1111
-1109
-1091
-1034
-966
-967
-1007
-893
-707
-504
-332
-243
-106
27
171
299
335
409
529
610
619
620
704
766
723
599
551
724
954
1069
918
630
514
603
781
816
720
777
970
1170
1157
832
527
528
894
1296
1291
970
593
412
450
464
412
190
-129
-361
-526
-626
-831
-1183
-1445
-1637
-1690
-1622
-1599
-1658
-1881
-2089
-2086
-1860
-1506
-1276
-1271
-1362
-1354
-1117
-748
-444
-279
-136
88
356
550
604
525
400
350
407
503
519
399
156
-136
-306
-273
-119
-77
-286
-519
-554
-409
-302
-324
-330
-252
-127
-14
50
67
98
180
298
432
553
665
739
752
758
811
937
1045
1083
1087
1064
1037
993
928
833
705
625
615
552
384
141
-53
-126
-196
-319
-481
-686
-850
-958
-976
-942
-964
-996
-998
-921
-798
-727
-672
-600
-492
-318
-170
-23
78
102
166
286
449
546
518
485
537
658
746
747
730
787
919
1059
1080
932
793
789
912
1011
930
828
829
930
1007
839
555
386
486
741
826
604
232
-30
-30
104
117
-80
-409
-671
-764
-807
-891
-1044
-1229
-1403
-1587
-1687
-1652
-1596
-1661
-1815
-1850
-1664
-1437
-1343
-1343
-1316
-1165
-951
-717
-488
-341
-224
-96
75
276
443
554
526
405
316
339
403
357
205
31
-97
-146
-119
-86
-155
-346
-477
-407
-266
-213
-274
-313
-237
-72
110
220
223
193
277
498
683
747
747
794
874
932
1004
1136
1272
1255
1161
1092
1132
1209
1136
993
823
719
724
660
512
297
97
28
-39
-188
-392
-591
-699
-735
-767
-839
-889
-880
-835
-791
-785
-751
-673
-551
-392
-298
-209
-110
-23
73
150
316
522
622
603
550
583
733
883
914
834
810
929
1122
1164
962
743
661
681
712
648
541
451
352
342
300
139
-39
-120
-31
44
-49
-260
-525
-647
-583
-472
-503
-778
-1038
-1104
-1081
-1114
-1237
-1337
-1428
-1569
-1640
-1634
-1608
-1636
-1691
-1670
-1569
-1378
-1193
-1168
-1225
-1160
-840
-451
-302
-308
-204
69
325
417
456
554
687
754
737
651
567
595
642
623
471
291
238
236
268
306
276
135
-81
-98
185
431
412
228
172
366
609
750
713
580
532
602
795
968
998
931
777
672
752
981
1122
964
693
620
737
823
731
535
367
279
254
238
184
27
-236
-409
-440
-432
-447
-565
-693
-817
-924
-848
-689
-621
-713
-841
-788
-606
-390
-253
-256
-273
-217
-45
132
158
157
242
394
516
555
585
556
487
524
628
748
799
806
814
637
431
344
387
491
395
244
176
120
98
-76
-329
-438
-316
-52
-22
-255
-598
-823
-730
-546
-438
-527
-808
-939
-892
-825
-840
-990
-1099
-1146
-1139
-1028
-972
-1074
-1261
-1355
-1229
-997
-824
-769
-833
-872
-728
-449
-192
-124
-171
-106
68
307
515
555
471
431
572
689
576
409
415
540
500
259
123
190
326
407
342
207
152
261
437
491
448
469
532
594
669
788
890
792
634
672
851
966
900
761
691
713
788
846
792
656
572
534
503
459
434
414
291
116
28
27
14
-85
-245
-409
-524
-587
-585
-583
-680
-815
-891
-845
-752
-713
-712
-725
-679
-561
-429
-307
-229
-149
-78
-67
-52
64
222
321
313
290
388
545
622
569
428
341
405
573
775
897
844
604
351
258
319
434
417
259
138
88
61
-100
-387
-581
-541
-325
-174
-252
-517
-834
-1010
-970
-782
-619
-681
-863
-993
-1038
-1004
-1009
-1050
-1074
-1065
-951
-859
-884
-1026
-1156
-1147
-1049
-846
-622
-530
-594
-663
-571
-400
-288
-207
-25
238
386
422
408
432
493
587
697
673
644
747
875
756
433
342
592
903
1023
914
711
522
501
753
1024
1010
819
715
745
803
856
883
753
526
450
615
786
733
554
373
267
351
567
728
570
239
122
204
324
321
202
78
-64
-134
-103
-111
-236
-461
-632
-637
-579
-540
-625
-832
-988
-1025
-897
-717
-620
-620
-720
-795
-744
-586
-341
-195
-197
-251
-275
-152
-38
-1
52
118
234
290
316
424
453
388
249
193
364
639
886
958
728
337
91
211
526
593
343
82
74
290
351
66
-341
-545
-315
63
142
-127
-501
-708
-706
-561
-350
-250
-388
-663
-803
-749
-681
-757
-922
-1038
-1008
-858
-706
-712
-939
-1180
-1242
-1053
-721
-473
-402
-527
-671
-598
-350
-64
57
67
149
293
447
495
417
320
326
484
627
634
567
472
363
239
240
514
791
850
711
510
387
368
561
855
900
715
568
655
806
797
716
613
542
619
829
956
793
511
428
517
669
800
800
624
330
230
384
491
434
284
154
-1
-163
-204
-187
-270
-492
-709
-775
-752
-774
-848
-975
-1093
-1134
-1053
-885
-848
-941
-992
-929
-714
-527
-438
-401
-440
-401
-241
-24
160
172
125
147
263
495
646
615
432
298
396
623
833
916
860
695
496
410
451
518
415
234
241
444
599
368
-123
-467
-384
-21
196
74
-239
-519
-619
-555
-434
-376
-487
-660
-721
-672
-625
-755
-1049
-1279
-1260
-983
-708
-715
-1046
-1425
-1542
-1350
-1032
-776
-674
-699
-748
-749
-684
-529
-338
-162
-3
201
423
517
436
246
217
434
748
949
954
845
689
537
466
570
816
1053
1101
930
718
630
746
906
918
848
828
944
1047
998
825
609
505
630
898
1076
970
648
351
267
424
647
709
550
318
198
201
197
127
20
-64
-118
-153
-188
-309
-507
-692
-800
-799
-759
-732
-787
-938
-1080
-1145
-1087
-965
-848
-802
-805
-793
-772
-691
-572
-449
-356
-325
-258
-146
-29
53
57
54
107
252
465
576
503
321
191
277
548
856
1023
872
517
284
310
462
470
329
267
375
549
522
169
-227
-290
23
368
380
132
-119
-248
-283
-269
-197
-153
-268
-467
-573
-578
-633
-854
-1102
-1206
-1122
-949
-897
-1070
-1384
-1608
-1584
-1384
-1135
-969
-909
-958
-1022
-897
-646
-475
-399
-193
206
453
395
284
341
506
576
751
1046
1164
1061
801
562
347
396
925
1295
1080
659
546
671
609
616
855
893
584
432
726
955
778
588
636
685
736
1012
1288
1086
590
501
797
958
975
1016
969
648
365
423
517
388
209
172
128
-96
-319
-477
-699
-897
-962
-900
-955
-1191
-1369
-1444
-1481
-1483
-1367
-1167
-1084
-1183
-1254
-1127
-910
-752
-617
-426
-217
-130
-114
14
175
259
278
365
524
632
740
771
609
392
386
673
924
924
703
443
263
194
203
122
-14
-34
104
161
-67
-394
-566
-518
-299
-54
45
-68
-262
-319
-241
-183
-178
-169
-179
-256
-389
-469
-543
-713
-866
-903
-783
-651
-644
-762
-1007
-1198
-1170
-972
-762
-650
-643
-702
-767
-727
-501
-278
-183
-68
130
346
485
585
630
550
481
638
987
1150
952
633
483
510
600
710
700
545
396
390
498
546
531
490
450
450
561
763
800
641
528
614
849
1013
1042
968
851
863
957
1025
1028
938
869
868
901
891
791
597
358
205
179
164
72
-135
-478
-825
-1040
-1053
-964
-1014
-1238
-1487
-1619
-1582
-1494
-1432
-1383
-1364
-1340
-1265
-1130
-973
-850
-770
-674
-478
-206
16
72
3
15
161
331
475
627
704
610
436
304
295
389
495
567
509
356
228
94
-22
-123
-169
-66
28
59
-26
-243
-380
-378
-208
19
69
31
-31
-38
54
77
71
91
160
281
261
103
-79
-255
-348
-417
-444
-365
-343
-447
-686
-917
-942
-832
-691
-617
-607
-633
-654
-593
-481
-397
-361
-276
-20
296
464
482
408
346
384
515
715
845
828
695
463
259
219
322
381
278
143
97
86
50
12
38
112
221
370
468
465
440
457
530
597
702
864
970
1037
1113
1192
1213
1157
1121
1179
1311
1400
1353
1175
951
761
629
515
384
228
22
-206
-447
-718
-990
-1228
-1379
-1427
-1484
-1584
-1740
-1865
-1867
-1777
-1671
-1625
-1537
-1372
-1170
-1004
-929
-807
-633
-384
-91
81
164
224
313
418
495
617
753
739
624
556
553
591
594
580
542
415
331
287
216
93
-55
-47
42
89
-1
-276
-504
-516
-302
-80
-112
-209
-175
-82
-44
-103
-135
-90
-38
71
179
158
-4
-245
-441
-526
-475
-347
-279
-383
-615
-776
-813
-789
-721
-636
-545
-476
-396
-314
-340
-414
-374
-162
99
319
487
535
466
427
468
520
570
723
965
973
688
362
212
302
423
426
273
107
152
272
228
52
-44
40
185
350
513
544
428
282
296
461
629
787
866
823
792
877
1010
1008
918
957
1070
1124
1143
1071
875
589
364
348
362
258
51
-221
-505
-806
-1024
-1110
-1138
-1158
-1248
-1394
-1552
-1645
-1616
-1563
-1541
-1484
-1309
-1075
-932
-925
-964
-902
-717
-432
-103
112
121
46
56
229
404
513
589
581
545
475
475
553
605
675
680
569
472
397
380
309
201
255
351
351
140
-147
-258
-223
-140
-131
-234
-261
-243
-273
-371
-483
-428
-305
-267
-287
-327
-312
-392
-582
-676
-657
-537
-492
-574
-655
-689
-635
-559
-527
-533
-522
-406
-233
-81
-12
-57
-113
-48
186
519
719
708
614
550
533
510
532
674
859
902
684
360
189
211
283
248
183
176
185
158
60
-21
14
128
239
301
361
485
508
350
218
295
537
741
806
787
737
692
731
875
987
1019
1038
1028
921
790
736
719
616
430
331
262
122
-68
-287
-523
-752
-902
-947
-993
-1108
-1258
-1394
-1511
-1583
-1563
-1515
-1523
-1511
-1422
-1263
-1126
-1086
-1023
-906
-713
-453
-266
-173
-144
-78
124
326
443
494
533
605
604
601
752
969
1102
1055
942
922
876
790
697
609
627
687
709
536
140
-152
-245
-218
-201
-313
-407
-470
-584
-685
-778
-807
-739
-660
-596
-607
-664
-694
-732
-800
-834
-737
-586
-517
-574
-673
-661
-554
-462
-367
-296
-198
-52
45
54
-42
-66
131
419
613
675
674
696
685
633
606
622
735
863
856
664
392
273
334
409
412
358
310
253
192
160
160
201
267
320
335
317
324
334
273
204
201
291
408
483
471
401
346
416
557
669
740
782
804
769
687
595
529
504
480
406
279
124
-7
-127
-286
-441
-547
-622
-713
-860
-1011
-1164
-1288
-1336
-1343
-1362
-1435
-1519
-1491
-1349
-1194
-1111
-1104
-1071
-983
-838
-640
-441
-277
-218
-192
-88
72
240
338
395
432
471
618
867
1081
1155
1075
1007
1028
1069
1083
995
875
849
897
872
599
236
48
44
54
-47
-192
-308
-418
-502
-596
-674
-676
-641
-613
-679
-744
-716
-705
-817
-1001
-1052
-917
-779
-737
-756
-772
-750
-724
-665
-571
-419
-243
-140
-108
-118
-102
-14
104
258
423
578
667
655
633
623
596
598
706
889
942
786
585
509
563
570
497
434
403
457
565
592
484
359
400
536
636
709
739
656
472
393
509
629
646
598
547
506
455
455
495
531
586
639
631
532
419
333
225
139
102
82
-10
-244
-521
-716
-777
-765
-804
-941
-1133
-1320
-1411
-1414
-1394
-1434
-1537
-1591
-1573
-1480
-1341
-1204
-1121
-1117
-1033
-814
-584
-448
-384
-286
-149
-15
135
306
490
577
554
545
621
800
1014
1179
1242
1167
1060
1057
1147
1218
1129
957
859
868
892
716
366
84
43
111
-14
-286
-481
-543
-591
-705
-768
-743
-770
-865
-935
-897
-763
-686
-732
-878
-985
-919
-782
-719
-750
-783
-731
-645
-575
-524
-508
-497
-433
-241
-8
120
131
87
111
237
389
515
618
677
663
565
495
582
746
824
736
597
564
590
555
426
323
397
583
665
574
468
473
544
617
728
859
913
880
807
768
761
772
804
795
792
829
804
678
520
462
539
592
555
476
385
233
8
-168
-232
-266
-364
-560
-761
-907
-1006
-1093
-1260
-1420
-1487
-1513
-1520
-1566
-1611
-1633
-1694
-1727
-1655
-1500
-1327
-1190
-1070
-950
-866
-779
-593
-324
-124
-5
118
275
456
595
703
807
858
913
990
1035
1128
1289
1425
1407
1219
1100
1155
1232
1180
1008
847
776
769
707
474
150
-64
-71
-51
-231
-503
-664
-713
-734
-779
-798
-836
-970
-1077
-1043
-910
-807
-801
-881
-1007
-1066
-961
-759
-653
-726
-787
-716
-624
-563
-501
-426
-381
-351
-190
55
193
199
179
243
407
612
789
870
812
663
581
632
760
895
898
746
574
513
573
572
430
306
350
506
584
520
427
391
387
423
597
813
856
738
601
543
597
735
877
839
653
599
701
736
606
484
520
555
506
434
341
200
6
-150
-240
-322
-407
-563
-773
-970
-1130
-1243
-1396
-1555
-1613
-1608
-1597
-1685
-1805
-1814
-1797
-1773
-1700
-1540
-1327
-1176
-1083
-988
-839
-614
-376
-168
-1
170
387
551
627
717
865
1002
1060
1051
1075
1188
1369
1507
1442
1243
1148
1214
1289
1178
963
856
872
849
646
288
-7
-89
-55
-75
-249
-457
-565
-623
-687
-750
-745
-729
-788
-819
-776
-704
-672
-717
-764
-780
-753
-664
-602
-599
-621
-641
-623
-580
-512
-452
-446
-409
-300
-185
-150
-172
-126
-3
133
266
347
369
389
425
507
565
583
625
680
674
603
539
518
528
533
535
525
511
518
508
493
518
584
625
615
628
721
817
818
724
644
665
731
785
791
740
701
684
670
642
591
553
524
478
408
318
224
84
-106
-286
-413
-510
-651
-846
-1006
-1101
-1181
-1312
-1498
-1640
-1686
-1665
-1649
-1694
-1757
-1805
-1788
-1700
-1541
-1350
-1173
-1013
-896
-763
-580
-330
-75
156
341
444
546
672
816
946
995
1005
1037
1144
1327
1431
1362
1174
1064
1108
1177
1137
981
829
744
655
515
316
128
27
-59
-178
-316
-410
-418
-453
-573
-686
-713
-679
-672
-677
-645
-605
-610
-643
-610
-511
-462
-473
-492
-462
-366
-275
-210
-203
-239
-257
-243
-183
-95
-42
-61
-144
-198
-131
-4
82
69
13
19
83
171
234
252
252
246
249
254
241
238
238
227
214
213
237
249
242
231
233
288
382
478
535
571
623
699
790
869
910
909
893
921
973
1016
1043
1046
1030
995
934
854
800
746
652
532
418
324
176
-53
-280
-473
-634
-820
-1030
-1208
-1330
-1449
-1621
-1813
-1939
-1964
-1928
-1907
-1909
-1904
-1881
-1819
-1708
-1500
-1240
-1016
-854
-696
-481
-239
-21
169
377
618
826
956
992
1046
1144
1235
1344
1463
1565
1571
1471
1373
1281
1189
1122
1114
1144
1124
967
661
293
49
37
95
4
-263
-531
-648
-684
-733
-796
-854
-891
-927
-892
-768
-674
-709
-829
-858
-689
-385
-158
-184
-371
-504
-405
-156
10
64
-5
-177
-320
-322
-153
-7
-49
-157
-212
-160
-80
-77
-129
-223
-264
-126
86
233
216
101
15
-11
39
167
296
301
205
132
154
228
260
230
189
152
203
351
484
524
497
511
592
700
830
898
850
767
772
850
879
918
1026
1077
973
784
714
785
792
708
621
567
501
363
180
-34
-245
-380
-464
-578
-733
-904
-1077
-1249
-1404
-1525
-1587
-1582
-1557
-1544
-1566
-1622
-1645
-1600
-1479
-1275
-1038
-854
-737
-638
-504
-273
13
245
384
503
688
865
934
960
1059
1206
1307
1328
1292
1234
1178
1116
1021
949
971
1061
1026
745
374
146
125
140
-12
-304
-539
-635
-686
-828
-1012
-1107
-1139
-1146
-1117
-1040
-958
-950
-987
-951
-788
-538
-340
-274
-295
-309
-236
-115
11
129
209
234
203
170
174
189
185
156
147
198
258
255
146
4
-66
-34
76
218
279
223
115
63
90
142
200
253
268
233
178
117
71
48
74
132
178
240
338
398
357
310
369
525
683
763
781
753
725
732
750
769
802
876
934
911
790
654
602
604
603
570
509
443
311
78
-179
-351
-409
-465
-604
-809
-1020
-1191
-1332
-1421
-1475
-1495
-1470
-1499
-1572
-1623
-1612
-1519
-1425
-1353
-1205
-960
-695
-536
-504
-424
-185
148
417
560
658
779
964
1186
1372
1469
1409
1312
1337
1415
1439
1315
1114
1027
1068
1087
894
520
264
225
231
77
-209
-454
-645
-821
-994
-1110
-1142
-1190
-1310
-1435
-1470
-1381
-1289
-1256
-1208
-1042
-763
-526
-444
-416
-294
-106
49
141
259
407
469
461
461
489
496
458
444
444
456
483
439
311
175
126
149
109
34
5
9
-7
-87
-161
-179
-149
-52
60
107
62
-27
-69
-74
-49
10
66
78
83
129
187
213
251
338
443
535
602
647
626
579
608
699
762
797
812
813
791
736
699
671
641
609
564
526
475
378
236
56
-81
-145
-217
-355
-564
-751
-855
-909
-961
-1060
-1124
-1096
-1084
-1123
-1203
-1246
-1204
-1169
-1124
-1030
-882
-676
-526
-437
-331
-214
-16
202
393
560
701
904
1132
1314
1399
1342
1281
1277
1316
1354
1265
1154
1072
994
869
624
381
244
149
6
-263
-553
-738
-878
-1052
-1299
-1528
-1644
-1723
-1784
-1819
-1874
-1878
-1849
-1775
-1623
-1389
-1091
-851
-685
-514
-315
-105
45
200
403
581
707
721
722
784
827
817
754
728
793
835
742
512
341
346
415
395
253
97
-7
-73
-99
-58
-5
-8
-24
-11
55
145
213
248
214
174
195
263
346
392
398
344
279
324
464
565
538
479
519
614
671
667
641
594
544
544
597
657
647
566
460
395
400
403
388
354
283
193
92
23
-33
-136
-287
-465
-623
-731
-766
-800
-912
-1053
-1147
-1177
-1167
-1113
-1041
-1036
-1097
-1137
-1060
-892
-725
-575
-457
-338
-217
-101
44
195
374
560
760
999
1208
1315
1307
1252
1231
1238
1262
1246
1194
1157
1079
890
568
288
229
284
191
-165
-586
-821
-914
-1032
-1270
-1529
-1685
-1763
-1794
-1828
-1890
-1929
-1942
-1903
-1774
-1523
-1170
-898
-797
-727
-515
-147
202
394
483
543
620
716
806
833
768
685
681
776
839
779
615
390
235
232
322
370
268
104
6
-49
-86
-76
11
129
182
217
252
303
391
471
558
613
627
677
713
691
605
512
536
622
661
621
518
435
391
388
382
357
339
319
294
221
125
106
155
193
158
58
-5
-45
-56
-50
-42
-39
-65
-77
-83
-101
-152
-273
-404
-496
-517
-450
-409
-466
-617
-792
-870
-837
-737
-628
-580
-604
-670
-688
-612
-473
-319
-202
-106
2
158
334
434
453
509
734
1075
1323
1346
1211
1084
1060
1119
1161
1130
1065
972
786
471
143
-12
-16
-92
-357
-678
-893
-1007
-1132
-1336
-1573
-1778
-1896
-1930
-1919
-1923
-1961
-2014
-2035
-1926
-1675
-1367
-1132
-1020
-905
-657
-302
35
250
384
517
659
798
926
1008
994
910
869
932
1009
960
746
495
335
304
325
308
252
179
70
-67
-157
-140
-36
51
83
126
209
327
407
427
455
532
683
825
881
859
790
687
588
616
748
831
771
612
522
493
467
467
490
517
494
430
373
291
206
171
169
167
136
82
-24
-172
-257
-209
-100
-87
-196
-308
-361
-403
-456
-517
-573
-620
-673
-703
-733
-792
-857
-915
-916
-857
-761
-655
-593
-578
-565
-493
-336
-154
-8
95
196
336
482
600
736
941
1177
1322
1329
1306
1328
1353
1295
1165
1072
1080
1100
917
465
23
-127
-51
-120
-496
-928
-1171
-1268
-1375
-1560
-1766
-1959
-2157
-2313
-2380
-2330
-2219
-2173
-2197
-2181
-1989
-1627
-1331
-1187
-1036
-750
-376
-56
218
494
704
812
881
1010
1181
1282
1245
1113
992
952
955
895
738
538
382
298
280
288
266
178
35
-63
-44
69
180
200
178
211
350
528
635
678
738
830
925
1002
1049
1036
955
892
891
916
894
818
724
639
574
545
544
534
504
472
445
410
335
269
220
161
116
96
75
-11
-173
-291
-304
-253
-215
-262
-352
-456
-540
-559
-550
-571
-646
-727
-771
-822
-900
-954
-960
-960
-968
-924
-804
-705
-676
-669
-608
-485
-344
-200
-79
50
201
322
428
572
805
1040
1121
1076
1024
1069
1171
1199
1128
1021
1009
1034
877
491
96
-54
-24
-123
-430
-767
-999
-1181
-1357
-1482
-1579
-1747
-1945
-2081
-2162
-2233
-2233
-2140
-2081
-2063
-1923
-1598
-1292
-1158
-1073
-883
-583
-231
143
488
672
722
814
1029
1235
1285
1256
1243
1228
1184
1127
1044
890
710
587
537
514
485
436
312
153
55
75
180
266
290
283
314
402
499
587
683
799
917
1003
1063
1065
1005
929
904
953
973
919
848
788
718
632
577
557
524
501
505
463
318
140
72
104
105
40
-51
-150
-269
-365
-398
-427
-487
-522
-494
-490
-598
-747
-809
-787
-769
-776
-769
-783
-889
-1054
-1134
-1049
-907
-859
-902
-929
-855
-712
-595
-532
-489
-377
-184
-12
83
172
320
465
591
801
1078
1246
1195
1052
1026
1165
1289
1278
1150
1017
941
838
616
267
-36
-141
-141
-261
-578
-910
-1137
-1306
-1435
-1520
-1552
-1634
-1797
-1949
-2019
-1991
-1961
-1937
-1841
-1662
-1423
-1236
-1112
-980
-798
-541
-262
15
274
467
580
661
764
907
1009
1040
1061
1051
992
877
744
632
512
413
352
311
288
264
207
112
27
55
161
263
354
422
512
605
682
769
881
1028
1123
1169
1215
1249
1246
1205
1173
1129
1054
978
905
835
751
664
601
539
474
403
357
354
335
293
192
72
-23
-106
-161
-197
-240
-330
-453
-543
-594
-587
-574
-648
-772
-870
-880
-856
-876
-899
-899
-878
-914
-1024
-1071
-1021
-924
-867
-869
-823
-725
-611
-499
-410
-314
-216
-96
45
160
299
429
492
546
685
956
1182
1188
1035
934
1033
1190
1222
1111
935
807
718
575
306
-11
-199
-257
-330
-542
-850
-1083
-1236
-1363
-1461
-1538
-1591
-1690
-1798
-1816
-1800
-1822
-1871
-1848
-1697
-1497
-1298
-1131
-1019
-922
-777
-491
-122
156
293
360
466
644
812
919
967
994
1045
1089
1062
975
889
829
764
672
579
540
554
520
415
296
253
306
401
477
486
501
573
650
703
742
853
1024
1129
1141
1113
1114
1126
1081
989
901
853
803
689
562
465
419
397
355
291
214
146
114
123
134
104
24
-71
-149
-191
-205
-236
-314
-422
-489
-501
-531
-610
-715
-819
-880
-893
-872
-857
-894
-963
-1037
-1076
-1052
-992
-929
-907
-901
-858
-762
-631
-522
-446
-363
-251
-117
25
135
200
272
395
547
677
792
907
982
970
912
910
976
995
901
747
629
584
519
347
35
-304
-476
-464
-436
-562
-815
-1013
-1089
-1110
-1128
-1164
-1203
-1256
-1285
-1228
-1142
-1116
-1140
-1143
-1047
-865
-661
-519
-488
-506
-451
-271
-30
172
278
305
300
320
393
481
510
468
437
468
511
495
410
311
254
245
265
283
290
277
238
202
197
265
391
526
642
725
768
814
891
1009
1143
1250
1279
1238
1180
1161
1168
1132
1032
890
777
710
656
584
483
383
310
268
249
229
200
161
99
29
-23
-38
-41
-108
-221
-310
-349
-363
-416
-512
-618
-699
-756
-806
-848
-891
-932
-963
-982
-1002
-1028
-1042
-1028
-984
-942
-901
-867
-826
-761
-661
-543
-436
-344
-250
-132
-12
102
185
261
351
451
565
689
830
941
946
878
843
918
1032
1023
884
720
646
627
514
268
-31
-224
-292
-358
-511
-737
-916
-1026
-1112
-1176
-1219
-1242
-1266
-1253
-1198
-1145
-1140
-1150
-1110
-1018
-878
-715
-559
-473
-436
-377
-253
-101
33
150
231
269
285
308
348
381
400
414
404
378
359
357
360
332
285
226
193
212
261
318
322
279
261
318
446
592
725
806
820
824
878
1009
1125
1168
1136
1114
1149
1181
1159
1061
939
807
685
602
561
516
421
297
227
189
157
119
97
95
77
42
10
-10
-23
-49
-123
-233
-331
-352
-330
-364
-471
-589
-668
-703
-743
-787
-879
-1000
-1078
-1081
-1014
-980
-991
-1003
-980
-908
-823
-720
-617
-503
-378
-291
-227
-144
-3
127
200
268
372
464
501
524
647
819
882
776
628
621
718
744
630
467
377
368
322
168
-85
-313
-390
-364
-388
-555
-786
-911
-933
-906
-908
-970
-1056
-1104
-1030
-901
-823
-833
-866
-846
-746
-569
-399
-344
-366
-391
-345
-242
-130
-14
48
19
-22
28
166
251
234
193
170
183
238
287
271
213
196
264
336
357
365
406
450
465
473
532
658
791
876
900
892
915
995
1093
1169
1200
1204
1195
1187
1174
1160
1132
1045
919
810
723
635
527
431
354
291
230
185
140
60
-38
-112
-140
-141
-164
-226
-299
-348
-387
-447
-524
-592
-634
-666
-725
-792
-839
-868
-888
-934
-985
-1027
-1062
-1051
-1005
-956
-919
-871
-789
-717
-669
-599
-462
-300
-215
-196
-135
-1
147
239
272
307
376
438
452
470
579
705
733
658
565
560
589
565
478
369
300
281
269
148
-113
-329
-364
-306
-324
-487
-666
-717
-705
-719
-775
-824
-818
-798
-756
-706
-671
-638
-636
-623
-568
-461
-316
-239
-248
-297
-303
-223
-118
-46
-60
-136
-148
-76
14
66
66
61
66
86
123
152
194
256
323
376
405
440
502
569
632
657
663
700
787
916
994
1010
995
988
1030
1085
1145
1159
1091
1011
957
944
928
863
773
663
552
453
350
256
172
96
37
8
6
-28
-122
-249
-325
-285
-232
-235
-291
-341
-342
-338
-357
-417
-465
-494
-504
-524
-597
-685
-744
-740
-734
-791
-857
-896
-885
-846
-832
-817
-771
-716
-649
-563
-461
-377
-334
-304
-242
-137
-27
58
131
185
204
197
201
296
458
556
526
422
385
471
527
466
343
297
363
408
341
143
-60
-119
-59
-27
-122
-302
-425
-475
-494
-494
-494
-519
-582
-615
-591
-544
-516
-541
-574
-539
-443
-345
-317
-321
-288
-254
-237
-195
-83
38
25
-86
-158
-132
-52
1
33
76
118
126
107
103
119
175
272
366
405
408
431
452
459
494
577
672
696
703
760
808
819
823
855
895
925
947
925
857
789
766
761
718
665
637
591
489
379
328
284
245
220
208
193
118
36
-26
-69
-101
-135
-138
-142
-193
-256
-320
-387
-462
-515
-506
-499
-545
-644
-785
-896
-948
-937
-911
-936
-964
-958
-931
-933
-942
-877
-764
-637
-539
-462
-370
-294
-234
-172
-104
25
177
290
327
294
305
330
363
472
615
707
611
438
400
454
482
382
258
252
278
265
110
-133
-262
-238
-158
-167
-260
-343
-416
-509
-575
-549
-470
-466
-524
-558
-542
-526
-535
-525
-474
-402
-312
-241
-222
-230
-249
-271
-290
-249
-117
-37
-93
-230
-286
-215
-132
-74
-22
64
170
212
207
194
246
377
487
561
590
636
684
661
617
659
783
875
883
860
836
825
805
800
828
851
851
780
687
614
552
504
443
400
377
349
293
207
139
103
69
61
89
114
104
61
9
-40
-84
-90
-45
-23
-58
-114
-143
-174
-240
-278
-280
-301
-358
-434
-535
-654
-750
-822
-871
-894
-891
-882
-928
-1000
-1028
-990
-896
-790
-681
-572
-500
-449
-362
-253
-175
-100
25
161
241
277
335
403
451
519
606
634
597
593
633
634
561
472
416
395
379
295
91
-97
-136
-110
-177
-349
-469
-489
-515
-594
-650
-672
-715
-764
-751
-674
-613
-596
-608
-604
-526
-386
-263
-212
-203
-170
-99
-25
21
76
124
121
103
92
100
124
123
84
75
139
215
235
186
153
197
294
384
430
464
485
465
454
492
573
659
687
652
615
623
634
627
630
646
679
681
624
553
503
462
411
391
401
398
347
282
245
236
217
171
160
175
174
158
103
68
82
113
148
115
25
-47
-86
-85
-77
-79
-114
-193
-265
-322
-390
-485
-594
-644
-659
-715
-808
-879
-901
-929
-972
-1014
-1036
-977
-877
-803
-747
-690
-586
-448
-350
-259
-146
-62
-8
59
174
300
385
471
575
630
601
549
535
557
599
624
604
550
485
400
219
-11
-118
-74
-54
-206
-429
-517
-514
-570
-648
-679
-682
-700
-728
-714
-662
-621
-603
-585
-531
-396
-215
-135
-202
-258
-169
-13
64
93
154
203
152
45
24
86
118
85
55
64
89
112
95
39
30
135
305
418
438
439
453
449
476
583
744
866
883
841
788
754
755
793
847
860
834
796
742
669
574
491
449
437
453
448
334
176
67
31
23
-14
-17
24
9
-78
-179
-235
-227
-151
-54
-17
-49
-113
-152
-143
-126
-103
-58
-22
-31
-92
-180
-271
-359
-405
-392
-384
-415
-499
-625
-767
-854
-838
-785
-756
-751
-733
-695
-674
-669
-644
-554
-412
-266
-147
-97
-100
-61
58
193
282
323
358
382
378
361
342
335
344
365
368
261
74
-72
-127
-126
-156
-243
-367
-491
-574
-639
-707
-765
-804
-818
-814
-798
-779
-752
-718
-696
-641
-493
-306
-177
-142
-129
-59
59
194
310
375
407
413
407
394
374
383
391
376
358
337
309
251
178
142
164
242
316
358
383
378
374
395
456
567
679
775
832
840
822
807
830
880
911
923
912
891
857
790
709
642
594
550
497
432
351
248
151
99
79
55
12
-46
-92
-138
-198
-252
-277
-255
-206
-165
-154
-192
-257
-321
-328
-274
-208
-165
-184
-252
-330
-402
-438
-440
-443
-463
-532
-618
-686
-750
-812
-869
-889
-845
-781
-737
-717
-705
-691
-671
-577
-437
-297
-176
-120
-89
-52
44
215
370
456
467
455
460
448
451
461
450
437
416
367
224
45
-70
-164
-266
-382
-473
-509
-595
-723
-832
-905
-940
-942
-910
-898
-915
-904
-845
-746
-628
-485
-306
-179
-110
-42
57
187
323
452
578
659
699
724
731
721
672
640
639
643
628
569
486
376
281
259
277
298
296
280
252
209
211
253
313
381
446
508
542
525
499
525
575
631
690
731
743
718
681
632
594
578
573
543
463
349
257
200
150
119
95
60
1
-58
-130
-216
-281
-289
-249
-229
-240
-267
-289
-325
-365
-381
-359
-305
-266
-253
-282
-346
-410
-465
-480
-475
-459
-478
-561
-669
-764
-791
-774
-761
-752
-752
-736
-708
-672
-612
-553
-486
-373
-234
-97
-2
54
99
163
298
468
602
653
637
611
616
645
655
654
642
592
505
364
182
20
-84
-164
-293
-454
-580
-688
-821
-959
-1059
-1102
-1119
-1109
-1090
-1083
-1062
-1010
-924
-839
-732
-560
-377
-235
-148
-47
91
249
410
559
675
753
800
822
822
814
825
821
796
765
715
626
501
400
374
404
414
399
384
356
295
222
209
267
367
455
497
508
519
537
548
555
583
628
674
687
655
614
579
540
496
460
441
404
331
232
128
66
46
41
14
-53
-116
-177
-258
-325
-327
-283
-262
-295
-342
-367
-372
-385
-411
-403
-361
-324
-332
-378
-422
-440
-435
-428
-425
-416
-424
-488
-598
-700
-730
-696
-647
-627
-651
-680
-699
-706
-675
-596
-489
-382
-282
-188
-117
-60
2
75
207
395
559
630
616
595
605
631
644
648
662
656
590
445
250
90
3
-51
-149
-316
-485
-620
-728
-821
-889
-936
-972
-999
-1002
-992
-973
-943
-896
-816
-697
-528
-355
-249
-211
-155
-17
179
359
488
575
637
678
713
756
768
758
746
734
723
693
633
529
404
326
314
331
331
297
271
242
216
217
255
336
408
445
465
489
550
611
637
673
722
771
797
766
728
690
637
579
514
468
420
338
228
107
13
-33
-63
-98
-169
-254
-327
-381
-407
-434
-452
-440
-429
-424
-431
-445
-436
-426
-411
-385
-360
-349
-350
-355
-371
-382
-380
-374
-376
-410
-457
-496
-549
-581
-571
-554
-542
-553
-574
-586
-591
-567
-508
-429
-343
-259
-169
-73
8
94
177
267
385
510
618
639
609
608
633
660
668
644
605
534
413
257
94
-59
-170
-254
-368
-540
-728
-864
-960
-1045
-1107
-1136
-1145
-1144
-1116
-1066
-1033
-997
-921
-794
-609
-415
-235
-94
-18
51
175
374
582
726
817
873
904
930
966
991
978
935
881
820
751
661
578
505
430
375
358
356
330
279
239
224
235
274
330
375
383
395
440
506
574
622
651
673
688
696
680
638
585
534
488
443
382
317
231
122
16
-53
-76
-96
-130
-192
-268
-336
-374
-388
-404
-428
-463
-483
-474
-448
-421
-422
-448
-485
-511
-504
-476
-454
-453
-467
-495
-523
-529
-534
-563
-618
-665
-669
-640
-617
-612
-596
-570
-543
-517
-478
-425
-369
-299
-204
-97
6
101
174
240
336
477
612
671
684
696
725
756
747
713
665
592
482
352
227
104
-2
-102
-241
-433
-617
-749
-860
-968
-1042
-1067
-1097
-1144
-1154
-1102
-1018
-959
-911
-842
-739
-585
-401
-220
-74
38
155
292
446
628
792
872
882
898
953
999
988
933
870
830
774
694
599
493
402
328
292
282
281
281
233
162
130
171
244
287
316
366
446
523
580
641
699
743
766
772
776
766
728
672
614
562
500
406
287
169
64
-39
-134
-200
-245
-290
-363
-444
-498
-520
-532
-570
-600
-605
-599
-608
-648
-673
-657
-605
-562
-556
-560
-567
-569
-550
-509
-452
-418
-414
-432
-466
-494
-502
-484
-458
-443
-448
-467
-462
-427
-394
-386
-375
-313
-213
-128
-71
-17
62
152
233
323
425
516
570
591
622
669
714
718
674
623
576
522
423
294
177
64
-64
-227
-399
-551
-691
-823
-933
-1006
-1048
-1071
-1083
-1069
-1015
-939
-866
-804
-714
-584
-432
-276
-131
11
152
287
417
548
690
821
897
931
955
984
1011
1005
981
950
901
839
746
655
572
491
425
357
311
276
233
182
127
104
121
163
206
235
260
292
324
358
395
447
519
577
605
606
587
561
530
501
476
440
386
297
187
99
33
-30
-96
-165
-238
-316
-388
-454
-521
-573
-609
-629
-644
-654
-651
-663
-705
-741
-748
-710
-663
-654
-670
-690
-693
-672
-644
-607
-570
-550
-559
-585
-591
-556
-500
-453
-432
-415
-372
-312
-270
-243
-203
-148
-81
6
120
243
342
404
456
527
614
698
759
792
806
812
820
814
770
700
642
568
455
325
203
91
-37
-189
-333
-464
-584
-705
-813
-882
-934
-972
-994
-996
-961
-892
-812
-757
-706
-615
-489
-347
-224
-114
-4
106
216
329
444
551
631
687
726
765
817
846
849
836
820
803
754
688
625
569
531
491
443
391
345
310
256
208
192
210
238
221
192
190
215
249
271
300
328
348
365
373
377
380
380
366
324
276
229
175
105
29
-13
-44
-101
-178
-237
-271
-310
-366
-417
-453
-502
-567
-619
-643
-654
-671
-703
-730
-734
-719
-699
-702
-722
-730
-702
-657
-627
-618
-603
-574
-538
-494
-439
-372
-317
-277
-236
-193
-143
-79
-17
32
65
95
152
232
309
369
415
456
496
523
536
561
588
615
629
637
648
636
598
524
432
363
295
201
77
-59
-162
-255
-359
-467
-579
-668
-741
-796
-818
-820
-812
-805
-789
-747
-683
-600
-507
-429
-354
-262
-162
-64
26
114
204
280
366
454
505
534
557
583
615
637
665
681
666
642
624
616
601
568
555
537
501
464
415
374
326
285
274
273
273
272
257
245
249
250
261
256
269
300
308
322
314
301
292
276
263
236
194
153
101
51
12
-34
-66
-105
-161
-233
-295
-327
-359
-415
-489
-553
-590
-609
-630
-663
-711
-749
-768
-769
-765
-765
-751
-728
-681
-627
-575
-514
-480
-461
-443
-410
-333
-243
-169
-126
-101
-77
-41
4
61
114
155
191
226
282
343
384
392
385
404
441
472
502
517
519
505
484
485
471
431
365
287
232
180
117
27
-77
-174
-262
-348
-431
-513
-590
-642
-669
-668
-663
-662
-658
-640
-613
-584
-551
-505
-436
-357
-286
-210
-143
-83
-27
25
102
193
279
357
409
455
492
526
568
602
631
649
656
668
675
674
668
656
643
633
612
591
541
481
431
394
382
369
349
317
266
210
158
125
109
116
129
130
120
97
72
45
24
26
32
29
23
23
29
19
-6
-32
-63
-84
-112
-139
-173
-219
-269
-326
-392
-455
-501
-539
-580
-633
-672
-703
-740
-774
-803
-813
-809
-789
-752
-713
-673
-645
-610
-557
-491
-405
-314
-228
-164
-111
-51
24
102
182
256
312
350
386
436
485
519
550
582
608
627
648
666
661
630
595
568
543
521
490
446
367
279
201
120
42
-41
-130
-224
-317
-391
-454
-524
-591
-644
-678
-693
-701
-701
-692
-674
-642
-604
-558
-506
-449
-391
-334
-285
-236
-184
-126
-67
-1
72
142
199
254
305
350
396
435
477
519
548
575
595
606
606
599
604
600
588
575
544
508
460
411
374
340
313
282
251
226
190
162
141
120
116
112
107
98
86
75
60
53
57
68
85
97
108
106
92
64
34
12
-12
-40
-78
-125
-166
-198
-236
-280
-331
-391
-446
-490
-529
-561
-600
-635
-653
-665
-663
-645
-614
-570
-534
-503
-475
-452
-416
-360
-297
-225
-158
-105
-56
-6
54
119
178
213
237
272
315
357
393
420
434
445
448
456
456
444
425
393
357
323
290
252
213
170
121
74
26
-15
-68
-136
-197
-247
-280
-310
-348
-397
-439
-463
-478
-485
-492
-497
-506
-504
-502
-494
-458
-407
-357
-321
-296
-261
-214
-152
-95
-61
-27
20
75
133
186
240
292
342
386
417
452
490
525
549
554
554
569
588
597
592
564
538
526
501
466
428
385
354
329
297
263
221
183
156
131
113
106
95
76
47
25
29
45
53
56
67
71
66
74
74
74
71
60
50
27
-10
-52
-106
-168
-229
-281
-337
-420
-496
-555
-612
-659
-690
-701
-700
-693
-697
-688
-654
-611
-545
-483
-445
-411
-356
-281
-212
-162
-104
-38
16
73
145
196
221
247
275
299
327
360
379
357
315
299
302
292
276
266
246
212
182
167
153
131
107
81
44
0
-30
-62
-116
-177
-205
-235
-276
-301
-325
-346
-368
-381
-375
-356
-328
-322
-326
-329
-329
-313
-288
-260
-243
-237
-228
-208
-174
-129
-82
-47
-9
35
80
120
155
194
236
279
318
355
391
425
467
507
538
566
601
623
622
621
610
589
578
567
536
486
434
392
350
301
266
239
210
168
121
85
56
35
31
29
18
10
10
5
-7
-6
23
50
65
67
64
57
36
24
9
-22
-60
-90
-124
-185
-255
-323
-378
-423
-457
-478
-511
-551
-566
-572
-589
-597
-577
-533
-496
-465
-432
-390
-339
-279
-213
-165
-127
-71
2
52
81
132
174
188
204
223
240
249
247
222
170
121
92
78
53
4
-30
-55
-88
-112
-128
-152
-177
-176
-147
-137
-149
-158
-162
-159
-150
-139
-132
-130
-119
-107
-109
-114
-112
-108
-108
-121
-120
-104
-101
-108
-105
-98
-110
-117
-121
-138
-128
-89
-55
-28
0
32
69
108
142
190
251
290
320
366
412
446
466
480
489
505
520
515
499
479
455
431
401
377
358
324
279
226
184
149
110
90
80
53
13
-30
-57
-61
-33
3
27
57
99
134
146
145
165
201
226
244
266
284
269
228
181
134
96
62
18
-42
-105
-170
-250
-331
-390
-430
-472
-525
-572
-603
-628
-653
-657
-626
-587
-558
-529
-501
-462
-391
-317
-266
-220
-159
-95
-45
1
39
73
99
110
135
164
180
170
131
80
42
28
24
-4
-47
-80
-106
-123
-130
-133
-142
-165
-174
-154
-134
-111
-98
-90
-81
-71
-44
-24
-13
-2
-2
5
19
27
36
17
-14
-33
-40
-42
-62
-86
-108
-130
-129
-132
-151
-147
-126
-93
-60
-30
7
42
95
155
220
303
375
426
467
506
551
596
638
649
650
661
657
652
639
601
556
496
442
389
316
242
157
75
15
-41
-81
-119
-169
-206
-239
-258
-254
-239
-218
-195
-156
-106
-55
-2
36
77
122
161
197
216
222
214
202
194
173
157
132
87
36
-22
-77
-138
-214
-286
-356
-415
-460
-502
-526
-558
-593
-614
-619
-586
-534
-483
-447
-418
-371
-306
-233
-172
-123
-78
-41
4
53
92
113
109
107
117
128
130
96
43
10
4
12
1
-41
-99
-159
-200
-233
-260
-279
-297
-309
-307
-294
-278
-267
-259
-246
-220
-172
-129
-104
-92
-89
-62
-9
42
69
70
49
34
36
48
57
56
47
44
51
67
81
87
87
101
136
178
213
237
255
287
343
409
468
499
518
541
570
603
636
649
648
645
640
635
611
562
498
437
398
359
305
229
131
41
-30
-89
-137
-195
-263
-321
-357
-363
-343
-320
-310
-314
-301
-260
-196
-131
-80
-39
5
54
113
172
209
225
232
229
221
215
195
164
126
78
27
-32
-91
-143
-203
-276
-341
-398
-444
-484
-510
-510
-515
-518
-511
-498
-472
-434
-385
-336
-304
-275
-236
-195
-144
-88
-44
-19
-8
10
39
58
62
52
27
3
-14
-20
-24
-38
-64
-100
-128
-140
-152
-174
-210
-248
-262
-249
-228
-213
-212
-213
-203
-185
-147
-109
-80
-65
-63
-47
-17
27
66
85
89
85
85
88
83
83
83
71
53
50
59
70
83
95
112
138
175
217
262
307
345
382
415
450
496
543
582
604
617
630
650
663
665
653
617
572
521
469
419
366
304
235
170
102
39
-6
-54
-101
-150
-200
-234
-252
-260
-261
-262
-262
-257
-240
-206
-171
-141
-117
-92
-62
-38
-15
10
21
19
17
10
-3
-10
-33
-63
-89
-124
-165
-198
-223
-252
-282
-318
-357
-382
-389
-392
-396
-403
-399
-385
-364
-339
-311
-275
-238
-202
-166
-137
-106
-68
-36
-8
11
18
32
38
38
36
24
13
6
-3
-14
-35
-51
-80
-112
-143
-180
-215
-243
-270
-301
-324
-340
-350
-347
-347
-341
-327
-315
-290
-255
-224
-185
-154
-121
-86
-53
-15
11
39
74
98
128
148
165
191
204
218
237
252
282
320
351
382
410
450
490
524
559
589
619
644
658
669
673
683
693
681
671
657
648
638
604
576
536
483
434
369
308
250
192
142
81
19
-35
-89
-143
-188
-234
-260
-283
-305
-315
-325
-321
-325
-322
-300
-288
-258
-226
-204
-176
-151
-112
-76
-62
-47
-35
-35
-32
-38
-48
-69
-89
-103
-138
-180
-205
-232
-273
-327
-377
-415
-447
-470
-478
-484
-492
-500
-501
-503
-503
-497
-482
-461
-443
-419
-388
-361
-339
-314
-287
-257
-222
-190
-162
-137
-111
-82
-48
-13
21
52
75
93
109
118
118
111
107
97
86
78
67
53
29
-1
-23
-40
-51
-55
-57
-63
-64
-60
-56
-51
-36
-14
2
14
29
47
64
81
108
146
186
230
274
310
341
373
411
451
497
533
564
598
622
641
660
672
672
664
653
655
662
666
669
653
624
583
533
484
433
380
321
254
193
137
90
44
-6
-48
-97
-145
-186
-221
-241
-260
-274
-282
-287
-291
-303
-322
-339
-338
-324
-308
-293
-282
-268
-252
-236
-214
-195
-182
-181
-188
-186
-182
-179
-195
-218
-244
-270
-289
-310
-320
-327
-337
-352
-372
-385
-393
-391
-400
-415
-427
-442
-454
-467
-475
-472
-461
-437
-414
-390
-374
-356
-338
-323
-294
-260
-230
-200
-182
-154
-123
-96
-59
-25
12
42
78
115
142
161
176
189
201
211
226
243
259
275
276
266
253
240
231
219
204
193
184
176
166
155
147
145
146
148
143
147
149
149
155
165
187
205
223
241
258
284
320
353
388
418
440
460
479
506
529
551
565
582
599
609
609
603
596
584
563
537
506
465
427
386
341
300
257
216
161
103
52
-5
-55
-106
-161
-209
-256
-293
-330
-362
-386
-406
-421
-432
-443
-453
-451
-452
-447
-433
-424
-407
-383
-364
-349
-336
-323
-308
-299
-291
-287
-287
-288
-295
-307
-322
-344
-361
-379
-399
-418
-435
-451
-477
-495
-518
-538
-558
-573
-577
-584
-575
-558
-539
-525
-508
-480
-453
-420
-390
-360
-324
-279
-223
-165
-109
-51
6
58
110
156
203
248
292
343
387
427
458
479
494
493
497
497
494
483
464
452
430
413
391
366
349
328
308
289
270
253
240
232
232
228
218
214
214
217
217
223
240
253
271
285
299
312
324
344
365
394
415
440
467
479
489
487
484
478
464
450
431
416
394
373
352
316
285
250
212
176
137
101
62
21
-24
-69
-107
-141
-184
-224
-264
-302
-332
-366
-387
-409
-431
-447
-463
-474
-492
-508
-518
-523
-528
-527
-526
-522
-518
-520
-521
-515
-505
-501
-492
-474
-466
-452
-436
-427
-414
-405
-397
-393
-388
-384
-372
-362
-354
-336
-327
-322
-310
-297
-284
-265
-241
-222
-198
-175
-151
-121
-93
-64
-32
-9
16
45
68
101
134
165
200
233
260
285
308
327
347
367
380
393
403
403
401
398
385
382
377
361
352
337
317
307
289
273
258
239
225
204
189
174
170
171
167
175
174
182
193
196
210
216
222
243
253
269
292
302
321
337
345
357
369
378
379
380
374
360
356
336
316
293
257
232
205
174
145
115
82
45
8
-30
-71
-106
-143
-182
-221
-259
-284
-310
-338
-356
-374
-390
-395
-406
-414
-416
-423
-425
-432
-434
-429
-418
-398
-375
-356
-337
-313
-287
-263
-247
-239
-235
-226
-225
-230
-232
-239
-241
-246
-252
-256
-260
-264
-268
-276
-290
-304
-311
-318
-322
-329
-341
-339
-334
-327
-318
-309
-292
-279
-263
-245
-223
-196
-174
-155
-128
-105
-67
-24
13
61
103
143
194
242
285
327
366
399
428
448
465
479
486
490
483
469
453
441
424
403
381
350
325
303
280
256
232
207
189
175
164
167
161
161
166
167
178
196
210
236
256
265
285
306
330
357
376
400
426
441
447
449
444
435
417
391
358
327
292
254
221
178
138
107
65
25
-19
-76
-130
-182
-236
-281
-320
-357
-384
-403
-413
-414
-415
-415
-418
-419
-424
-426
-424
-424
-417
-406
-397
-387
-367
-348
-327
-304
-291
-277
-266
-261
-254
-242
-232
-223
-220
-220
-226
-239
-252
-269
-285
-290
-292
-296
-294
-294
-297
-288
-287
-285
-277
-277
-275
-276
-282
-283
-280
-270
-255
-237
-217
-191
-172
-150
-128
-105
-77
-48
-16
23
63
106
152
196
242
289
331
369
401
424
453
474
488
517
534
546
556
554
550
542
524
510
481
450
425
389
353
324
286
259
232
189
164
135
108
93
72
62
61
59
71
87
106
135
158
179
205
235
262
284
302
314
334
352
362
364
351
343
330
303
276
240
197
162
120
73
33
-17
-65
-106
-163
-209
-256
-310
-348
-381
-412
-431
-457
-479
-489
-500
-503
-507
-512
-499
-488
-476
-459
-451
-430
-401
-381
-355
-326
-299
-265
-236
-216
-195
-182
-169
-156
-149
-136
-122
-118
-116
-114
-112
-110
-115
-129
-136
-143
-150
-159
-170
-179
-186
-194
-208
-225
-238
-244
-244
-249
-254
-254
-256
-253
-244
-239
-234
-228
-222
-208
-181
-153
-117
-83
-51
-8
38
88
140
189
242
299
352
406
459
513
562
602
638
669
694
716
723
721
711
693
677
647
618
581
535
486
428
370
307
243
179
118
72
33
-2
-33
-65
-91
-112
-124
-127
-118
-103
-82
-50
-21
10
39
63
85
105
126
152
177
192
211
227
235
234
220
199
174
147
118
90
60
30
3
-29
-64
-96
-132
-172
-212
-252
-282
-307
-323
-335
-350
-371
-387
-395
-409
-419
-430
-434
-432
-431
-420
-414
-402
-387
-377
-360
-347
-336
-323
-308
-287
-263
-239
-214
-186
-163
-144
-129
-119
-109
-96
-84
-77
-63
-53
-45
-34
-39
-48
-56
-68
-75
-88
-103
-110
-115
-125
-134
-140
-146
-151
-156
-161
-157
-149
-140
-129
-115
-87
-57
-30
-1
32
69
115
159
204
253
299
343
385
428
476
516
553
578
599
618
622
624
620
615
606
593
572
541
506
461
409
352
297
246
201
156
114
78
39
1
-34
-63
-81
-90
-96
-95
-86
-70
-48
-23
0
28
53
77
103
130
152
171
186
193
200
202
203
194
177
153
120
82
40
2
-36
-73
-113
-156
-198
-240
-282
-327
-366
-395
-419
-439
-451
-460
-465
-474
-484
-486
-481
-476
-468
-454
-435
-416
-395
-374
-353
-334
-320
-307
-290
-269
-248
-228
-212
-199
-185
-170
-153
-137
-118
-105
-87
-75
-68
-56
-41
-31
-21
-14
2
13
9
9
12
18
18
20
26
36
47
43
43
45
42
44
45
33
27
23
20
34
43
57
74
87
99
119
143
166
190
209
238
277
316
353
385
408
424
441
455
478
492
498
492
488
486
473
461
440
415
382
340
298
261
219
166
118
69
29
-1
-31
-53
-72
-94
-106
-113
-117
-114
-109
-106
-99
-94
-88
-67
-53
-38
-24
-10
10
23
30
38
33
29
23
12
5
-4
-22
-45
-73
-111
-139
-172
-209
-239
-276
-305
-329
-351
-364
-375
-384
-381
-381
-371
-364
-357
-345
-329
-309
-294
-270
-245
-224
-200
-180
-164
-142
-121
-101
-76
-55
-39
-30
-20
-7
3
12
21
21
18
16
9
1
-4
-20
-32
-38
-54
-61
-63
-76
-85
-80
-79
-78
-75
-72
-72
-65
-55
-48
-36
-33
-27
-12
1
13
21
30
51
67
86
110
135
163
189
205
237
278
308
343
366
383
410
438
460
475
479
474
477
485
494
485
465
446
422
396
369
333
298
257
200
141
91
47
5
-45
-90
-123
-151
-174
-190
-212
-236
-256
-265
-251
-231
-218
-203
-186
-161
-128
-99
-74
-51
-33
-9
17
35
44
47
51
54
55
43
22
7
-14
-39
-71
-113
-149
-184
-224
-254
-273
-295
-315
-334
-354
-360
-358
-356
-343
-333
-327
-317
-310
-292
-265
-240
-211
-190
-169
-138
-103
-66
-41
-21
2
28
53
70
72
70
79
85
86
77
58
48
44
37
29
15
-7
-26
-40
-46
-42
-42
-51
-63
-75
-76
-66
-52
-38
-36
-36
-26
-21
-10
1
11
30
51
64
75
81
86
96
114
130
142
151
159
172
188
212
234
255
274
289
308
331
353
366
370
372
378
382
381
378
366
353
334
312
284
249
214
174
135
100
66
30
-7
-50
-92
-126
-152
-174
-197
-220
-244
-259
-266
-274
-274
-262
-257
-247
-234
-224
-199
-171
-148
-123
-100
-77
-54
-28
-7
9
18
23
21
19
19
13
4
-8
-26
-42
-52
-65
-78
-92
-106
-121
-129
-140
-155
-157
-160
-166
-172
-183
-191
-188
-178
-167
-152
-146
-140
-124
-105
-78
-57
-35
-11
8
33
49
65
82
90
97
100
98
95
87
76
58
44
28
9
-6
-23
-37
-51
-59
-61
-65
-69
-75
-77
-75
-71
-65
-63
-54
-43
-35
-23
-15
-7
8
23
39
51
57
65
80
96
111
124
130
140
151
166
180
190
199
205
213
227
240
248
257
262
266
268
262
257
250
234
206
173
144
117
88
57
18
-18
-53
-92
-127
-162
-194
-220
-238
-249
-257
-268
-274
-271
-260
-243
-230
-207
-179
-146
-105
-71
-36
6
48
90
128
163
187
208
232
242
245
246
240
233
220
200
176
153
124
88
49
12
-23
-60
-97
-132
-169
-205
-234
-256
-272
-287
-303
-313
-313
-306
-300
-293
-279
-258
-237
-216
-192
-161
-134
-108
-82
-56
-28
0
20
42
63
77
93
109
122
131
134
133
130
124
119
105
92
81
61
42
23
4
-16
-36
-55
-73
-89
-103
-113
-122
-130
-137
-142
-142
-139
-141
-140
-130
-121
-102
-83
-69
-48
-26
-7
20
50
74
98
124
148
166
183
196
209
226
241
253
260
263
269
268
267
265
259
256
245
228
214
192
169
144
123
97
66
40
17
-11
-39
-64
-89
-111
-131
-148
-164
-170
-172
-171
-166
-155
-141
-126
-109
-86
-61
-34
-5
21
48
73
98
115
130
141
150
159
166
167
166
155
145
136
116
89
59
31
6
-20
-48
-78
-111
-137
-159
-185
-203
-223
-235
-240
-250
-257
-258
-251
-238
-222
-206
-186
-174
-150
-128
-112
-91
-70
-46
-21
-5
6
24
41
52
57
65
70
68
61
46
28
13
0
-12
-28
-46
-73
-93
-106
-118
-127
-134
-145
-148
-150
-160
-174
-190
-197
-201
-199
-191
-186
-173
-154
-136
-114
-89
-68
-46
-14
19
52
81
101
124
152
185
210
238
268
287
314
342
356
376
395
401
405
412
407
400
390
371
346
331
312
284
257
226
197
172
142
117
84
56
32
6
-13
-32
-50
-62
-74
-86
-94
-98
-104
-106
-94
-85
-81
-75
-72
-67
-55
-48
-43
-37
-34
-34
-33
-32
-33
-33
-32
-43
-57
-66
-76
-87
-98
-106
-118
-128
-136
-145
-148
-157
-168
-174
-185
-189
-193
-195
-194
-198
-191
-192
-188
-180
-176
-160
-146
-128
-109
-96
-83
-70
-65
-55
-41
-35
-30
-33
-36
-43
-42
-48
-56
-64
-77
-85
-94
-108
-116
-120
-130
-137
-143
-146
-145
-141
-138
-139
-139
-138
-129
-117
-103
-91
-74
-57
-41
-19
0
25
53
76
102
128
155
180
207
233
258
277
296
316
335
350
360
368
375
376
377
377
377
375
373
364
355
344
333
324
313
298
281
262
247
232
209
185
159
135
117
95
71
45
18
-7
-33
-51
-73
-99
-115
-133
-143
-154
-164
-176
-192
-198
-203
-207
-210
-206
-207
-206
-202
-201
-202
-196
-186
-175
-163
-160
-152
-145
-140
-138
-141
-137
-132
-126
-119
-114
-111
-105
-98
-90
-93
-96
-88
-85
-79
-83
-81
-75
-80
-81
-82
-80
-70
-62
-56
-56
-57
-48
-42
-40
-44
-57
-65
-66
-65
-69
-82
-95
-105
-108
-110
-107
-109
-108
-111
-124
-131
-133
-130
-125
-128
-131
-130
-122
-109
-100
-90
-84
-72
-47
-29
-9
13
34
57
80
103
126
145
165
186
205
220
239
266
285
299
311
324
340
349
354
358
360
364
368
368
364
353
344
331
317
301
281
267
249
228
210
191
171
151
128
99
67
38
12
-16
-43
-66
-83
-95
-106
-118
-130
-138
-148
-156
-164
-168
-165
-162
-158
-160
-162
-162
-160
-153
-146
-148
-139
-127
-112
-96
-89
-78
-75
-70
-69
-82
-90
-96
-104
-109
-116
-123
-132
-138
-141
-138
-141
-149
-159
-170
-180
-189
-190
-196
-207
-210
-216
-214
-210
-209
-200
-192
-174
-156
-144
-123
-105
-92
-68
-54
-42
-41
-41
-28
-17
-5
3
12
22
36
53
63
72
75
72
71
67
67
60
50
40
33
38
44
53
60
63
72
80
92
103
113
122
127
133
137
149
165
174
181
186
193
206
217
226
233
242
254
256
261
271
276
276
266
259
253
239
227
216
209
197
180
170
160
150
130
112
89
66
47
19
-3
-29
-59
-79
-107
-127
-148
-171
-180
-193
-201
-200
-212
-215
-217
-222
-212
-205
-198
-194
-194
-186
-181
-170
-156
-146
-136
-123
-111
-99
-89
-80
-70
-68
-67
-64
-64
-64
-68
-75
-80
-84
-88
-84
-80
-86
-89
-93
-94
-93
-93
-92
-101
-103
-98
-99
-96
-94
-91
-83
-75
-61
-43
-27
-13
-6
8
20
27
45
51
63
75
85
97
103
109
111
113
114
115
121
116
113
109
100
98
90
77
65
47
30
14
-4
-18
-33
-43
-49
-50
-50
-51
-46
-51
-53
-53
-60
-56
-55
-49
-34
-20
1
19
41
58
68
82
91
96
109
122
143
166
182
205
215
222
229
230
228
223
219
206
201
194
184
176
163
150
135
120
99
79
45
14
-12
-43
-68
-100
-120
-137
-157
-167
-173
-178
-188
-196
-209
-219
-222
-223
-219
-213
-204
-191
-172
-159
-143
-122
-101
-88
-73
-52
-41
-26
-20
-17
-4
5
18
33
44
49
51
50
46
46
43
33
24
18
13
14
13
3
-7
-13
-26
-32
-38
-48
-51
-56
-64
-63
-64
-67
-74
-79
-79
-74
-68
-65
-60
-54
-56
-53
-47
-43
-42
-36
-35
-39
-31
-29
-23
-23
-31
-25
-22
-25
-19
-16
-12
-9
-8
-5
-4
10
8
8
21
26
36
48
55
61
71
82
93
105
117
128
142
153
170
188
201
212
218
225
235
242
251
250
245
243
227
219
209
198
189
176
160
139
121
94
65
40
10
-13
-31
-49
-66
-80
-99
-117
-128
-138
-141
-149
-156
-158
-162
-166
-171
-165
-153
-138
-125
-109
-94
-78
-65
-57
-43
-27
-14
-3
7
12
15
14
11
7
2
-4
-13
-23
-34
-43
-52
-60
-67
-75
-80
-87
-91
-98
-107
-111
-118
-130
-136
-142
-142
-148
-155
-156
-154
-153
-151
-142
-136
-132
-133
-134
-128
-119
-107
-99
-98
-92
-82
-75
-65
-48
-32
-13
2
12
25
30
41
48
47
55
63
67
67
65
69
76
76
81
84
85
93
100
108
113
120
128
123
118
117
119
122
124
124
123
121
119
118
116
123
135
150
157
166
173
173
176
174
181
188
192
192
181
175
170
157
148
134
120
108
86
68
57
43
30
18
1
-13
-29
-38
-53
-71
-83
-94
-106
-122
-140
-150
-161
-170
-175
-172
-167
-161
-153
-151
-144
-133
-124
-111
-102
-95
-87
-81
-75
-68
-61
-53
-49
-40
-26
-20
-11
-1
6
16
21
25
26
19
14
9
3
2
-3
-7
-10
-19
-30
-34
-42
-49
-55
-64
-69
-79
-90
-103
-120
-128
-131
-139
-149
-157
-161
-163
-165
-164
-165
-164
-160
-157
-154
-149
-145
-139
-130
-115
-101
-88
-72
-57
-43
-26
-9
14
40
64
89
114
135
156
175
189
200
208
212
215
219
220
218
217
215
212
210
205
196
192
192
189
191
192
191
191
188
183
177
171
167
158
156
147
139
135
126
123
114
107
104
98
88
77
62
48
36
25
9
-5
-12
-22
-32
-41
-55
-64
-76
-89
-102
-115
-127
-135
-140
-144
-146
-147
-149
-146
-145
-146
-150
-154
-158
-153
-149
-146
-142
-137
-125
-117
-113
-111
-114
-114
-115
-120
-123
-124
-126
-124
-121
-115
-112
-108
-110
-118
-120
-122
-118
-106
-96
-88
-77
-72
-71
-68
-72
-71
-73
-75
-76
-75
-76
-69
-63
-58
-48
-48
-49
-48
-47
-50
-50
-46
-44
-29
-11
7
30
42
56
65
62
65
71
75
87
102
118
139
158
179
194
205
212
211
209
212
221
230
234
243
245
250
253
248
245
239
227
216
208
197
188
180
175
167
163
162
158
153
143
128
109
88
69
53
43
36
34
28
24
16
4
-8
-26
-43
-55
-68
-74
-79
-86
-92
-100
-106
-115
-123
-139
-152
-166
-179
-185
-188
-190
-189
-190
-192
-193
-193
-195
-194
-193
-192
-188
-182
-177
-173
-164
-152
-143
-137
-129
-121
-118
-111
-108
-103
-98
-93
-89
-88
-85
-87
-84
-83
-84
-78
-78
-80
-77
-72
-58
-50
-36
-25
-17
-8
-1
10
19
24
31
38
45
51
60
72
78
89
97
103
105
105
104
101
96
89
84
79
75
73
68
64
52
49
42
34
39
38
44
51
56
64
65
73
78
85
97
102
107
116
117
123
128
130
131
129
129
133
138
141
142
142
143
137
139
141
139
148
152
155
155
150
147
136
128
121
110
101
92
77
66
54
42
32
15
0
-18
-32
-48
-65
-78
-102
-125
-147
-167
-184
-198
-210
-227
-237
-249
-260
-269
-277
-279
-283
-279
-272
-272
-268
-263
-255
-237
-228
-208
-188
-172
-147
-125
-101
-83
-66
-50
-42
-33
-22
-16
-4
2
2
7
1
4
7
5
5
6
13
18
19
22
19
21
36
41
49
51
51
58
57
58
56
51
51
53
45
38
38
37
36
37
43
45
57
70
75
84
88
94
100
107
110
112
111
113
114
114
115
117
124
124
129
130
126
128
129
126
124
121
116
114
107
98
90
76
62
51
36
17
0
-14
-29
-41
-45
-50
-52
-54
-56
-54
-58
-61
-61
-62
-57
-45
-38
-31
-19
-13
-1
11
28
37
44
58
63
66
71
74
81
81
73
64
51
43
26
9
-11
-31
-50
-71
-84
-108
-125
-145
-162
-174
-189
-195
-203
-204
-206
-207
-208
-207
-204
-203
-195
-185
-173
-156
-136
-121
-108
-90
-70
-53
-38
-23
-12
-6
-3
-1
10
17
26
35
40
45
44
45
50
50
55
59
63
69
68
79
80
79
86
84
87
85
87
87
85
87
79
80
76
71
65
57
53
43
39
34
30
27
20
18
17
13
14
20
20
25
27
26
28
27
31
37
47
55
60
74
73
79
81
77
77
68
64
50
37
24
13
11
7
11
13
10
15
11
5
1
-7
-10
-15
-24
-26
-32
-32
-29
-26
-18
-16
-8
-2
3
8
9
15
18
22
23
21
20
19
12
6
-2
-9
-11
-16
-14
-23
-27
-35
-50
-55
-67
-74
-81
-86
-88
-96
-98
-102
-98
-96
-96
-94
-101
-104
-104
-104
-99
-95
-89
-77
-66
-53
-36
-30
-22
-18
-21
-20
-18
-10
-11
-9
-12
-22
-21
-30
-23
-13
-9
1
-6
-10
-18
-17
-11
-6
8
18
27
33
46
50
53
49
44
37
22
19
20
26
26
32
36
28
26
27
27
28
27
27
25
21
21
33
44
50
64
68
66
74
76
88
98
106
111
109
108
101
104
103
105
109
106
102
90
84
79
77
83
88
91
87
81
68
52
40
27
8
-12
-32
-50
-69
-78
-76
-78
-77
-74
-78
-81
-80
-77
-74
-65
-54
-48
-36
-20
-12
-7
-3
2
-2
-5
-3
-6
-10
-11
-15
-23
-23
-23
-25
-25
-33
-45
-55
-64
-71
-78
-80
-85
-95
-95
-102
-109
-110
-114
-113
-115
-110
-107
-118
-116
-118
-114
-103
-99
-91
-88
-86
-79
-70
-62
-56
-47
-36
-24
-4
9
25
41
52
68
80
89
93
99
107
113
123
129
125
124
120
114
110
104
100
89
80
72
63
56
44
30
14
-1
-18
-38
-50
-58
-64
-62
-65
-65
-61
-54
-39
-26
-12
5
19
29
39
50
60
68
80
86
90
97
102
104
108
111
110
110
110
108
109
108
101
88
79
70
53
31
16
-5
-26
-39
-53
-63
-71
-77
-82
-88
-88
-87
-86
-84
-85
-84
-88
-85
-78
-77
-66
-60
-56
-43
-33
-24
-17
-9
-3
2
13
16
21
23
21
22
21
22
21
16
12
10
4
0
-3
-9
-11
-14
-20
-24
-31
-42
-52
-59
-63
-68
-69
-68
-73
-75
-71
-68
-65
-56
-51
-45
-40
-34
-23
-18
-8
0
9
20
27
31
31
34
38
41
43
44
40
39
34
36
33
29
29
22
17
11
5
0
-6
-16
-20
-21
-28
-30
-36
-46
-52
-52
-47
-43
-39
-33
-28
-21
-15
-7
5
15
28
38
51
69
82
93
96
96
97
101
107
112
118
122
129
127
124
121
115
111
105
99
89
76
66
48
33
19
8
3
-9
-23
-37
-49
-56
-63
-62
-59
-54
-48
-47
-47
-45
-42
-39
-34
-33
-32
-29
-27
-26
-27
-27
-25
-23
-28
-29
-29
-31
-32
-34
-38
-38
-40
-43
-43
-50
-58
-67
-78
-87
-97
-104
-105
-103
-99
-98
-91
-86
-82
-78
-73
-63
-52
-44
-37
-29
-26
-24
-21
-21
-18
-10
-2
7
15
18
23
30
31
35
39
42
41
37
32
31
29
23
18
15
12
10
6
3
2
1
-1
-4
-5
-4
-1
2
4
9
15
26
37
48
61
68
72
73
73
76
82
88
94
96
98
104
105
109
111
109
107
101
92
86
81
76
69
60
51
43
33
18
9
4
-6
-14
-20
-28
-38
-54
-71
-84
-91
-90
-88
-83
-76
-71
-72
-71
-65
-62
-59
-52
-42
-35
-27
-19
-11
-5
-1
3
5
7
13
16
13
9
-1
-5
-6
-5
1
5
7
7
4
-2
-4
-8
-12
-15
-25
-32
-40
-48
-46
-45
-42
-41
-47
-49
-47
-46
-40
-34
-34
-33
-34
-35
-25
-12
-6
-1
2
3
5
13
17
22
28
21
17
8
5
15
22
23
20
15
15
13
11
11
6
0
-1
-3
-1
3
-1
-3
3
-1
3
4
-1
-1
-4
-3
-3
-4
-6
-4
0
2
7
7
7
11
8
12
16
18
22
24
28
34
33
32
32
37
40
44
45
42
46
45
45
47
42
45
46
46
45
42
37
37
37
30
27
25
17
16
8
8
6
-4
-6
-10
-16
-17
-17
-20
-20
-26
-34
-35
-37
-36
-37
-41
-41
-40
-45
-50
-48
-48
-46
-44
-41
-39
-39
-36
-37
-29
-27
-24
-18
-20
-13
-10
-12
-7
-6
-4
-5
-6
-9
-8
-3
0
6
6
4
0
-7
-11
-12
-14
-15
-16
-20
-23
-24
-23
-28
-32
-33
-36
-37
-38
-35
-33
-28
-27
-26
-21
-23
-18
-13
-12
-8
-3
-1
7
15
13
19
19
20
26
28
33
38
38
35
33
34
34
40
45
42
45
40
35
33
36
32
32
28
21
22
22
26
29
30
30
24
19
13
15
16
15
22
25
24
28
29
30
36
33
31
32
30
30
30
35
35
38
39
34
30
20
12
7
2
2
2
-1
-3
-5
-9
-14
-19
-23
-26
-30
-34
-42
-46
-45
-47
-43
-44
-48
-54
-58
-59
-57
-51
-51
-49
-53
-51
-44
-41
-34
-29
-26
-28
-29
-24
-25
-20
-17
-19
-18
-15
-16
-13
-8
-8
-10
-14
-14
-18
-23
-24
-20
-18
-15
-14
-14
-16
-19
-21
-17
-18
-15
-11
-7
-4
-3
-4
-1
2
7
14
21
21
23
26
28
35
41
42
40
40
44
50
57
58
57
57
50
48
48
45
43
37
31
27
22
16
16
16
12
6
-3
-5
-3
-2
0
-2
0
0
-5
-2
-1
1
1
-3
1
-1
-4
-2
-2
4
6
5
5
4
1
0
1
3
3
4
2
4
-1
-6
-7
-11
-8
-7
-8
-6
-10
-9
-6
-7
-2
-5
-7
-9
-12
-9
-9
-6
-5
-8
-9
-14
-14
-12
-11
-8
-9
-8
-5
-7
-3
-3
-3
2
2
5
6
2
1
-3
-4
-2
-3
-5
-9
-9
-10
-10
-9
-11
-12
-15
-18
-17
-19
-22
-23
-25
-24
-28
-27
-24
-28
-24
-24
-21
-14
-9
-3
0
3
7
12
17
19
23
25
25
31
30
29
28
26
31
35
36
32
25
20
18
19
17
13
7
-1
-7
-13
-16
-18
-23
-26
-26
-27
-29
-29
-25
-18
-11
-6
-4
-2
-1
2
6
11
13
15
20
24
29
36
40
46
50
55
61
63
60
56
53
49
45
39
31
23
14
4
-4
-8
-14
-20
-21
-23
-28
-32
-38
-41
-44
-45
-43
-49
-57
-59
-57
-56
-54
-49
-44
-40
-32
-31
-24
-16
-10
-2
6
13
16
20
27
30
39
46
50
52
53
55
51
47
44
40
36
29
21
10
4
-1
-10
-14
-18
-25
-33
-39
-48
-54
-59
-64
-71
-74
-76
-79
-83
-86
-85
-81
-77
-72
-65
-65
-59
-54
-48
-35
-28
-22
-16
-7
2
11
25
35
49
62
73
84
90
97
103
105
108
110
108
102
96
89
78
70
61
52
44
35
23
12
3
-6
-14
-23
-28
-36
-43
-46
-47
-45
-44
-42
-34
-30
-22
-15
-12
-9
-3
2
10
18
19
19
18
15
16
16
17
19
20
18
21
24
26
27
26
24
21
18
16
9
1
-9
-20
-26
-33
-41
-51
-64
-74
-75
-78
-76
-73
-72
-68
-63
-53
-40
-32
-27
-19
-11
-3
6
12
14
16
19
22
26
24
22
18
19
24
27
29
30
33
39
47
55
59
60
60
58
57
59
55
46
35
23
13
1
-13
-27
-41
-51
-58
-63
-67
-74
-79
-80
-76
-70
-67
-62
-63
-61
-54
-46
-35
-28
-26
-19
-12
-2
10
17
23
29
36
44
53
59
62
65
67
66
68
69
64
59
53
49
44
39
33
26
15
9
2
-5
-10
-15
-23
-28
-32
-35
-30
-30
-31
-31
-31
-24
-18
-14
-11
-10
-9
-4
0
1
1
3
4
5
6
6
4
4
3
5
9
12
13
14
13
14
17
18
16
10
3
-2
-8
-11
-13
-17
-23
-27
-31
-36
-38
-37
-37
-35
-32
-27
-19
-11
-4
4
9
14
17
19
19
19
21
19
22
21
16
16
14
13
16
12
10
9
5
6
5
2
1
1
1
-2
-8
-15
-19
-24
-27
-31
-36
-41
-42
-42
-42
-41
-40
-37
-34
-34
-30
-26
-25
-17
-11
-4
7
18
24
29
37
47
56
62
62
61
61
63
64
60
51
47
42
40
38
30
26
24
18
16
13
7
2
-6
-11
-16
-21
-25
-28
-31
-36
-38
-39
-40
-41
-45
-49
-48
-48
-46
-45
-45
-43
-39
-34
-32
-25
-18
-13
-6
-1
5
8
14
19
23
27
31
32
35
34
33
32
33
35
34
31
31
31
30
31
30
29
27
25
22
21
20
16
10
3
0
-3
-4
-7
-13
-19
-24
-25
-25
-28
-34
-41
-45
-47
-49
-48
-46
-42
-39
-31
-25
-19
-14
-11
-7
-1
4
4
5
7
8
7
9
14
19
23
23
24
25
25
26
26
27
25
22
21
18
16
11
8
5
2
-1
-5
-8
-9
-11
-11
-11
-8
-7
-5
-3
-1
-3
-4
-1
1
5
6
8
11
12
14
15
19
18
16
15
13
12
10
4
1
-1
-1
-4
-6
-9
-13
-15
-15
-18
-21
-26
-29
-28
-29
-30
-32
-33
-34
-35
-32
-29
-25
-23
-21
-15
-11
-8
-4
2
8
14
19
24
27
26
27
28
30
31
30
26
23
17
13
8
6
6
4
1
0
-3
-6
-7
-8
-8
-12
-12
-13
-13
-15
-17
-14
-14
-13
-10
-7
-2
-1
0
1
4
8
12
17
20
24
25
24
25
20
20
17
18
17
12
10
4
-1
-5
-11
-10
-14
-15
-15
-16
-16
-17
-17
-17
-15
-12
-9
-9
-7
-3
0
3
5
8
7
6
7
6
7
8
7
10
10
11
13
14
19
19
23
21
19
19
17
12
10
6
-1
-6
-10
-17
-19
-21
-23
-24
-23
-27
-28
-24
-24
-25
-24
-22
-17
-13
-8
-4
-2
-4
-1
0
2
5
7
7
6
9
10
10
11
7
6
9
12
17
19
19
19
19
18
17
16
11
7
7
4
2
2
-2
-6
-8
-14
-18
-20
-21
-20
-18
-21
-21
-17
-15
-12
-7
-6
-3
2
9
13
12
14
13
14
15
15
15
11
9
9
9
9
11
14
15
14
16
17
17
14
12
10
6
3
1
0
-1
-5
-9
-15
-20
-24
-33
-38
-40
-38
-36
-34
-32
-30
-28
-25
-20
-14
-10
-7
-2
5
14
19
21
22
24
26
29
31
30
28
26
24
21
19
17
17
17
16
13
13
10
5
-3
-9
-13
-15
-17
-19
-23
-26
-29
-29
-31
-32
-32
-33
-32
-29
-24
-22
-20
-18
-14
-7
1
8
12
13
17
23
27
28
29
31
29
30
32
34
32
28
23
20
17
16
13
10
7
2
-4
-7
-7
-10
-12
-12
-14
-15
-18
-20
-22
-26
-28
-26
-24
-25
-25
-24
-24
-21
-17
-15
-12
-10
-10
-7
-5
-2
1
7
11
16
20
25
27
30
30
32
34
36
33
33
32
29
27
25
21
18
15
11
5
0
-8
-13
-18
-26
-30
-33
-39
-41
-42
-43
-40
-39
-37
-34
-29
-24
-16
-11
-8
-4
-1
2
8
14
22
27
30
29
27
27
25
24
25
24
21
17
15
10
8
7
2
0
-3
-7
-8
-10
-12
-11
-14
-16
-16
-16
-15
-12
-8
-8
-6
-7
-9
-7
-7
-6
-3
-3
-2
0
1
3
3
1
0
-1
1
2
7
12
11
9
9
9
9
13
15
18
21
20
20
22
18
16
18
16
16
14
11
11
7
0
-3
-6
-6
-9
-11
-13
-18
-23
-26
-26
-26
-27
-26
-23
-23
-23
-20
-19
-17
-14
-10
-5
-3
-4
-2
0
0
1
0
1
0
-1
1
3
5
7
8
11
14
11
13
12
10
11
14
16
16
14
11
8
4
2
1
2
4
1
-2
-5
-12
-17
-19
-20
-19
-17
-17
-15
-15
-13
-10
-9
-7
-6
-5
-3
-2
-2
2
2
-1
-4
-2
0
3
5
7
9
11
12
10
12
12
11
12
14
16
17
16
15
16
17
17
13
10
11
11
11
8
5
2
-1
-6
-9
-9
-6
-4
-2
2
2
1
0
0
1
3
3
6
7
4
0
-2
-6
-7
-9
-11
-11
-9
-8
-8
-13
-17
-18
-19
-16
-13
-12
-12
-10
-8
-6
-8
-10
-7
-3
-1
1
2
1
-1
-3
-7
-8
-9
-8
-6
-1
1
1
1
0
0
1
2
5
9
11
14
11
10
6
4
4
5
6
3
2
1
0
-2
-3
-4
-6
-5
-6
-6
-5
-4
-3
-1
3
6
8
9
10
11
11
12
12
11
10
9
10
9
8
6
3
3
3
2
2
3
3
3
4
3
1
2
2
4
7
4
4
2
3
3
3
1
1
0
-2
-5
-7
-8
-8
-8
-10
-10
-9
-8
-8
-6
-7
-7
-6
-6
-2
0
2
2
3
1
1
0
-3
-4
-6
-2
-2
-6
-5
-9
-9
-6
-5
-3
0
-1
1
1
2
3
5
5
4
4
2
-1
-4
-8
-8
-7
-7
-7
-7
-7
-8
-6
-6
-6
-5
-4
-4
-5
-4
-3
-2
0
1
1
3
5
5
6
6
7
8
8
8
6
6
6
7
8
11
11
12
10
8
6
6
5
8
10
10
12
9
7
6
7
6
6
5
3
3
4
3
3
2
2
4
4
3
2
3
5
3
5
4
1
-1
-4
-4
-3
-4
-3
-4
-2
-4
-7
-5
-5
-7
-6
-3
-1
-1
-2
-1
-2
-1
0
-3
-5
-8
-10
-13
-16
-18
-19
-19
-19
-20
-17
-18
-17
-19
-22
-22
-21
-19
-18
-15
-13
-12
-7
-4
0
4
7
9
9
12
13
12
14
15
14
13
12
12
11
7
5
5
3
-1
-4
-6
-5
-6
-6
-5
-5
-4
-4
-5
-6
-6
-9
-10
-10
-10
-6
-6
-4
-2
-2
1
3
7
11
16
20
24
30
33
34
34
34
32
28
25
23
19
18
15
11
8
2
-1
-5
-7
-9
-10
-12
-13
-13
-11
-9
-5
-3
-3
-5
-5
-5
-6
-6
-4
-3
-3
-2
1
3
6
10
12
14
14
15
18
17
15
14
12
10
8
5
3
-1
-3
-8
-12
-15
-21
-22
-22
-24
-25
-24
-22
-22
-22
-24
-25
-25
-26
-26
-27
-24
-21
-20
-19
-19
-19
-19
-19
-19
-18
-18
-16
-13
-13
-8
-3
2
8
10
16
19
23
28
33
35
35
32
29
24
18
13
9
5
1
-4
-8
-15
-17
-19
-19
-18
-14
-11
-9
-7
-4
-1
5
6
10
13
14
15
16
16
16
17
20
22
22
22
23
25
25
27
30
30
31
29
30
30
31
33
35
35
31
27
22
18
14
11
9
4
-4
-8
-13
-17
-20
-23
-27
-29
-29
-29
-30
-29
-30
-28
-25
-22
-18
-14
-14
-12
-11
-8
-7
-6
-5
-5
-2
-3
0
-1
-2
0
-2
-6
-9
-12
-15
-15
-14
-13
-14
-17
-19
-22
-23
-22
-21
-21
-22
-22
-22
-24
-22
-20
-19
-18
-19
-19
-20
-20
-20
-18
-18
-19
-18
-17
-14
-11
-6
-3
-1
1
4
7
10
15
18
22
27
29
32
35
35
35
35
33
31
29
24
22
18
16
14
12
10
9
6
3
1
1
2
4
10
13
14
15
17
19
21
26
30
31
29
27
26
24
23
22
20
18
14
10
8
7
7
7
7
7
5
3
1
0
3
4
7
8
8
8
6
4
3
3
1
-2
-6
-9
-14
-16
-19
-22
-23
-23
-22
-23
-24
-25
-25
-23
-21
-20
-18
-18
-19
-17
-15
-14
-12
-13
-14
-15
-16
-18
-19
-20
-22
-23
-24
-27
-26
-26
-24
-23
-22
-21
-20
-19
-20
-18
-18
-17
-16
-14
-12
-12
-13
-12
-11
-10
-9
-8
-10
-9
-8
-6
-3
1
4
6
10
10
11
12
14
17
16
18
19
20
20
20
22
23
26
25
25
26
27
28
30
32
31
30
29
28
28
27
28
29
29
28
27
26
24
23
21
19
18
16
14
15
16
19
22
22
25
27
26
25
24
21
17
16
14
12
9
8
6
5
0
-2
-8
-15
-18
-19
-23
-25
-28
-30
-31
-32
-34
-35
-36
-36
-37
-39
-39
-39
-40
-41
-41
-41
-40
-38
-37
-35
-35
-34
-33
-32
-30
-28
-25
-24
-21
-18
-15
-12
-10
-10
-8
-9
-8
-7
-6
-5
-3
0
1
5
7
10
12
14
15
15
15
14
13
13
15
15
17
18
16
16
15
14
12
12
11
11
11
10
9
9
10
9
8
7
6
7
7
8
8
9
11
14
15
17
17
14
12
10
8
5
4
3
3
5
5
9
10
12
12
11
10
9
10
9
8
7
6
6
6
5
6
5
5
3
2
1
-1
-3
-5
-5
-4
-4
-5
-5
-3
-4
-4
-5
-5
-5
-5
-3
-1
-3
-2
-1
-4
-8
-9
-10
-9
-8
-7
-4
-2
-1
1
3
6
6
4
3
1
-1
-4
-5
-6
-8
-8
-8
-8
-9
-8
-9
-9
-10
-11
-12
-15
-14
-13
-9
-6
-2
0
-1
-1
-2
-3
-3
-2
-4
-5
-4
-6
-8
-7
-5
-3
-2
-1
-1
1
1
2
2
2
1
1
1
1
0
0
2
2
0
-1
-4
-5
-7
-8
-6
-5
-5
-5
-5
-5
-3
-1
1
4
4
5
7
10
10
12
14
17
18
19
19
17
16
16
14
12
10
7
6
5
4
4
3
5
9
8
7
7
6
4
5
5
6
4
4
4
5
5
6
6
5
6
4
4
4
2
1
1
0
0
-1
-3
-4
-3
-2
-1
-2
-3
-5
-7
-7
-7
-7
-6
-5
-4
-4
-4
-5
-5
-5
-4
-3
-4
-4
-5
-5
-6
-6
-8
-8
-8
-5
-5
-4
-4
-6
-7
-10
-11
-12
-13
-10
-10
-12
-12
-13
-14
-13
-13
-12
-12
-13
-13
-12
-10
-9
-6
-6
-6
-8
-6
-5
-2
0
-1
-3
-3
-2
-2
-2
-2
1
3
5
7
8
7
8
9
9
10
13
13
14
15
15
15
15
17
19
22
22
20
18
15
11
11
9
8
8
6
7
7
4
6
4
3
3
1
1
0
0
0
0
0
-1
-2
0
1
2
4
5
7
6
6
5
4
4
4
2
2
2
2
2
2
4
5
6
6
6
6
6
4
3
1
-2
-4
-5
-5
-5
-6
-4
-7
-6
-8
-9
-10
-14
-15
-16
-18
-17
-19
-19
-20
-20
-20
-18
-15
-13
-10
-10
-8
-8
-6
-5
-2
0
-1
0
-1
-1
-1
-2
-1
1
2
2
2
2
2
2
2
3
3
3
1
0
-1
-3
-1
-2
-3
-2
-4
-5
-5
-5
-5
-5
-6
-5
-5
-4
-4
-4
-2
-1
-1
1
0
1
1
1
2
3
5
6
5
6
7
8
9
10
9
10
11
11
10
13
13
11
13
13
13
12
9
7
7
6
4
4
5
4
4
1
2
3
1
-1
-1
-3
-3
-2
-2
0
0
-1
-2
1
3
3
6
7
8
8
5
5
6
6
4
4
4
4
2
1
1
2
0
0
1
1
2
1
0
0
-2
-4
-5
-6
-10
-10
-10
-10
-12
-11
-13
-14
-15
-17
-18
-19
-18
-17
-17
-17
-15
-13
-13
-11
-11
-9
-9
-7
-9
-10
-9
-8
-6
-4
-2
1
6
7
8
10
10
9
8
8
7
7
5
6
5
3
3
2
3
1
2
4
4
4
3
3
4
3
3
3
2
3
4
2
2
4
4
5
5
6
6
7
7
8
6
6
5
4
4
6
8
9
9
10
11
11
12
13
13
11
9
7
6
6
5
3
3
-1
-3
-5
-6
-4
-3
-2
-1
-1
-1
-2
-2
-3
-2
-2
-4
-8
-9
-9
-9
-7
-6
-7
-7
-7
-5
-4
-5
-6
-7
-5
-8
-8
-10
-11
-9
-7
-5
-3
-3
-3
-3
-3
-3
-4
-4
-5
-6
-8
-9
-10
-10
-8
-6
-3
-3
-3
-1
1
2
3
3
2
-1
-2
-3
-4
-4
-5
-3
-3
-2
0
3
4
6
6
6
7
7
4
4
2
2
2
2
3
5
7
8
9
8
10
9
11
10
9
10
10
10
11
12
15
14
14
14
16
16
16
16
13
9
7
4
4
1
2
1
0
-1
-3
-4
-5
-4
-5
-5
-7
-8
-7
-7
-7
-7
-6
-6
-4
-7
-6
-9
-13
-13
-17
-17
-18
-19
-18
-17
-16
-14
-11
-6
-3
1
3
3
4
4
5
8
8
6
5
4
6
5
2
1
-1
-1
-2
-3
-4
-5
-4
-4
-2
-2
-3
-1
1
2
3
6
6
6
3
3
3
1
0
0
0
-4
-6
-7
-8
-9
-13
-13
-12
-9
-5
-4
-3
-1
0
4
8
12
13
14
13
13
13
14
11
8
6
3
4
2
-2
-5
-6
-5
-4
-4
-4
-5
-3
-3
-1
1
4
6
5
6
5
6
6
6
2
-3
-4
-5
-5
-4
-9
-11
-12
-11
-10
-10
-8
-5
-4
-3
0
1
3
3
4
5
7
10
12
11
11
9
8
9
9
9
6
6
7
8
10
11
11
12
12
11
11
11
13
12
10
7
5
2
-3
-7
-13
-17
-19
-20
-21
-23
-24
-26
-25
-24
-24
-23
-21
-17
-13
-10
-5
0
4
8
11
12
15
17
18
16
14
14
15
15
15
15
14
15
11
9
7
5
4
2
2
0
-4
-5
-7
-11
-15
-18
-20
-22
-24
-23
-24
-23
-24
-25
-24
-23
-20
-17
-14
-11
-9
-5
0
3
6
8
9
10
12
13
13
11
10
11
12
13
13
12
8
7
6
6
7
9
9
10
13
13
12
12
11
11
11
11
11
8
6
5
4
2
-1
-1
-4
-6
-9
-11
-11
-12
-11
-9
-9
-9
-9
-7
-7
-8
-9
-11
-9
-7
-6
-4
-2
-5
-4
-3
-2
-2
-1
0
3
7
10
11
11
10
10
12
13
14
14
14
13
10
8
8
6
4
4
4
2
0
-2
-3
-4
-5
-6
-5
-5
-7
-9
-10
-11
-13
-15
-15
-14
-12
-9
-8
-7
-4
-1
0
0
1
2
4
6
8
9
10
9
8
9
8
7
7
7
6
8
10
9
9
7
5
3
0
1
0
-2
-4
-6
-7
-10
-14
-16
-20
-20
-21
-23
-23
-23
-24
-24
-24
-25
-25
-24
-22
-20
-20
-18
-17
-17
-12
-8
-4
0
4
9
13
17
20
23
24
26
29
31
33
33
34
35
34
33
