SAMPLES:	22787
BITSPERSAMPLE:	16
CHANNELS:	1
SAMPLERATE:	16000
NORMALIZED:	FALSE
-14
-18
-15
-15
-20
-13
-11
-11
-6
-5
-8
-12
-15
-21
-20
-15
-14
-14
-14
-14
-11
-16
-10
-6
-14
-11
-10
-6
-2
-3
0
-2
-4
-8
-12
-7
-5
-3
6
7
8
10
9
9
4
0
3
5
4
6
7
8
7
3
2
1
2
5
5
8
1
1
-1
1
1
0
2
-3
-4
-8
-4
-2
-5
0
2
-1
1
2
-3
1
1
3
6
8
7
4
9
6
5
5
1
1
-2
-2
-1
1
3
2
5
1
-2
-2
1
0
-1
2
-1
0
-2
-1
2
1
-1
1
4
2
2
5
3
6
1
2
4
2
4
5
4
3
4
5
2
-1
-1
-6
-2
-1
-4
-8
-7
-2
-5
-3
-5
-7
-7
-6
-5
-3
-4
-3
4
2
-1
-3
-3
-2
-1
0
3
8
8
11
13
12
8
7
3
-2
-1
-10
-12
-9
-7
-6
-7
-6
-9
-7
-9
-13
-10
-8
-13
-6
0
-3
0
3
3
7
6
7
7
2
5
3
0
1
-4
-2
-5
-10
-7
-7
-3
-1
-1
0
4
5
4
5
3
0
4
1
3
1
-1
3
2
0
1
3
4
8
7
3
5
5
3
1
-3
-3
5
7
12
14
14
15
11
11
6
4
3
-2
-3
-6
-13
-16
-17
-20
-21
-16
-10
-8
-2
1
3
8
10
10
11
10
11
11
15
16
18
18
12
9
4
1
2
1
-2
-4
-12
-14
-15
-16
-14
-15
-10
-11
-9
-3
-6
-1
3
3
0
-4
-2
-2
-4
-5
-7
-11
-12
-13
-14
-9
-3
4
3
5
2
4
8
4
5
6
6
12
11
14
19
16
18
15
14
10
2
1
-5
-13
-19
-25
-27
-27
-24
-22
-21
-18
-13
-7
-7
-4
-2
1
7
10
13
17
20
17
17
14
15
14
15
18
12
9
6
2
5
5
5
4
-1
-1
-3
-5
-1
-1
-5
-8
-14
-17
-14
-14
-12
-7
-5
1
2
4
13
19
22
15
8
5
4
5
5
1
0
0
-3
-4
-3
-3
-5
-7
-9
-11
-10
-7
-2
1
4
5
0
-1
2
0
8
7
5
5
-2
-3
-2
-3
0
-5
-7
-9
-7
-3
-2
-5
-6
-9
-9
-8
-9
-8
-8
-5
-6
-9
-9
-6
0
6
8
6
1
-2
-6
-6
-6
-5
-4
5
9
14
14
13
15
11
14
16
20
20
16
13
8
4
-1
-14
-17
-16
-11
-4
0
1
0
-3
-7
-9
-12
-14
-13
-13
-13
-13
-7
-4
-2
6
12
17
18
15
11
7
1
-4
-12
-11
-5
-3
1
2
-3
-11
-15
-15
-12
-13
-8
0
10
17
21
24
22
21
17
16
11
9
10
10
10
7
7
8
4
-4
-6
-10
-10
-11
-11
-6
-4
-2
0
3
2
2
2
0
-2
-4
-7
-13
-12
-12
-13
-10
-11
-5
-2
2
5
-1
-5
-5
-2
-4
0
4
9
10
13
17
21
15
13
11
7
2
-4
-1
-3
-6
-11
-13
-15
-16
-13
-9
-7
-9
-8
-9
-10
-3
-2
0
6
6
5
4
1
-3
-6
-4
-10
-7
-2
-1
-3
-8
-8
-12
-10
-8
-9
-2
0
-1
3
3
3
4
9
13
22
22
18
13
12
9
4
3
4
4
4
5
4
2
0
-3
0
1
-6
-8
-5
-6
-10
-1
6
5
10
12
10
10
9
6
8
11
16
18
21
21
16
18
14
12
12
12
15
17
11
12
4
-2
-1
-7
-8
-11
-11
-10
-13
-16
-14
-22
-28
-33
-36
-35
-33
-26
-20
-15
-9
-7
-3
-3
-7
-7
-9
-10
-13
-16
-14
-17
-15
-8
-7
-9
-9
-15
-14
-17
-17
-15
-15
-13
-18
-17
-15
-18
-10
-6
1
6
8
12
10
15
21
20
27
31
32
35
33
30
26
24
17
7
-2
-10
-12
-12
-12
-10
-12
-7
-3
-3
-4
-6
-6
-2
0
1
3
0
1
3
1
10
13
14
20
19
22
17
15
16
10
12
12
10
9
9
5
2
-1
-4
-4
-5
-4
-6
-10
-12
-7
-5
-5
-2
1
4
5
7
2
1
3
2
7
8
2
1
-3
-7
-10
-13
-13
-12
-14
-14
-13
-11
-11
-12
-8
-8
-8
-9
-7
-4
-3
1
4
10
17
19
17
17
18
20
21
19
20
13
10
12
7
9
4
0
-1
-6
-5
-7
-7
-1
-1
-1
3
1
-1
0
-6
-8
-11
-14
-10
-13
-13
-17
-23
-26
-23
-19
-18
-16
-13
-5
-1
9
14
18
17
14
13
9
15
17
15
11
4
1
2
2
5
5
5
10
7
5
10
14
13
8
2
4
5
-1
-9
-17
-15
-8
-5
-8
-8
-9
-4
-1
-1
-1
-4
-9
-13
-17
-26
-28
-23
-20
-23
-26
-29
-35
-32
-16
-3
4
2
6
16
23
31
28
23
27
26
24
23
18
21
22
21
19
15
15
21
19
17
19
19
19
20
18
20
22
17
15
6
-8
-3
-4
-16
-20
-26
-25
-25
-31
-36
-38
-37
-27
-25
-31
-31
-31
-27
-24
-22
-19
-16
-13
-19
-19
-13
-13
-8
-7
-4
1
6
11
10
13
12
17
19
19
16
17
18
18
19
17
19
20
17
19
16
15
16
17
20
14
13
9
4
-1
-6
-3
-3
0
-4
-7
-4
0
-1
-3
-8
-11
-4
-4
-7
-12
-16
-16
-16
-11
-12
-13
-8
-5
-8
-7
-5
-1
0
2
6
6
7
9
10
12
14
10
10
11
6
12
16
16
18
18
25
20
15
18
11
6
3
4
4
1
3
4
0
1
3
1
-1
-5
-10
-15
-22
-27
-21
-13
-12
-7
-1
-7
-13
-16
-21
-21
-20
-16
-12
-16
-15
-9
-7
1
4
3
3
-2
-5
-6
-7
-9
-6
-2
2
3
5
3
1
0
-1
-2
-1
0
5
8
7
13
11
9
10
5
2
-6
-8
-7
-10
-5
0
4
17
18
19
17
7
2
1
-4
-10
-9
-8
-2
2
12
18
23
25
22
17
6
-4
-9
-13
-11
-5
0
11
16
24
29
27
24
17
11
4
-3
-11
-12
-15
-12
-13
-14
-6
-6
2
4
2
4
-5
-6
-10
-18
-18
-20
-17
-15
-13
-8
-10
-9
-8
-9
-9
-5
-3
-1
-2
-4
0
2
-1
-2
0
2
1
-1
-4
-4
-6
-6
-4
-1
8
11
17
20
21
24
20
19
14
10
9
8
3
-3
-6
-7
-5
-7
-9
-4
1
2
-3
-3
-2
-6
-7
-10
-14
-11
-9
-5
-4
-4
-3
-3
-4
-3
-6
-11
-9
-6
-6
-6
-7
-5
-5
-8
-6
-3
3
6
6
11
9
12
15
15
16
17
17
12
11
5
-1
-2
-5
-12
-11
-14
-12
-10
-14
-13
-10
-10
-10
-6
-1
3
14
21
21
22
18
12
6
3
-1
3
4
0
0
1
0
0
-1
-1
2
2
5
9
9
2
7
9
13
17
17
14
10
3
0
-7
-9
-11
-18
-20
-20
-16
-11
-11
-8
-7
-12
-13
-16
-16
-20
-18
-13
-10
-9
-7
-8
-7
0
0
6
6
5
6
-2
-5
-10
-8
-9
-10
-12
-13
-13
-12
-10
-6
2
4
10
12
12
18
20
22
20
16
16
17
16
11
10
9
9
11
11
6
5
3
0
3
4
15
21
20
24
22
21
20
21
20
16
11
8
2
-5
-8
-11
-12
-13
-13
-16
-17
-19
-21
-20
-25
-21
-22
-20
-18
-19
-17
-17
-14
-15
-16
-14
-18
-17
-19
-21
-20
-21
-17
-14
-12
-7
-4
1
2
7
8
6
14
11
6
10
11
14
18
19
25
28
27
29
32
30
25
26
21
15
14
12
8
6
4
0
-2
-4
-6
-6
-6
-11
-14
-18
-22
-23
-20
-19
-20
-19
-14
-11
-7
-7
-7
-1
0
1
5
2
3
7
9
4
1
0
-6
-8
-11
-15
-11
-10
-7
2
2
3
9
12
12
14
15
10
11
13
6
7
3
2
3
2
2
-3
-2
-6
-4
-6
-12
-7
-6
-8
-5
-6
1
10
11
12
11
14
11
10
4
-2
-1
-4
-8
-8
-10
-11
-10
-13
-18
-20
-16
-14
-9
-6
-3
7
13
18
21
22
24
27
27
27
23
18
14
8
1
-5
-12
-15
-12
-13
-19
-17
-17
-17
-15
-16
-15
-17
-18
-15
-9
-2
3
10
12
17
15
6
6
-1
-4
-6
-10
-8
-9
-4
-4
-5
0
-1
2
4
4
8
10
10
13
13
11
10
11
13
14
16
18
16
14
8
4
0
-3
-5
-3
-4
-3
-1
-2
2
1
3
1
1
1
-4
-3
2
3
0
0
-4
-6
-5
-5
-6
-7
-9
-10
-14
-16
-24
-25
-15
-12
-7
-4
-1
3
5
6
3
-3
-4
-4
-5
-4
-2
0
3
9
6
2
-1
-11
-9
-6
-11
-12
-11
-11
-11
-14
-14
-15
-9
0
1
0
-1
-5
-7
-4
-6
-5
-5
-3
7
6
5
6
9
9
6
3
5
4
6
8
6
4
2
7
9
9
11
13
14
19
20
14
11
14
14
12
11
11
13
9
4
1
0
-3
-6
2
-1
-6
-5
-7
-2
0
0
-1
-2
1
6
6
9
11
13
11
14
12
6
8
9
13
9
5
7
2
1
-4
-12
-14
-18
-17
-18
-27
-24
-22
-17
-9
-3
1
-1
1
4
5
4
8
10
7
6
3
-2
-7
-8
-7
-11
-15
-17
-19
-15
-14
-7
-4
-3
5
4
6
4
2
4
1
-5
-12
-15
-15
-14
-12
-6
-10
-9
-5
-1
1
-1
-1
-3
0
1
1
8
11
13
13
8
5
5
2
-3
-1
-2
-5
-3
-5
-7
-5
-11
-5
0
-1
4
6
9
12
13
16
17
16
15
14
15
19
21
21
23
19
8
4
-5
-8
-2
-2
-4
-1
1
-2
-5
-6
-12
-10
-11
-9
-7
-6
0
0
1
0
1
2
0
5
7
9
7
2
7
5
4
6
1
6
-1
-4
-2
-2
1
-3
-1
-1
-1
-3
-2
-4
-5
-10
-13
-9
-12
-14
-6
-9
-12
-5
-3
-9
-12
-14
-14
-12
-7
-4
-2
-1
-3
-7
-9
-8
-6
-3
-4
1
5
5
9
8
2
1
3
-1
2
4
-1
5
1
-1
7
6
6
2
1
3
0
5
2
-1
0
-4
-1
2
6
9
6
1
-5
5
0
-4
3
0
9
5
4
13
6
2
4
7
5
10
12
10
3
-7
-1
0
1
7
2
3
8
7
10
7
2
-3
1
-1
-1
-2
-8
-2
-10
-10
-6
-8
4
5
-6
-6
-4
0
-2
0
0
-6
0
1
8
11
9
6
1
-1
-9
-10
-5
-9
-10
-13
-16
-9
-10
-5
-3
-4
1
-1
6
8
9
6
6
11
10
12
10
10
11
5
5
8
2
-1
-6
-9
-13
-8
-5
0
2
-3
-6
-10
-4
-3
-4
1
-4
-8
-6
-3
0
0
1
-6
-7
-5
-5
-3
-1
-4
-10
-12
-15
-11
-12
-10
1
-1
3
10
10
10
7
-2
1
2
0
6
9
7
10
12
12
11
8
7
4
5
7
13
14
12
12
8
7
4
3
7
5
1
7
1
-2
3
-1
-3
-5
-7
-6
-9
-11
-5
-6
-9
1
6
-1
-4
-9
-9
-12
-13
-11
-9
-5
-7
-4
-2
-6
-4
1
-1
-1
5
5
8
9
6
13
14
11
14
8
4
-6
-15
-20
-21
-22
-20
-11
-11
-4
7
10
14
12
9
7
0
0
-1
-6
-12
-8
-6
-5
2
6
8
10
9
2
-3
-3
2
4
3
4
6
6
3
5
1
-4
-6
-10
-11
-7
-1
3
5
7
7
9
6
2
1
0
0
4
6
8
9
2
4
3
-2
-2
-3
1
2
-2
-6
-2
4
2
4
4
0
6
8
5
8
5
-1
-6
-7
-9
-8
-8
-3
9
5
-4
-1
-6
-6
-8
-15
-9
-7
-9
-14
-26
-18
-6
-7
-8
-5
0
2
5
8
6
3
5
6
1
-8
-5
-1
2
8
2
2
4
9
13
10
11
5
5
3
2
-3
-6
-6
-7
-11
-13
-16
-17
-20
-7
38
69
53
-20
-21
54
69
19
-2
27
16
-8
7
25
-24
-25
39
48
-5
-13
52
62
13
-1
33
13
-18
-18
-10
-13
3
37
13
-38
-48
-10
-10
-37
-64
-65
-72
-87
-84
-69
-61
-58
-50
-62
-64
-60
-26
-16
-57
-77
-70
-79
-101
-113
-82
-49
-33
-14
-17
-23
-2
55
94
97
79
72
69
59
59
55
64
47
25
37
62
101
120
139
168
174
187
222
243
237
194
179
142
91
32
7
30
16
17
42
74
60
70
132
171
106
23
-36
-132
-264
-355
-375
-454
-519
-493
-421
-400
-344
-230
-152
-144
-110
-50
-73
-105
-116
-127
-203
-258
-242
-235
-251
-222
-103
28
119
208
321
421
534
630
668
653
633
605
553
475
374
302
254
232
192
153
165
207
223
227
240
249
237
179
88
5
-60
-136
-208
-322
-448
-507
-483
-459
-482
-473
-429
-371
-329
-286
-238
-209
-217
-225
-233
-282
-310
-296
-283
-294
-286
-233
-176
-145
-87
-30
18
37
70
111
94
90
82
71
42
24
49
60
59
77
97
113
126
123
126
96
72
69
57
42
9
-19
-22
-9
-17
-31
-26
-15
-34
-62
-71
-108
-157
-171
-190
-241
-281
-289
-284
-282
-274
-248
-217
-196
-153
-98
-58
-35
-3
11
-11
-9
5
28
7
7
64
109
148
165
266
479
739
909
940
971
1126
1292
1295
1181
1048
975
881
732
557
415
326
306
311
242
186
236
352
358
274
213
196
169
42
-152
-336
-437
-483
-570
-733
-838
-834
-763
-705
-690
-611
-501
-400
-356
-351
-308
-242
-220
-285
-407
-481
-481
-485
-502
-539
-548
-477
-394
-345
-302
-228
-117
-48
-26
-46
-59
-46
-53
-76
-134
-182
-192
-168
-183
-227
-235
-212
-201
-261
-317
-320
-305
-312
-357
-391
-394
-391
-357
-343
-336
-310
-298
-284
-305
-326
-318
-304
-298
-334
-372
-350
-304
-273
-269
-255
-217
-193
-152
-118
-97
-51
23
92
140
175
245
343
402
456
539
657
759
836
946
1154
1403
1620
1784
1939
2152
2298
2359
2304
2226
2135
1996
1789
1520
1267
1072
962
843
705
563
540
540
472
332
201
110
-12
-189
-434
-664
-864
-1004
-1153
-1293
-1416
-1479
-1480
-1469
-1448
-1422
-1326
-1226
-1154
-1130
-1084
-988
-896
-852
-833
-789
-733
-702
-690
-618
-535
-472
-432
-385
-321
-256
-156
-59
-22
-38
-11
32
23
-35
-67
-55
-61
-73
-54
-8
15
32
41
31
-1
-30
-53
-121
-232
-338
-409
-481
-552
-590
-607
-620
-606
-572
-538
-530
-525
-505
-500
-526
-579
-602
-611
-655
-691
-720
-732
-729
-709
-643
-606
-550
-470
-383
-315
-247
-134
-3
122
235
366
519
698
850
977
1102
1254
1422
1553
1623
1630
1660
1691
1668
1564
1445
1397
1481
1670
1862
2017
2207
2547
2895
3088
3130
3181
3222
3099
2790
2381
1968
1513
1070
610
137
-276
-579
-753
-915
-1110
-1247
-1254
-1248
-1328
-1499
-1640
-1738
-1832
-1971
-2170
-2322
-2413
-2428
-2395
-2330
-2200
-1974
-1684
-1394
-1115
-825
-543
-317
-192
-145
-142
-233
-386
-576
-772
-941
-1097
-1212
-1260
-1229
-1103
-918
-688
-430
-162
108
325
494
603
669
692
657
564
410
282
180
59
-71
-184
-261
-295
-327
-356
-403
-453
-472
-529
-599
-666
-706
-747
-821
-868
-868
-848
-831
-807
-746
-675
-573
-421
-316
-254
-160
-18
115
180
212
236
241
237
247
259
250
266
333
405
465
525
634
773
888
992
1137
1247
1315
1372
1442
1501
1519
1532
1520
1514
1505
1512
1506
1483
1450
1557
1802
2029
2204
2356
2591
2806
2920
2942
2893
2740
2534
2255
1885
1423
927
567
200
-223
-615
-865
-1026
-1195
-1345
-1431
-1455
-1459
-1455
-1513
-1599
-1707
-1751
-1776
-1876
-2024
-2118
-2130
-2156
-2164
-2134
-2032
-1916
-1779
-1600
-1425
-1233
-1015
-801
-677
-654
-650
-604
-577
-630
-742
-849
-933
-968
-956
-923
-903
-861
-719
-564
-467
-378
-243
-129
-94
-97
-125
-178
-254
-348
-463
-571
-635
-659
-666
-692
-696
-641
-555
-471
-399
-331
-264
-188
-110
-51
-4
68
144
147
100
73
90
125
125
133
175
259
374
462
539
616
746
904
1025
1093
1156
1230
1275
1271
1225
1175
1122
1064
970
843
760
786
820
819
836
911
1050
1149
1265
1343
1372
1378
1397
1348
1199
1073
1013
966
802
703
824
1220
1729
2096
2229
2380
2723
3097
3200
2926
2561
2245
1906
1395
694
16
-438
-674
-896
-1221
-1520
-1523
-1322
-1179
-1190
-1275
-1270
-1251
-1317
-1576
-1947
-2272
-2414
-2516
-2799
-3145
-3286
-3083
-2779
-2572
-2382
-2079
-1688
-1286
-936
-673
-462
-348
-349
-520
-779
-953
-1029
-1102
-1262
-1456
-1550
-1485
-1315
-1136
-1029
-908
-719
-571
-544
-605
-619
-555
-528
-616
-736
-756
-641
-478
-375
-299
-218
-87
43
118
151
183
229
251
196
105
64
100
191
278
341
412
552
746
930
1041
1112
1188
1233
1227
1211
1192
1181
1159
1160
1173
1188
1235
1306
1375
1426
1449
1479
1480
1420
1322
1149
963
749
548
415
293
215
188
153
157
233
426
662
793
874
989
1080
1118
1138
1123
1083
1012
937
846
753
760
981
1328
1657
1834
1901
2064
2286
2427
2354
2079
1755
1510
1215
806
295
-110
-333
-503
-658
-837
-973
-1001
-923
-899
-1031
-1305
-1527
-1712
-2002
-2430
-2890
-3258
-3522
-3689
-3847
-3916
-3838
-3549
-3146
-2736
-2309
-1855
-1367
-955
-667
-464
-316
-259
-294
-436
-643
-861
-1061
-1169
-1257
-1368
-1459
-1467
-1399
-1280
-1153
-1053
-940
-843
-745
-639
-534
-372
-206
-130
-57
58
235
410
543
663
732
767
804
832
804
770
746
685
550
400
328
331
349
347
313
275
304
390
473
501
557
704
880
1021
1140
1305
1505
1702
1833
1912
1936
1929
1884
1780
1600
1355
1121
885
653
429
243
138
109
132
190
339
541
721
832
928
1063
1167
1212
1221
1187
1136
1083
1034
1014
1015
999
968
946
944
985
974
1009
1187
1463
1689
1752
1806
1956
2094
2051
1862
1610
1391
1194
939
541
74
-244
-345
-413
-686
-1027
-1268
-1365
-1485
-1699
-1992
-2320
-2584
-2850
-3162
-3562
-3863
-3990
-4069
-4226
-4392
-4370
-4133
-3790
-3459
-3131
-2775
-2338
-1854
-1411
-1087
-847
-616
-424
-360
-496
-655
-695
-707
-792
-1006
-1174
-1194
-1144
-1055
-1016
-927
-738
-516
-326
-197
-70
118
317
390
363
319
395
565
707
721
658
680
822
955
972
963
969
1011
973
860
806
830
881
838
722
604
615
741
858
888
911
1036
1252
1486
1651
1778
1925
2116
2312
2408
2408
2430
2398
2270
2041
1762
1534
1265
951
610
320
138
61
37
55
150
292
477
649
803
950
1058
1128
1160
1102
1009
906
868
811
658
524
441
455
442
455
536
621
652
623
749
1086
1388
1553
1621
1678
1814
1851
1751
1554
1288
1015
715
329
-126
-532
-843
-1021
-1257
-1598
-1919
-2213
-2469
-2720
-3047
-3424
-3806
-4157
-4431
-4697
-4901
-4921
-4808
-4661
-4520
-4355
-4037
-3590
-3119
-2665
-2284
-1914
-1522
-1137
-796
-588
-451
-360
-354
-432
-584
-701
-755
-778
-804
-855
-888
-791
-559
-315
-106
49
249
491
652
730
776
813
861
860
818
810
837
929
1035
1099
1178
1298
1424
1540
1579
1572
1565
1565
1576
1498
1359
1242
1206
1201
1195
1214
1276
1393
1518
1662
1805
1948
2064
2157
2179
2097
2015
1924
1778
1543
1265
1046
897
730
552
410
354
389
429
417
355
339
445
617
679
629
624
721
860
924
915
900
931
987
974
863
720
650
636
595
500
388
313
310
332
309
255
214
270
395
619
902
1152
1271
1318
1430
1532
1525
1299
942
597
221
-210
-706
-1289
-1809
-2190
-2521
-2860
-3271
-3653
-3905
-4091
-4339
-4650
-4928
-5080
-5115
-5164
-5237
-5260
-5163
-4934
-4655
-4386
-4106
-3762
-3273
-2706
-2157
-1647
-1181
-736
-342
-7
282
529
702
770
707
580
467
391
309
179
33
-117
-175
-183
-180
-165
-122
12
159
315
510
781
1113
1467
1808
2112
2430
2764
3079
3309
3390
3357
3301
3215
3046
2775
2463
2181
1907
1667
1484
1416
1433
1516
1661
1802
1966
2123
2228
2265
2205
2049
1843
1571
1284
1016
766
595
460
383
344
361
424
480
523
532
480
347
175
-3
-144
-308
-428
-457
-430
-346
-189
18
206
396
590
789
911
963
938
858
752
621
463
281
148
83
82
91
120
175
217
210
187
184
340
543
569
458
234
97
41
-142
-442
-759
-1033
-1189
-1369
-1688
-2032
-2360
-2517
-2654
-3002
-3477
-3929
-4277
-4524
-4800
-5067
-5192
-5190
-5061
-4906
-4719
-4376
-3894
-3451
-3149
-2947
-2652
-2224
-1824
-1494
-1270
-1026
-698
-343
5
280
521
787
988
1012
932
854
838
837
716
500
337
275
305
371
455
620
868
1191
1547
1863
2260
2711
3103
3401
3570
3737
3910
4015
4014
3855
3617
3413
3226
3029
2792
2523
2345
2186
2000
1838
1730
1722
1721
1632
1474
1329
1271
1249
1170
982
734
528
389
331
269
158
53
-13
-24
-60
-69
7
48
-5
-133
-231
-261
-285
-337
-473
-711
-902
-907
-765
-645
-633
-587
-490
-359
-164
-8
45
15
-42
-89
-149
-235
-295
-350
-435
-509
-486
-362
-247
-188
-190
-211
-254
-306
-358
-442
-448
-379
-361
-467
-615
-598
-474
-518
-726
-919
-1042
-1076
-1199
-1520
-1993
-2460
-2660
-2736
-3002
-3419
-3696
-3756
-3728
-3702
-3579
-3286
-2958
-2659
-2429
-2294
-2156
-1910
-1675
-1680
-1902
-2061
-1965
-1749
-1539
-1314
-1034
-683
-249
208
658
1081
1423
1729
1885
1869
1849
1870
1852
1736
1545
1398
1378
1409
1561
1741
1940
2178
2402
2705
2962
3185
3374
3433
3410
3341
3257
3227
3140
2970
2797
2596
2473
2394
2266
2126
1957
1762
1611
1437
1257
1126
966
809
633
465
386
330
254
162
69
-25
-108
-181
-241
-314
-409
-474
-517
-547
-580
-581
-577
-624
-719
-853
-1007
-1139
-1257
-1396
-1519
-1659
-1740
-1716
-1594
-1380
-1167
-933
-675
-402
-180
8
150
240
264
160
24
-170
-299
-387
-515
-596
-704
-815
-745
-681
-709
-672
-765
-794
-807
-999
-1037
-995
-1059
-1031
-1027
-1068
-874
-751
-643
-454
-427
-339
-238
-350
-528
-813
-1107
-1162
-1349
-1671
-1943
-2169
-2143
-1980
-1824
-1597
-1402
-1215
-996
-869
-767
-687
-692
-783
-1049
-1343
-1452
-1399
-1214
-1047
-975
-779
-396
122
705
1169
1578
2000
2290
2499
2623
2631
2652
2607
2403
2129
1822
1653
1635
1581
1509
1423
1399
1549
1730
1839
1925
1952
2029
2129
2173
2188
2131
2050
1925
1761
1580
1413
1275
1154
1007
859
780
820
965
1071
1100
1098
1107
1154
1151
992
722
357
-88
-508
-975
-1399
-1711
-2058
-2334
-2479
-2503
-2322
-2064
-1810
-1596
-1478
-1306
-1054
-829
-706
-734
-849
-940
-964
-912
-816
-759
-703
-658
-586
-385
-158
29
105
3
-92
-182
-258
-253
-414
-639
-831
-1030
-1084
-1095
-1074
-978
-994
-1034
-976
-868
-730
-677
-696
-663
-576
-430
-181
-2
66
213
423
677
873
964
1123
1230
1152
963
670
454
371
255
1
-387
-711
-798
-714
-613
-651
-779
-900
-998
-1056
-1176
-1379
-1574
-1799
-2071
-2269
-2293
-2051
-1610
-1173
-733
-195
475
1254
1992
2534
2889
3146
3306
3272
2997
2591
2194
1738
1184
638
157
-149
-294
-308
-253
-240
-112
154
444
721
898
1023
1180
1247
1259
1284
1283
1367
1462
1479
1488
1524
1669
1844
1879
1872
1856
1780
1682
1520
1291
1005
660
311
-70
-553
-944
-1251
-1599
-1933
-2237
-2434
-2548
-2647
-2660
-2605
-2492
-2248
-1937
-1702
-1545
-1330
-1031
-725
-533
-436
-357
-290
-217
-147
-106
-74
-3
88
145
165
192
261
314
239
44
-174
-375
-504
-663
-846
-1001
-1141
-1207
-1217
-1133
-937
-757
-676
-575
-439
-163
93
126
109
57
47
257
485
613
747
851
1179
1614
1809
1988
2229
2361
2436
2268
1902
1600
1230
939
629
23
-536
-845
-1018
-1088
-1211
-1327
-1338
-1432
-1452
-1360
-1360
-1329
-1304
-1311
-1300
-1376
-1280
-954
-734
-609
-499
-334
-46
230
454
668
734
750
760
658
538
401
283
121
-183
-426
-530
-548
-473
-440
-423
-301
-128
122
392
553
745
997
1257
1506
1652
1849
2106
2232
2213
2101
1990
1958
1912
1799
1584
1309
1139
1068
1020
920
761
641
526
328
86
-190
-495
-802
-1182
-1608
-2031
-2354
-2495
-2570
-2640
-2616
-2428
-2108
-1746
-1417
-1041
-596
-209
80
217
239
299
417
471
343
129
50
100
164
170
153
210
294
294
208
31
-174
-342
-571
-892
-1267
-1562
-1730
-1824
-1830
-1776
-1640
-1411
-1168
-871
-468
-85
258
522
674
849
1085
1404
1733
1927
2051
2232
2485
2759
2905
2875
2775
2620
2384
1982
1398
771
223
-266
-808
-1413
-1905
-2112
-2082
-1997
-1974
-1950
-1780
-1476
-1194
-1052
-1018
-976
-915
-948
-1060
-1171
-1173
-1065
-967
-861
-706
-447
-83
242
482
665
807
922
934
772
527
273
-3
-315
-677
-965
-1082
-1093
-1043
-930
-717
-386
62
496
896
1304
1666
2006
2302
2429
2447
2477
2460
2372
2145
1835
1613
1449
1313
1191
1020
868
805
850
931
873
775
721
619
446
151
-220
-584
-1004
-1421
-1800
-2159
-2409
-2525
-2533
-2461
-2304
-2017
-1616
-1219
-864
-479
-117
158
321
389
382
337
275
163
24
-123
-191
-183
-179
-164
-146
-142
-196
-338
-515
-706
-902
-1127
-1388
-1645
-1839
-1952
-1944
-1800
-1624
-1370
-1080
-753
-323
134
556
903
1129
1314
1540
1816
2116
2318
2455
2537
2701
2895
2943
2942
2847
2655
2423
2068
1563
957
329
-135
-582
-1157
-1656
-1948
-2087
-2068
-1983
-1928
-1834
-1688
-1434
-1213
-1160
-1180
-1152
-1140
-1224
-1347
-1381
-1287
-1142
-971
-780
-513
-201
171
501
698
783
813
794
627
330
-17
-283
-565
-889
-1145
-1262
-1232
-1053
-740
-387
14
442
908
1341
1628
1854
2057
2150
2158
2052
1904
1799
1657
1536
1424
1275
1170
1145
1176
1218
1210
1187
1182
1159
1089
954
833
674
404
98
-244
-585
-912
-1289
-1621
-1900
-2156
-2271
-2279
-2235
-2067
-1817
-1508
-1160
-869
-547
-231
-92
-81
-109
-168
-248
-373
-530
-653
-769
-812
-736
-621
-502
-381
-234
-157
-199
-251
-342
-451
-638
-909
-1085
-1196
-1254
-1200
-1137
-1010
-713
-393
-44
297
607
992
1339
1520
1570
1709
2011
2221
2280
2253
2234
2419
2641
2647
2562
2378
2214
2181
1891
1348
740
114
-343
-824
-1483
-1989
-2332
-2566
-2629
-2647
-2530
-2280
-1993
-1635
-1354
-1157
-887
-695
-615
-643
-749
-705
-656
-627
-527
-437
-220
72
258
490
732
936
1169
1209
1079
912
727
594
365
15
-293
-537
-644
-654
-619
-466
-313
-140
116
349
610
889
1079
1217
1248
1257
1430
1522
1455
1364
1241
1190
1168
1082
1031
974
920
885
761
663
617
583
542
407
241
103
-56
-198
-376
-669
-933
-1191
-1442
-1649
-1856
-1930
-1949
-1975
-1911
-1721
-1440
-1191
-964
-712
-542
-472
-400
-374
-403
-520
-646
-664
-730
-827
-816
-726
-677
-688
-693
-667
-688
-749
-704
-604
-597
-635
-588
-463
-300
-153
27
282
441
548
704
854
987
1095
1096
1072
1044
1049
1312
1528
1601
1693
1848
2165
2446
2502
2482
2414
2296
2165
1733
1095
469
-19
-389
-891
-1459
-1796
-1929
-1899
-1730
-1611
-1358
-1033
-700
-380
-250
-192
-59
-9
-182
-499
-807
-867
-873
-913
-861
-764
-496
-132
145
423
661
847
1070
1047
789
547
276
59
-217
-610
-874
-1050
-1118
-1041
-943
-717
-395
-133
149
413
614
839
998
1069
1015
883
888
907
785
637
538
568
618
568
587
660
736
824
867
876
876
887
945
932
791
666
535
348
113
-199
-477
-766
-1141
-1483
-1797
-2058
-2227
-2349
-2373
-2312
-2212
-1988
-1735
-1533
-1325
-1162
-1011
-855
-807
-766
-736
-725
-663
-630
-519
-406
-298
-149
-90
-19
108
221
352
455
511
613
695
707
677
612
629
657
579
467
349
314
379
406
434
463
518
714
1035
1411
1673
1848
2096
2433
2640
2663
2589
2447
2309
2046
1621
1030
377
-126
-495
-858
-1260
-1601
-1734
-1701
-1634
-1481
-1280
-1099
-908
-793
-725
-638
-602
-607
-727
-954
-1092
-1116
-1018
-856
-747
-595
-368
-119
143
350
535
673
727
696
576
439
321
211
64
-125
-319
-437
-514
-559
-548
-535
-508
-507
-479
-397
-330
-249
-165
-73
24
99
233
416
543
683
877
1061
1200
1257
1329
1427
1453
1475
1507
1498
1455
1402
1364
1331
1232
1124
1007
731
358
-37
-456
-926
-1450
-1939
-2401
-2870
-3213
-3388
-3407
-3297
-3142
-2891
-2590
-2283
-1886
-1466
-1071
-738
-515
-328
-173
-56
100
275
430
561
667
795
936
1055
1144
1128
1054
976
884
841
733
505
286
116
25
0
-52
-145
-208
-187
-52
94
225
387
552
771
1041
1387
1730
1994
2192
2335
2494
2542
2491
2416
2231
1947
1581
1085
540
56
-314
-642
-1015
-1353
-1624
-1747
-1719
-1605
-1450
-1353
-1280
-1156
-1035
-922
-823
-757
-749
-857
-936
-903
-827
-702
-565
-470
-361
-212
15
252
408
468
490
499
439
344
254
132
-62
-269
-493
-709
-837
-895
-915
-928
-882
-718
-495
-250
47
340
578
796
1039
1257
1419
1573
1751
1847
1801
1778
1763
1721
1621
1471
1364
1209
1007
878
808
663
488
358
228
46
-211
-451
-728
-1103
-1524
-1907
-2286
-2681
-3003
-3221
-3375
-3432
-3309
-3033
-2713
-2419
-2039
-1608
-1192
-810
-490
-255
-113
23
139
205
244
308
362
375
394
472
597
627
639
699
678
654
676
676
647
514
406
401
367
355
353
366
332
325
450
594
711
788
867
984
1094
1313
1648
1932
2103
2201
2406
2651
2730
2697
2574
2306
1962
1511
993
461
-123
-576
-937
-1379
-1747
-1922
-1879
-1663
-1486
-1283
-1001
-783
-541
-323
-216
-219
-314
-440
-664
-931
-1060
-1088
-1090
-1074
-1032
-863
-563
-285
-32
147
265
398
452
404
259
69
-111
-334
-616
-838
-972
-1004
-929
-843
-705
-450
-97
312
627
830
1020
1181
1326
1361
1268
1175
1086
1001
881
686
563
562
612
633
582
558
598
659
701
639
494
370
224
-38
-354
-684
-990
-1294
-1682
-2036
-2318
-2540
-2677
-2772
-2801
-2737
-2610
-2376
-2114
-1914
-1659
-1366
-1053
-789
-670
-512
-309
-153
2
71
180
366
433
495
554
576
696
770
808
821
719
695
721
699
672
618
606
631
596
607
670
693
737
725
738
855
917
1011
1127
1175
1258
1338
1427
1587
1726
1905
2092
2143
2153
2158
2127
2035
1770
1420
1075
730
407
10
-434
-728
-852
-907
-929
-921
-818
-686
-591
-439
-288
-227
-218
-247
-369
-599
-850
-981
-1060
-1258
-1461
-1583
-1538
-1407
-1293
-1131
-989
-832
-601
-388
-212
-69
19
127
150
73
37
29
42
34
-42
-86
-78
-42
38
119
191
285
341
379
400
383
408
383
327
334
332
351
375
397
497
570
621
675
646
596
536
421
293
112
-146
-426
-738
-1014
-1284
-1572
-1848
-2128
-2354
-2533
-2651
-2665
-2649
-2631
-2526
-2333
-2125
-1867
-1587
-1285
-999
-792
-559
-363
-188
65
298
443
505
602
782
932
994
1000
985
964
900
820
760
668
614
648
691
738
821
955
1114
1236
1359
1465
1514
1556
1550
1491
1414
1306
1270
1256
1197
1210
1244
1312
1434
1484
1632
1837
1920
2024
2032
1911
1830
1696
1492
1227
828
542
364
114
-90
-287
-333
-229
-204
-163
-127
-155
-138
-161
-287
-525
-840
-1056
-1258
-1562
-1816
-1979
-2047
-2038
-2037
-1924
-1708
-1497
-1207
-917
-713
-509
-340
-189
-101
-153
-193
-277
-435
-545
-691
-801
-867
-950
-954
-947
-951
-883
-810
-741
-685
-672
-631
-604
-582
-511
-458
-361
-216
-86
93
296
487
713
867
1004
1155
1209
1217
1172
1112
1043
875
656
419
123
-161
-429
-716
-996
-1289
-1545
-1754
-1959
-2057
-2081
-2121
-2097
-2012
-1895
-1724
-1527
-1271
-998
-787
-524
-203
114
436
728
985
1199
1314
1376
1379
1294
1136
898
638
442
287
209
202
229
370
596
846
1142
1454
1688
1842
1883
1886
1835
1689
1556
1392
1229
1101
1021
1048
1179
1301
1473
1695
1840
2006
2049
2029
2062
2012
1861
1642
1364
1163
989
749
575
383
310
338
294
234
119
45
49
-84
-330
-603
-936
-1194
-1479
-1822
-2064
-2272
-2381
-2377
-2371
-2321
-2185
-1997
-1767
-1614
-1531
-1383
-1256
-1108
-996
-1035
-1041
-1038
-1036
-1020
-1117
-1199
-1206
-1256
-1266
-1266
-1275
-1151
-1040
-950
-834
-752
-621
-502
-467
-383
-341
-313
-208
-141
-30
92
231
493
726
909
1160
1385
1567
1683
1715
1758
1746
1644
1531
1341
1098
853
581
296
-60
-444
-750
-1034
-1302
-1535
-1738
-1857
-1928
-1942
-1892
-1826
-1662
-1415
-1171
-945
-765
-592
-341
-90
109
264
372
515
663
781
846
849
803
745
652
546
454
377
394
507
658
794
942
1178
1437
1615
1726
1788
1818
1793
1703
1535
1382
1279
1251
1247
1252
1333
1502
1753
1974
2192
2338
2412
2452
2344
2167
1881
1519
1292
1086
785
451
137
9
-29
-75
-34
-50
-80
-43
-57
-164
-390
-593
-728
-978
-1332
-1639
-1882
-2060
-2203
-2283
-2266
-2279
-2201
-2065
-2018
-1983
-1971
-1928
-1891
-2008
-2101
-2091
-2134
-2128
-2136
-2137
-2018
-1938
-1835
-1705
-1679
-1563
-1361
-1223
-1031
-896
-749
-516
-403
-300
-177
-125
-1
84
106
263
406
558
721
801
981
1227
1439
1667
1760
1804
1938
2009
2054
2038
1980
1999
1930
1737
1498
1226
1049
833
470
55
-355
-661
-881
-1135
-1372
-1498
-1557
-1563
-1598
-1630
-1505
-1302
-1117
-1001
-994
-904
-652
-406
-246
-187
-79
136
311
424
488
512
563
587
511
421
417
513
659
740
810
990
1235
1498
1652
1694
1758
1816
1810
1724
1574
1456
1367
1261
1166
1081
1154
1308
1424
1510
1594
1775
1948
2001
1928
1748
1507
1211
799
347
-15
-273
-446
-601
-752
-749
-550
-282
-84
0
91
226
233
114
-112
-391
-596
-885
-1221
-1570
-1861
-1970
-2042
-2159
-2237
-2225
-2125
-2020
-2040
-2106
-2164
-2158
-2126
-2185
-2312
-2375
-2335
-2231
-2163
-2153
-2047
-1835
-1616
-1457
-1359
-1198
-915
-669
-492
-405
-331
-200
-85
-29
-74
-132
-69
39
95
172
314
583
865
1112
1354
1593
1873
2145
2304
2359
2410
2477
2542
2514
2406
2320
2236
2073
1828
1524
1228
918
547
135
-264
-626
-930
-1180
-1392
-1519
-1608
-1619
-1576
-1543
-1495
-1423
-1304
-1200
-1100
-995
-863
-722
-606
-423
-233
-72
89
229
392
555
675
788
847
906
1044
1160
1227
1244
1261
1372
1455
1443
1370
1248
1166
1093
974
860
749
693
711
750
828
969
1150
1339
1523
1648
1752
1824
1826
1723
1482
1213
935
602
245
-134
-496
-691
-740
-731
-765
-775
-591
-278
-96
-56
-57
-60
-40
-108
-282
-578
-942
-1181
-1323
-1506
-1702
-1860
-1910
-1933
-1967
-1947
-1896
-1839
-1778
-1734
-1771
-1807
-1807
-1796
-1854
-2036
-2189
-2235
-2238
-2279
-2322
-2243
-2069
-1899
-1728
-1485
-1172
-846
-567
-369
-193
-26
169
353
461
542
604
751
989
1210
1451
1670
1885
2099
2253
2415
2534
2569
2539
2447
2346
2257
2141
2057
1947
1772
1641
1539
1458
1331
1099
896
692
406
81
-280
-625
-915
-1222
-1493
-1728
-1941
-2050
-2100
-2116
-2061
-1911
-1684
-1429
-1219
-989
-719
-450
-162
30
147
275
405
538
626
695
822
962
1087
1248
1402
1523
1625
1657
1663
1602
1422
1221
1018
768
516
270
100
51
71
178
301
461
696
1003
1286
1483
1554
1559
1513
1361
1175
900
612
269
-95
-390
-672
-898
-1005
-969
-821
-721
-642
-447
-166
72
123
116
94
22
-76
-234
-478
-740
-907
-947
-1029
-1234
-1346
-1332
-1314
-1367
-1434
-1469
-1544
-1650
-1747
-1873
-2046
-2209
-2262
-2344
-2536
-2679
-2651
-2543
-2424
-2283
-2094
-1813
-1514
-1162
-829
-533
-250
34
279
413
543
750
922
1031
1157
1231
1365
1519
1631
1716
1760
1852
1972
2018
1954
1919
1940
1952
1981
1972
1970
1974
1987
2052
2057
2027
2012
1953
1784
1513
1200
899
545
117
-327
-812
-1273
-1670
-2011
-2259
-2473
-2608
-2634
-2597
-2464
-2260
-1966
-1617
-1308
-997
-680
-379
-64
214
420
589
760
954
1150
1329
1457
1519
1566
1571
1531
1454
1303
1088
822
540
278
47
-152
-339
-487
-551
-499
-363
-170
46
294
537
727
931
1114
1248
1288
1212
1087
934
766
601
413
216
12
-204
-336
-460
-594
-571
-479
-439
-424
-399
-288
-114
-35
-32
-33
-53
10
89
50
-56
-153
-177
-208
-363
-542
-696
-872
-1049
-1290
-1460
-1548
-1683
-1785
-1965
-2165
-2274
-2328
-2322
-2388
-2500
-2489
-2394
-2254
-2087
-1891
-1617
-1328
-1024
-686
-388
-107
208
451
608
773
948
1138
1296
1396
1509
1577
1621
1686
1716
1713
1699
1678
1694
1721
1752
1841
1914
1954
1972
2020
2121
2168
2176
2192
2159
2071
1923
1728
1456
1073
692
285
-178
-665
-1126
-1538
-1924
-2289
-2549
-2679
-2697
-2608
-2475
-2282
-2007
-1676
-1311
-973
-681
-383
-155
26
168
274
395
493
554
598
635
710
795
831
812
739
688
604
440
248
67
-91
-218
-368
-472
-482
-432
-275
-105
90
377
655
919
1134
1251
1338
1345
1252
1082
840
610
357
120
-151
-448
-628
-712
-754
-817
-835
-690
-439
-186
18
129
300
540
699
752
741
729
758
720
535
260
31
-76
-178
-397
-701
-938
-1061
-1139
-1278
-1441
-1602
-1701
-1740
-1815
-1908
-1979
-2008
-1979
-1976
-1998
-1901
-1708
-1432
-1173
-963
-708
-415
-108
172
334
436
572
655
703
676
653
717
729
711
731
818
960
1088
1223
1354
1434
1552
1732
1899
1976
1957
1951
2025
2070
2069
2054
2007
1953
1898
1813
1723
1630
1513
1294
918
495
88
-289
-711
-1247
-1787
-2275
-2657
-2865
-2969
-2989
-2902
-2757
-2523
-2213
-1865
-1443
-1038
-736
-529
-400
-271
-116
-1
66
11
-74
-41
35
147
219
234
270
249
222
236
201
126
37
-49
-94
-130
-130
-35
71
185
254
324
529
720
864
923
877
862
848
826
793
703
597
485
435
395
375
396
380
322
231
130
154
318
447
427
340
310
364
501
527
500
475
434
408
324
185
77
15
-66
-244
-444
-517
-523
-514
-614
-777
-923
-977
-958
-983
-1079
-1216
-1259
-1274
-1299
-1332
-1296
-1183
-1069
-946
-830
-700
-487
-317
-190
-114
-117
-40
33
24
5
12
57
153
223
344
481
591
735
857
987
1169
1368
1552
1658
1677
1751
1859
1955
1995
1943
1897
1854
1728
1572
1403
1236
1057
741
336
-91
-469
-766
-1135
-1560
-1950
-2321
-2567
-2714
-2839
-2848
-2773
-2601
-2373
-2211
-1960
-1595
-1262
-985
-810
-709
-561
-403
-282
-202
-154
-39
91
206
351
443
589
755
801
810
797
760
736
608
412
279
233
269
239
142
129
181
250
345
410
489
572
596
609
622
708
831
879
853
778
743
821
923
956
942
904
862
784
633
557
592
588
504
352
227
270
410
472
436
329
302
416
490
407
236
176
215
184
86
16
-11
-1
-49
-168
-318
-460
-516
-575
-786
-1061
-1226
-1254
-1250
-1348
-1443
-1399
-1262
-1143
-1088
-1019
-941
-890
-843
-829
-845
-825
-779
-770
-827
-885
-813
-626
-495
-441
-375
-234
-27
178
378
580
791
992
1169
1314
1444
1640
1840
1951
1949
1945
1958
1945
1856
1643
1388
1129
843
511
137
-287
-698
-1115
-1508
-1827
-2081
-2233
-2372
-2493
-2491
-2414
-2258
-2100
-1968
-1803
-1607
-1388
-1192
-1037
-880
-698
-528
-387
-269
-71
183
395
510
569
644
770
905
958
927
863
857
833
735
602
531
544
570
521
424
397
435
542
593
581
604
636
717
795
838
978
1098
1162
1200
1158
1194
1282
1327
1320
1193
1037
893
699
476
208
51
25
-58
-100
-120
-121
51
214
341
498
594
783
933
903
865
793
798
834
715
612
496
331
242
75
-131
-271
-455
-635
-866
-1163
-1290
-1365
-1502
-1649
-1841
-1965
-2022
-2045
-2004
-2004
-1989
-1962
-1928
-1836
-1784
-1667
-1489
-1437
-1410
-1343
-1200
-955
-734
-534
-289
-79
148
469
739
1020
1293
1510
1744
1871
1944
2028
2037
2006
1885
1682
1517
1329
1124
872
527
236
-6
-282
-545
-816
-1023
-1178
-1369
-1503
-1588
-1651
-1651
-1645
-1630
-1599
-1526
-1365
-1255
-1194
-1118
-1035
-877
-739
-612
-437
-303
-170
0
184
397
539
608
708
796
859
937
1013
1032
1036
1061
1103
1086
1013
977
996
1063
1011
901
853
804
742
664
560
516
558
545
565
601
630
803
947
1017
1036
1025
1108
1112
1008
859
679
579
363
84
-131
-325
-277
-132
-45
58
171
451
829
1051
1160
1270
1379
1457
1389
1177
957
759
635
463
152
-74
-245
-391
-530
-793
-1000
-1138
-1322
-1514
-1748
-1990
-2145
-2282
-2406
-2583
-2779
-2793
-2687
-2565
-2463
-2366
-2158
-1910
-1726
-1574
-1447
-1301
-1167
-1080
-1003
-924
-792
-571
-356
-140
116
419
780
1076
1349
1651
1892
2077
2167
2161
2153
2101
1983
1844
1619
1356
1145
941
766
592
400
285
148
-22
-201
-425
-592
-786
-1002
-1169
-1353
-1491
-1569
-1627
-1617
-1560
-1445
-1283
-1138
-979
-802
-618
-424
-272
-126
24
125
248
383
494
610
692
773
841
857
908
972
994
975
921
900
887
840
784
736
731
745
690
601
526
488
478
458
450
478
515
588
677
728
802
901
987
1005
943
866
825
736
596
422
236
99
-23
-138
-139
-10
142
309
389
474
671
845
961
991
923
896
825
649
451
253
124
-30
-230
-414
-577
-676
-733
-853
-1004
-1181
-1342
-1421
-1549
-1728
-1876
-1966
-2022
-2100
-2167
-2126
-2041
-1929
-1775
-1638
-1472
-1319
-1204
-1113
-1092
-1028
-921
-858
-803
-763
-682
-514
-311
-86
156
386
626
832
1038
1251
1392
1520
1597
1575
1545
1517
1500
1475
1380
1251
1117
982
888
763
585
407
232
79
-124
-358
-532
-703
-876
-1024
-1129
-1196
-1252
-1293
-1320
-1326
-1282
-1157
-1019
-947
-906
-827
-713
-586
-474
-342
-193
-52
70
197
363
548
694
797
875
949
1035
1101
1126
1065
1014
979
944
882
801
733
717
706
639
608
578
590
592
572
585
567
608
687
702
740
769
791
823
772
746
717
660
609
502
435
364
296
401
448
508
615
653
774
824
827
842
771
738
694
568
413
216
81
-36
-199
-381
-545
-702
-892
-1058
-1198
-1308
-1462
-1630
-1742
-1852
-1963
-2034
-2050
-2041
-2071
-2026
-1857
-1676
-1514
-1373
-1167
-933
-771
-660
-563
-516
-475
-458
-492
-519
-547
-517
-442
-380
-302
-216
-90
82
268
473
632
731
849
975
1040
1087
1109
1084
1033
950
916
900
818
698
570
439
295
139
11
-76
-145
-233
-340
-432
-484
-520
-539
-547
-599
-645
-697
-732
-728
-738
-733
-734
-747
-739
-676
-545
-392
-241
-82
83
224
370
533
658
750
794
806
829
825
826
855
816
734
700
739
817
864
866
887
908
906
918
883
827
769
701
642
579
555
574
621
660
662
658
709
770
794
766
689
585
502
377
358
454
479
496
428
436
562
601
579
508
395
349
249
124
-19
-203
-264
-356
-510
-638
-761
-796
-812
-911
-982
-1061
-1156
-1209
-1296
-1394
-1480
-1544
-1551
-1573
-1606
-1596
-1525
-1389
-1278
-1173
-1026
-892
-788
-706
-672
-651
-632
-668
-730
-790
-853
-845
-771
-688
-599
-556
-477
-330
-154
25
173
323
468
543
606
710
833
943
963
969
981
1000
1025
1002
900
710
504
353
240
115
-9
-92
-119
-124
-80
4
89
160
211
204
131
51
-54
-187
-384
-611
-773
-882
-914
-875
-781
-627
-439
-209
35
245
381
470
522
550
525
443
374
329
306
298
311
410
533
650
805
939
1073
1133
1132
1166
1175
1137
1039
885
750
629
557
551
527
567
636
675
763
854
954
1043
1050
1003
866
687
599
604
577
463
303
242
276
271
263
230
207
214
116
-52
-299
-520
-597
-712
-897
-1096
-1290
-1376
-1368
-1296
-1196
-1199
-1201
-1153
-1138
-1130
-1113
-1051
-1012
-1099
-1214
-1247
-1188
-1060
-968
-907
-799
-701
-602
-543
-517
-478
-519
-578
-658
-783
-844
-879
-877
-862
-897
-868
-780
-689
-545
-427
-298
-116
49
238
414
562
749
916
1027
1123
1206
1325
1379
1316
1205
1016
845
700
519
370
165
-34
-114
-137
-56
36
106
225
301
307
297
241
160
11
-247
-499
-773
-996
-1076
-1101
-1056
-976
-858
-608
-303
-3
289
487
645
749
766
781
735
672
625
521
492
502
595
783
910
1040
1142
1225
1342
1416
1425
1359
1229
1101
978
840
702
592
542
560
525
509
568
655
770
810
807
763
682
594
503
432
331
221
93
-48
-81
-137
-215
-245
-339
-361
-449
-623
-795
-1004
-1121
-1181
-1297
-1432
-1531
-1583
-1527
-1418
-1290
-1156
-1045
-946
-894
-879
-860
-816
-779
-821
-968
-1091
-1125
-1062
-952
-864
-797
-728
-610
-486
-400
-333
-264
-231
-283
-417
-516
-561
-572
-552
-600
-665
-672
-593
-448
-330
-267
-151
15
134
323
519
714
950
1078
1184
1299
1409
1537
1572
1470
1330
1187
1064
965
816
665
557
505
521
538
561
642
702
692
616
431
241
23
-281
-576
-910
-1215
-1414
-1574
-1638
-1597
-1420
-1134
-845
-543
-231
47
317
525
596
577
499
424
346
236
197
200
259
391
501
702
930
1129
1328
1387
1393
1419
1360
1277
1126
929
804
654
556
490
392
434
501
529
595
606
708
769
653
527
325
109
20
-85
-223
-352
-498
-511
-487
-565
-531
-411
-368
-326
-396
-491
-595
-744
-795
-940
-1139
-1248
-1381
-1441
-1455
-1424
-1249
-1175
-1115
-969
-911
-829
-732
-672
-620
-693
-728
-689
-727
-714
-661
-570
-459
-409
-309
-191
-131
21
155
205
246
223
222
238
187
157
75
-85
-146
-219
-269
-247
-286
-272
-201
-110
70
233
442
720
912
1096
1220
1320
1448
1429
1325
1161
936
799
657
512
433
349
355
442
463
477
525
560
537
363
149
-81
-381
-661
-986
-1318
-1539
-1683
-1698
-1588
-1465
-1271
-940
-543
-202
39
283
498
606
627
552
420
305
215
133
75
85
175
345
578
773
946
1130
1270
1341
1337
1298
1219
1117
998
844
719
652
613
628
654
680
710
724
757
723
635
524
367
158
-142
-397
-458
-474
-479
-508
-557
-450
-306
-225
-143
-157
-210
-271
-461
-680
-951
-1185
-1292
-1442
-1612
-1717
-1759
-1640
-1452
-1285
-1104
-985
-842
-665
-591
-551
-517
-528
-538
-642
-727
-655
-561
-440
-355
-291
-134
14
156
278
304
349
358
285
198
96
71
65
-20
-103
-166
-177
-79
0
36
54
91
225
335
384
447
520
642
758
819
919
1025
1080
1085
1017
933
882
844
794
723
612
558
598
624
641
615
579
548
417
253
85
-134
-383
-693
-1011
-1256
-1435
-1545
-1570
-1526
-1379
-1138
-888
-611
-345
-106
125
285
382
391
336
274
179
71
-29
-77
-38
51
178
347
579
831
1047
1173
1249
1312
1310
1263
1133
965
804
647
505
379
318
324
357
358
330
332
351
381
373
253
108
-58
-218
-289
-313
-292
-248
-257
-221
-146
-133
-86
-53
-86
-144
-322
-523
-725
-942
-1051
-1134
-1228
-1313
-1447
-1479
-1381
-1267
-1150
-1109
-1072
-991
-953
-879
-792
-744
-661
-631
-625
-546
-432
-254
-94
-22
45
105
193
331
407
463
526
548
595
608
626
699
696
662
595
521
502
450
408
340
226
186
172
188
237
276
328
381
453
542
610
671
698
656
572
475
395
403
420
369
321
318
396
522
612
672
674
599
465
239
-19
-310
-650
-998
-1380
-1680
-1852
-1949
-1898
-1795
-1666
-1415
-1111
-796
-527
-313
-120
-5
22
23
20
33
56
41
73
177
345
597
839
1039
1227
1387
1507
1557
1509
1424
1251
1007
764
497
314
162
15
-54
-117
-90
-1
75
179
241
275
320
296
237
114
-26
-94
-155
-145
-91
-43
59
206
394
558
629
647
657
655
545
303
-49
-384
-610
-809
-1045
-1329
-1562
-1648
-1636
-1609
-1563
-1504
-1394
-1233
-1110
-1012
-906
-768
-613
-532
-503
-492
-418
-280
-166
-111
-93
-37
75
200
303
407
502
576
646
694
723
741
734
692
574
461
362
279
222
124
68
50
62
125
178
208
254
308
378
420
468
552
603
616
573
527
563
632
692
702
672
688
719
737
692
567
419
231
-12
-308
-634
-937
-1220
-1491
-1762
-1959
-2024
-1978
-1841
-1677
-1479
-1216
-888
-555
-290
-64
107
219
280
308
341
359
376
385
406
495
617
743
845
945
1030
1039
981
899
819
708
546
373
264
180
109
56
52
101
122
182
264
319
379
386
422
445
376
333
293
229
138
21
62
216
316
370
413
543
706
732
686
600
452
319
81
-277
-632
-891
-976
-1072
-1270
-1413
-1472
-1425
-1327
-1254
-1156
-1072
-1015
-935
-917
-927
-863
-775
-702
-717
-759
-687
-531
-380
-279
-212
-116
39
182
285
375
500
647
733
773
771
802
858
857
801
684
602
558
490
390
267
223
255
273
294
347
432
580
706
775
831
863
916
910
822
707
617
573
466
296
133
29
-1
-4
-65
-154
-238
-316
-405
-588
-821
-1031
-1231
-1453
-1680
-1867
-1954
-1961
-1893
-1752
-1564
-1304
-985
-653
-334
-82
98
237
320
335
287
242
185
156
182
236
325
405
473
554
654
753
846
887
854
794
730
672
607
533
452
362
298
252
235
275
349
429
505
589
684
794
877
895
914
867
721
590
444
413
430
387
396
376
439
550
563
541
428
305
201
-12
-313
-647
-923
-1063
-1177
-1317
-1437
-1517
-1462
-1344
-1206
-1046
-943
-849
-788
-775
-740
-720
-688
-683
-782
-870
-897
-875
-778
-703
-640
-520
-377
-153
57
212
406
560
662
712
713
750
777
765
735
670
621
602
587
590
586
587
642
668
666
688
715
777
813
786
744
682
615
560
491
426
356
276
195
101
43
24
11
-23
-147
-309
-464
-641
-836
-1046
-1274
-1494
-1695
-1863
-1955
-1975
-1930
-1829
-1679
-1496
-1259
-979
-716
-508
-347
-185
-39
62
110
146
214
281
325
379
450
568
684
752
802
832
901
983
1001
977
897
835
823
748
692
635
582
585
512
482
530
616
780
864
931
1038
1109
1216
1246
1155
1089
970
782
572
283
81
50
38
20
-42
-92
40
160
186
136
-36
-111
-187
-391
-639
-954
-1103
-1112
-1182
-1203
-1240
-1169
-955
-808
-662
-558
-518
-419
-395
-511
-652
-820
-920
-1039
-1264
-1389
-1431
-1381
-1223
-1093
-891
-639
-406
-107
119
320
529
651
742
735
693
741
779
832
843
798
831
846
825
795
760
795
795
722
651
565
555
613
630
608
540
514
582
616
602
552
497
433
321
208
89
-28
-157
-302
-476
-660
-807
-941
-1080
-1253
-1453
-1635
-1768
-1830
-1880
-1918
-1891
-1788
-1604
-1411
-1230
-1021
-796
-560
-317
-122
17
140
267
379
422
434
469
504
546
593
609
641
682
753
903
1011
1087
1138
1128
1149
1135
1101
1052
924
839
745
654
635
624
658
732
772
842
923
995
1081
1048
951
815
630
462
206
-56
-231
-333
-281
-228
-202
-88
89
322
457
466
425
330
224
52
-229
-541
-776
-856
-886
-956
-1026
-995
-871
-738
-634
-595
-596
-641
-741
-885
-1084
-1277
-1424
-1530
-1636
-1735
-1689
-1475
-1184
-891
-618
-307
21
279
469
580
643
673
604
524
465
437
473
538
609
668
736
838
920
942
952
944
940
868
725
638
600
592
576
523
506
533
597
643
595
554
539
466
296
37
-192
-380
-601
-856
-1149
-1400
-1573
-1715
-1839
-1968
-2064
-2079
-2048
-1992
-1943
-1848
-1688
-1503
-1308
-1145
-954
-706
-452
-230
-48
140
357
564
715
784
852
932
965
971
968
978
987
992
1011
1051
1128
1168
1152
1142
1088
1022
971
873
794
751
668
604
588
610
695
780
861
960
1007
1054
1131
1154
1114
990
807
632
411
179
-24
-240
-298
-216
-139
-63
23
240
505
610
634
607
522
411
223
-22
-330
-560
-652
-743
-867
-963
-990
-932
-879
-850
-794
-826
-893
-933
-1034
-1200
-1357
-1450
-1480
-1528
-1546
-1478
-1353
-1152
-951
-785
-613
-463
-316
-188
-157
-95
8
91
164
268
400
500
585
683
762
778
770
767
741
679
625
600
571
543
549
590
664
727
789
852
892
905
903
838
679
500
283
19
-293
-618
-889
-1126
-1361
-1548
-1710
-1823
-1898
-1959
-1964
-1963
-1965
-1938
-1889
-1847
-1768
-1626
-1439
-1204
-949
-703
-431
-103
246
574
834
1048
1216
1322
1363
1337
1290
1206
1118
1049
991
957
921
945
1008
1065
1118
1107
1064
1008
955
897
795
697
631
604
636
692
796
940
1101
1290
1442
1546
1608
1606
1521
1354
1145
861
576
265
-45
-273
-479
-486
-397
-326
-189
-39
221
464
543
597
561
445
325
69
-218
-521
-786
-905
-1060
-1212
-1280
-1290
-1217
-1112
-1049
-1011
-1032
-1085
-1121
-1255
-1423
-1539
-1640
-1721
-1803
-1807
-1683
-1539
-1358
-1135
-933
-685
-464
-275
-94
13
154
297
348
373
387
413
460
489
533
560
567
626
666
691
700
703
747
763
759
774
811
841
836
808
765
726
678
601
489
339
171
-31
-281
-546
-801
-1032
-1247
-1468
-1666
-1829
-1930
-1950
-1941
-1937
-1902
-1835
-1723
-1578
-1426
-1210
-943
-677
-383
-93
194
514
806
1062
1238
1339
1411
1441
1447
1410
1323
1223
1106
1001
920
822
755
726
733
756
784
792
777
775
802
836
843
859
904
1001
1095
1141
1186
1288
1409
1469
1439
1370
1294
1201
1094
935
747
522
246
-11
-261
-487
-648
-714
-642
-552
-467
-322
-138
125
330
430
530
567
590
538
383
185
-52
-224
-403
-618
-821
-1006
-1146
-1266
-1383
-1505
-1626
-1752
-1851
-1932
-2031
-2084
-2110
-2094
-2070
-2059
-1965
-1810
-1621
-1398
-1162
-897
-643
-437
-240
-54
93
206
277
356
435
478
553
640
712
746
750
787
836
892
942
984
999
957
865
780
737
702
663
611
567
521
465
432
370
274
172
27
-143
-366
-612
-811
-994
-1206
-1459
-1683
-1785
-1788
-1765
-1716
-1622
-1480
-1291
-1093
-888
-655
-412
-145
121
319
501
698
863
981
1031
1059
1069
1072
1080
1073
1053
1044
1049
1045
1012
954
939
946
947
908
878
879
850
814
792
805
870
943
1043
1154
1232
1328
1417
1455
1475
1432
1363
1262
1078
892
687
446
229
-27
-298
-512
-699
-809
-901
-920
-756
-557
-375
-204
-15
264
477
605
666
634
603
518
337
74
-220
-393
-507
-711
-962
-1206
-1364
-1433
-1523
-1643
-1789
-1921
-1944
-1985
-2107
-2185
-2192
-2117
-2106
-2111
-2013
-1859
-1629
-1365
-1135
-923
-681
-387
-104
40
129
262
356
401
404
412
486
541
589
641
649
712
806
855
882
862
857
866
799
718
633
592
624
616
580
564
567
615
658
652
618
525
412
272
33
-214
-433
-640
-843
-1070
-1226
-1280
-1303
-1285
-1218
-1092
-956
-805
-633
-465
-311
-148
29
170
277
358
441
543
645
744
789
825
925
1007
1078
1124
1137
1143
1087
1025
970
848
723
630
573
535
456
421
458
512
606
708
764
837
912
945
954
905
849
814
736
646
524
400
302
171
83
-11
-150
-256
-388
-492
-523
-515
-433
-333
-262
-161
-25
131
267
360
444
491
511
498
385
226
133
32
-113
-312
-584
-796
-969
-1162
-1334
-1542
-1743
-1883
-2008
-2089
-2177
-2220
-2197
-2173
-2139
-2088
-1998
-1806
-1580
-1337
-1096
-904
-657
-422
-243
-80
41
132
222
245
249
300
395
522
641
737
843
950
1056
1157
1200
1232
1239
1211
1161
1073
980
942
901
851
816
771
765
763
746
687
588
484
348
146
-104
-346
-569
-780
-986
-1196
-1356
-1417
-1421
-1347
-1261
-1166
-1003
-831
-655
-521
-396
-239
-117
-12
58
111
179
263
388
519
632
770
911
1042
1172
1280
1353
1349
1272
1167
1038
888
741
593
471
374
305
273
266
306
383
509
621
676
744
779
793
816
784
748
693
594
522
402
258
155
18
-118
-251
-411
-516
-646
-704
-599
-508
-371
-259
-162
51
199
332
477
490
548
551
445
369
207
143
126
-3
-129
-284
-425
-514
-643
-794
-1001
-1258
-1427
-1610
-1823
-1992
-2153
-2215
-2273
-2375
-2343
-2221
-2017
-1749
-1521
-1280
-1050
-857
-655
-489
-371
-264
-185
-128
-82
-34
94
284
502
709
878
1086
1284
1445
1553
1606
1651
1610
1522
1413
1303
1216
1138
1097
1040
950
870
814
780
740
663
547
380
162
-71
-295
-507
-692
-862
-1037
-1202
-1303
-1327
-1301
-1263
-1189
-1048
-906
-767
-623
-503
-375
-258
-138
-25
35
117
218
323
462
575
702
834
895
950
978
995
1016
970
872
733
614
525
419
371
396
442
501
516
523
563
612
655
661
607
530
494
464
430
402
376
407
396
324
247
162
134
93
-6
-150
-371
-579
-766
-874
-814
-703
-559
-445
-328
-103
152
387
584
694
757
763
700
583
389
234
149
45
-107
-260
-370
-425
-493
-568
-685
-857
-1025
-1214
-1442
-1699
-1920
-2061
-2160
-2263
-2309
-2234
-2029
-1764
-1500
-1243
-1014
-807
-598
-450
-357
-254
-179
-122
-87
-36
100
302
565
843
1017
1168
1350
1531
1650
1690
1715
1686
1579
1423
1272
1195
1181
1153
1099
982
874
804
732
635
470
268
40
-239
-520
-770
-967
-1088
-1188
-1304
-1405
-1410
-1316
-1174
-1055
-961
-828
-703
-600
-486
-388
-277
-156
-65
13
90
187
296
403
497
571
627
673
709
715
686
668
666
622
528
457
441
438
412
398
422
453
503
520
508
518
519
554
574
529
534
543
544
531
492
500
494
481
450
375
330
290
219
117
-53
-212
-356
-520
-631
-662
-568
-421
-290
-179
-44
172
403
577
666
663
689
679
578
415
248
220
242
217
109
-33
-106
-133
-248
-462
-747
-998
-1204
-1441
-1701
-1959
-2109
-2136
-2160
-2188
-2149
-1995
-1720
-1445
-1230
-1053
-900
-739
-620
-541
-450
-381
-300
-238
-191
-66
156
394
643
861
996
1131
1225
1310
1340
1274
1231
1154
1024
923
879
919
956
959
960
910
847
776
641
461
251
45
-157
-414
-660
-806
-867
-900
-933
-945
-908
-833
-750
-674
-640
-589
-523
-476
-457
-480
-441
-322
-224
-136
-50
52
217
353
484
597
663
737
765
785
802
799
805
785
742
711
679
668
657
604
582
604
631
644
625
589
559
488
430
403
358
352
338
334
343
318
326
335
282
223
119
35
-28
-145
-248
-423
-643
-817
-969
-1052
-1041
-916
-707
-527
-353
-132
145
396
571
682
719
734
698
652
564
426
357
308
230
130
13
-52
-128
-249
-384
-592
-809
-1023
-1231
-1412
-1605
-1752
-1820
-1863
-1843
-1791
-1680
-1488
-1289
-1091
-929
-764
-576
-453
-407
-348
-287
-233
-168
-119
-47
72
241
468
666
815
965
1092
1205
1269
1289
1300
1270
1216
1149
1074
1046
1026
999
937
797
665
560
439
291
105
-95
-290
-484
-655
-779
-839
-872
-877
-860
-837
-797
-730
-638
-564
-535
-500
-430
-364
-292
-180
-85
-5
83
155
260
359
436
503
511
525
561
561
561
563
540
511
469
437
449
454
415
371
344
343
352
379
372
327
322
327
351
387
417
436
416
375
357
339
307
291
244
165
39
-100
-211
-300
-371
-466
-561
-662
-733
-758
-796
-822
-739
-578
-395
-202
-34
181
429
636
775
827
877
949
982
898
731
589
496
409
326
207
31
-109
-247
-381
-512
-685
-829
-964
-1126
-1271
-1382
-1424
-1403
-1390
-1383
-1369
-1295
-1163
-1090
-1031
-951
-876
-799
-759
-716
-651
-603
-517
-411
-294
-140
32
259
490
674
831
952
1067
1208
1312
1369
1372
1315
1275
1252
1190
1103
1006
917
829
701
542
353
175
43
-105
-264
-420
-582
-677
-725
-710
-652
-607
-564
-552
-546
-537
-505
-469
-469
-503
-554
-557
-481
-359
-256
-188
-99
10
120
233
345
463
562
607
628
612
590
596
582
553
514
481
458
452
459
470
489
497
480
450
416
387
379
327
236
176
144
128
93
47
33
30
25
3
-32
-93
-144
-198
-282
-380
-501
-612
-704
-779
-815
-836
-836
-764
-654
-452
-197
75
362
578
817
1041
1177
1270
1248
1172
1105
961
780
567
379
290
227
165
93
4
-43
-77
-140
-220
-376
-538
-676
-864
-1081
-1271
-1410
-1492
-1557
-1615
-1646
-1618
-1499
-1354
-1258
-1197
-1134
-1053
-950
-871
-773
-653
-535
-366
-180
34
285
535
806
1043
1194
1326
1416
1439
1411
1331
1217
1072
919
782
668
569
490
427
357
316
316
343
343
277
187
69
-53
-172
-286
-389
-516
-646
-729
-757
-738
-680
-608
-551
-500
-441
-386
-342
-305
-269
-227
-191
-148
-79
-7
86
213
329
422
520
642
752
794
770
716
651
574
478
390
299
201
131
110
94
58
50
59
51
45
37
20
13
-4
-39
-59
-70
-64
-48
-68
-85
-109
-173
-229
-282
-341
-383
-449
-504
-549
-560
-486
-396
-307
-207
-51
225
532
822
1055
1227
1401
1527
1557
1543
1462
1350
1211
980
707
453
279
178
81
-38
-178
-288
-336
-392
-480
-629
-806
-960
-1112
-1287
-1438
-1535
-1567
-1580
-1628
-1631
-1542
-1380
-1206
-1085
-996
-909
-823
-737
-659
-571
-460
-328
-172
-9
168
378
623
849
1005
1095
1128
1113
1044
924
769
599
451
347
270
205
191
232
316
420
494
546
596
609
568
444
255
64
-134
-315
-475
-599
-676
-703
-677
-642
-609
-542
-466
-397
-356
-358
-362
-388
-408
-399
-382
-338
-243
-115
62
240
413
600
746
844
853
790
710
614
487
337
173
44
-26
-63
-63
-40
-15
21
64
100
107
89
76
63
56
33
-7
-34
-15
21
49
63
64
67
58
20
-39
-94
-166
-217
-257
-291
-272
-260
-210
-106
35
306
588
824
1065
1246
1442
1599
1643
1655
1575
1439
1290
1067
850
602
372
263
149
26
-99
-249
-341
-430
-533
-635
-825
-995
-1136
-1311
-1426
-1537
-1622
-1629
-1666
-1654
-1607
-1559
-1428
-1297
-1176
-1051
-981
-897
-816
-779
-675
-560
-416
-246
-111
83
287
490
684
774
813
810
757
729
638
499
378
233
136
67
37
101
188
324
505
617
691
728
718
668
505
293
75
-159
-334
-477
-583
-631
-657
-625
-558
-473
-342
-183
-77
-40
-52
-83
-128
-203
-253
-257
-228
-161
-40
113
288
473
641
791
869
871
827
705
545
369
187
20
-115
-172
-194
-171
-97
-25
79
178
244
286
285
265
228
135
27
-47
-120
-145
-181
-205
-157
-142
-110
-65
-58
-59
-77
-84
-84
-126
-157
-131
-77
24
201
430
687
923
1133
1373
1569
1676
1745
1740
1679
1578
1413
1209
966
742
602
467
317
159
5
-132
-267
-399
-570
-769
-988
-1188
-1377
-1574
-1717
-1792
-1825
-1860
-1848
-1757
-1657
-1499
-1312
-1155
-1023
-927
-836
-770
-762
-704
-643
-581
-479
-401
-266
-112
31
209
315
338
357
346
309
233
156
116
42
-25
-43
-38
15
111
240
362
457
567
664
712
733
702
638
510
315
153
10
-96
-156
-211
-243
-257
-231
-151
-116
-103
-88
-107
-137
-199
-261
-300
-340
-323
-263
-178
-43
95
250
410
517
618
685
702
675
570
443
309
182
77
-28
-65
-49
-36
12
79
173
258
290
298
258
216
183
121
51
-38
-85
-75
-57
-15
37
118
198
233
257
230
205
204
168
136
86
52
97
202
365
559
768
991
1201
1366
1465
1538
1592
1593
1533
1408
1227
1023
833
707
598
465
327
184
34
-131
-270
-401
-603
-845
-1104
-1380
-1626
-1823
-1941
-1989
-2032
-2056
-2035
-1953
-1808
-1629
-1433
-1287
-1194
-1114
-1053
-1000
-948
-914
-893
-894
-876
-798
-676
-495
-290
-108
11
43
59
84
118
138
122
75
5
-17
-4
66
201
314
467
584
676
814
905
961
988
954
884
797
685
593
493
378
297
196
119
48
-16
-32
-64
-100
-151
-221
-272
-311
-327
-356
-389
-378
-337
-223
-50
109
260
403
528
623
674
721
748
720
650
547
447
367
306
295
299
311
348
355
368
375
338
277
153
34
-38
-90
-122
-165
-179
-154
-122
-71
15
105
180
235
241
207
142
74
24
-45
-91
-69
23
169
328
502
678
862
1023
1122
1169
1182
1218
1222
1164
1052
882
761
690
595
486
344
223
136
14
-132
-305
-477
-634
-852
-1135
-1384
-1569
-1640
-1678
-1716
-1703
-1691
-1593
-1468
-1385
-1278
-1180
-1107
-1082
-1120
-1146
-1146
-1146
-1127
-1118
-1116
-1051
-941
-770
-590
-462
-355
-309
-283
-278
-286
-246
-205
-175
-117
-41
84
266
480
665
801
922
1006
1041
1039
1026
1002
941
856
789
712
678
694
706
690
618
546
466
354
251
151
43
-99
-237
-313
-354
-369
-375
-368
-320
-243
-148
-8
126
258
375
458
495
500
539
581
597
583
539
493
475
484
513
529
519
501
456
419
380
331
275
172
54
-59
-144
-172
-188
-206
-222
-238
-198
-120
-56
-20
4
34
25
-14
-32
-81
-143
-170
-162
-89
-18
72
207
360
526
639
743
828
866
909
911
854
773
698
680
648
581
516
419
322
254
195
109
-48
-214
-365
-580
-791
-953
-1085
-1182
-1309
-1384
-1412
-1404
-1365
-1349
-1309
-1306
-1307
-1285
-1289
-1302
-1320
-1341
-1362
-1379
-1361
-1307
-1244
-1149
-1044
-930
-790
-666
-549
-424
-296
-186
-136
-76
14
123
256
371
525
664
797
977
1097
1167
1182
1135
1090
1043
980
903
826
796
805
859
925
939
945
952
918
838
706
532
339
153
-39
-218
-329
-365
-371
-341
-284
-208
-94
34
161
238
252
275
295
278
234
197
208
235
254
267
276
325
408
475
503
476
432
380
316
262
186
83
-22
-115
-173
-223
-255
-267
-301
-292
-294
-302
-253
-214
-155
-105
-93
-81
-75
-68
-78
-52
-6
0
9
27
73
152
214
253
315
361
415
480
478
461
442
430
460
463
451
441
418
427
384
316
272
193
133
51
-105
-252
-396
-500
-563
-674
-783
-872
-947
-1006
-1080
-1136
-1180
-1241
-1294
-1350
-1375
-1367
-1375
-1348
-1331
-1336
-1291
-1249
-1199
-1149
-1104
-1039
-980
-868
-752
-649
-497
-344
-191
-32
116
291
482
666
834
956
1063
1157
1207
1205
1165
1082
1004
917
829
790
763
788
843
888
936
971
1001
988
926
815
640
446
255
50
-129
-272
-370
-390
-378
-297
-178
-64
73
173
242
296
312
297
240
155
107
95
103
133
162
208
274
359
437
462
467
446
398
316
209
106
11
-79
-167
-240
-299
-310
-277
-237
-191
-147
-88
-43
-23
22
62
76
57
24
-19
-60
-83
-68
-53
-59
-44
-32
-11
19
36
61
76
80
72
52
23
19
60
80
94
117
137
161
178
193
210
209
209
202
163
81
0
-29
-76
-136
-206
-281
-348
-432
-493
-559
-647
-741
-835
-931
-1032
-1088
-1112
-1126
-1138
-1164
-1183
-1193
-1196
-1186
-1184
-1202
-1212
-1209
-1187
-1135
-1038
-884
-694
-504
-301
-62
188
439
681
865
997
1101
1167
1202
1176
1126
1073
1011
946
894
867
860
880
918
954
970
978
953
882
760
609
445
261
70
-123
-282
-401
-452
-433
-377
-299
-195
-38
110
225
307
353
393
404
380
347
301
267
247
233
219
234
280
325
364
404
416
406
383
330
258
176
89
-16
-115
-217
-305
-357
-399
-409
-404
-367
-327
-274
-204
-155
-84
-25
8
38
47
67
104
132
154
152
149
136
101
76
33
-4
-12
-36
-60
-84
-97
-64
-36
-19
-18
-41
-51
-59
-73
-65
-64
-57
-38
-41
-33
-23
7
69
88
98
113
98
87
65
25
-24
-119
-243
-395
-576
-731
-828
-927
-1021
-1104
-1155
-1177
-1201
-1181
-1191
-1229
-1267
-1328
-1361
-1386
-1362
-1259
-1153
-1004
-808
-582
-298
-13
229
446
624
770
890
955
990
981
963
956
953
961
964
992
1040
1072
1105
1140
1141
1127
1078
953
817
657
474
307
130
-12
-127
-193
-203
-200
-146
-55
57
185
282
347
380
381
387
362
315
277
231
186
138
115
125
130
142
160
159
170
193
209
225
213
176
129
71
30
-29
-101
-183
-269
-357
-422
-438
-438
-414
-384
-319
-222
-125
-28
88
204
287
358
374
348
309
227
112
14
-79
-169
-224
-273
-304
-298
-286
-247
-200
-208
-249
-304
-338
-369
-427
-491
-567
-607
-611
-567
-480
-402
-296
-159
-40
64
151
228
286
301
299
277
231
191
152
116
72
21
-22
-78
-175
-298
-419
-527
-639
-773
-899
-1020
-1126
-1178
-1218
-1227
-1229
-1207
-1132
-1056
-909
-751
-586
-386
-189
24
182
311
447
564
666
727
760
797
847
900
973
1033
1078
1129
1173
1196
1181
1148
1089
980
839
675
495
331
194
105
20
-59
-85
-71
-20
61
152
234
297
350
392
420
423
409
373
314
270
240
245
261
249
247
222
176
146
93
53
-4
-61
-85
-115
-113
-93
-77
-52
-52
-62
-91
-172
-240
-307
-394
-456
-514
-512
-453
-352
-166
22
198
364
447
526
546
453
334
108
-133
-350
-562
-687
-814
-877
-839
-802
-684
-554
-428
-325
-329
-327
-393
-537
-657
-783
-901
-981
-1042
-982
-833
-674
-454
-225
14
230
419
602
708
729
746
712
657
618
576
576
542
517
523
487
453
403
294
136
-77
-281
-476
-705
-895
-1038
-1172
-1236
-1244
-1214
-1123
-1006
-852
-668
-524
-377
-199
-44
60
136
228
288
337
421
507
583
674
791
904
972
1024
1103
1151
1142
1118
1060
952
809
658
513
341
184
80
-31
-124
-164
-147
-85
-40
30
112
150
185
242
281
311
308
322
321
291
292
290
289
258
221
181
120
40
-19
-93
-166
-222
-272
-255
-243
-206
-132
-69
-13
4
19
27
-25
-105
-174
-249
-303
-291
-232
-123
2
144
306
444
563
645
655
598
463
259
11
-273
-528
-748
-927
-1061
-1161
-1187
-1157
-1097
-999
-917
-843
-775
-767
-782
-818
-864
-895
-940
-978
-965
-912
-799
-632
-434
-186
61
296
539
725
868
974
1022
1022
984
916
856
822
810
818
829
832
821
804
742
621
472
288
72
-159
-392
-597
-751
-851
-913
-926
-897
-826
-728
-632
-523
-427
-351
-293
-260
-233
-193
-170
-140
-70
-12
88
243
387
543
688
826
939
998
1015
985
915
802
652
497
348
223
136
65
24
-1
-1
31
66
107
129
120
109
92
40
4
-12
-14
-11
-16
-6
42
117
191
260
299
298
287
265
201
114
11
-89
-171
-252
-298
-303
-257
-169
-71
28
103
184
276
332
368
354
298
264
216
164
135
105
118
146
149
148
118
88
45
-61
-200
-385
-606
-810
-1020
-1197
-1347
-1469
-1518
-1528
-1495
-1417
-1307
-1162
-1004
-885
-784
-700
-616
-524
-456
-376
-274
-160
-19
124
288
473
661
849
991
1091
1148
1157
1149
1113
1044
955
871
797
730
682
654
641
620
578
515
444
347
234
123
1
-128
-263
-382
-443
-486
-502
-474
-416
-354
-328
-305
-283
-286
-303
-333
-367
-397
-430
-434
-395
-342
-268
-141
-5
113
226
336
433
496
505
478
416
329
247
174
104
51
17
-11
-28
-48
-38
-8
6
-4
-32
-69
-119
-163
-200
-221
-205
-142
-78
-5
88
198
304
376
423
434
410
368
307
238
179
138
140
152
177
229
333
479
617
709
745
745
723
649
536
401
243
119
-3
-127
-223
-266
-241
-210
-213
-209
-221
-256
-329
-457
-624
-825
-1043
-1248
-1466
-1651
-1765
-1814
-1797
-1737
-1626
-1479
-1282
-1070
-884
-686
-490
-323
-193
-84
7
108
230
348
455
559
676
802
911
995
1064
1111
1113
1078
1010
932
876
828
765
697
635
581
548
527
507
474
436
403
357
299
242
189
140
105
66
14
-28
-61
-74
-85
-97
-114
-160
-217
-271
-324
-388
-450
-511
-563
-584
-576
-542
-499
-422
-336
-265
-189
-121
-41
35
80
104
111
99
65
32
13
-14
-22
-10
-23
-23
-4
25
68
106
120
134
150
156
178
216
264
312
364
404
431
454
475
482
484
471
451
433
401
383
381
399
437
447
454
466
455
454
429
377
322
249
167
59
-35
-119
-214
-259
-294
-343
-395
-457
-517
-579
-645
-722
-833
-945
-1056
-1177
-1275
-1361
-1424
-1443
-1462
-1455
-1397
-1329
-1242
-1139
-1024
-895
-791
-690
-572
-465
-340
-220
-102
24
130
237
337
429
521
576
618
639
650
672
680
703
730
754
795
818
854
893
914
948
966
957
943
913
899
895
879
874
843
806
780
754
744
720
685
625
527
419
311
203
103
1
-116
-214
-294
-378
-428
-453
-496
-533
-570
-627
-662
-680
-709
-738
-747
-748
-740
-711
-659
-590
-521
-455
-403
-358
-311
-298
-293
-269
-258
-247
-234
-184
-115
-58
8
82
163
251
329
397
463
507
543
574
596
592
576
571
567
563
577
603
630
660
678
684
673
621
555
486
368
244
126
6
-110
-215
-302
-366
-394
-413
-438
-465
-504
-543
-586
-664
-751
-857
-951
-1040
-1133
-1188
-1234
-1259
-1235
-1184
-1105
-997
-887
-769
-658
-571
-517
-460
-417
-397
-379
-360
-331
-316
-290
-215
-144
-64
40
118
214
293
335
395
430
441
483
532
595
654
716
805
879
946
998
1046
1081
1118
1147
1159
1161
1161
1164
1165
1166
1163
1164
1153
1137
1083
997
906
783
648
493
323
169
47
-59
-158
-217
-277
-323
-345
-372
-398
-432
-478
-533
-617
-733
-848
-973
-1084
-1169
-1214
-1216
-1180
-1079
-974
-871
-739
-629
-543
-489
-470
-443
-434
-451
-467
-460
-409
-335
-237
-108
39
205
350
488
607
693
763
779
766
738
716
697
667
655
649
629
617
600
562
532
483
441
380
286
204
90
-9
-129
-284
-393
-503
-578
-620
-638
-648
-663
-648
-627
-641
-663
-685
-709
-740
-808
-857
-889
-924
-923
-911
-880
-818
-723
-599
-476
-358
-257
-166
-93
-47
-46
-52
-63
-111
-131
-149
-180
-154
-125
-72
8
67
158
250
323
405
456
494
512
509
547
579
604
665
725
806
890
951
1053
1136
1191
1254
1283
1312
1342
1364
1375
1349
1343
1340
1306
1269
1198
1105
1017
887
742
584
418
277
136
-7
-151
-278
-369
-448
-533
-628
-739
-830
-928
-1055
-1179
-1303
-1426
-1514
-1585
-1643
-1633
-1572
-1473
-1347
-1245
-1128
-987
-841
-716
-629
-562
-511
-443
-369
-319
-259
-170
-36
123
270
421
569
703
814
870
886
872
824
783
703
596
518
431
352
275
187
122
67
34
8
-41
-85
-132
-187
-240
-313
-385
-446
-525
-594
-653
-695
-700
-680
-651
-600
-526
-416
-286
-180
-120
-88
-57
-54
-89
-142
-206
-247
-267
-276
-265
-233
-161
-72
5
76
131
168
196
185
137
74
0
-55
-102
-148
-150
-125
-62
32
118
190
241
297
360
387
388
365
344
364
353
365
417
499
613
705
818
939
1050
1146
1196
1193
1175
1164
1148
1119
1076
1067
1065
1059
1063
1038
1008
961
891
790
632
451
266
87
-93
-290
-471
-617
-721
-784
-835
-907
-989
-1054
-1123
-1209
-1297
-1352
-1412
-1466
-1496
-1520
-1478
-1387
-1246
-1078
-916
-713
-513
-334
-187
-80
0
65
100
95
80
85
121
175
218
255
315
402
485
552
583
569
512
404
268
102
-78
-243
-399
-523
-616
-665
-662
-620
-550
-463
-379
-304
-246
-219
-235
-272
-325
-394
-469
-535
-552
-512
-406
-264
-119
58
241
416
559
655
688
667
600
469
313
139
-19
-133
-225
-265
-240
-175
-72
40
140
223
282
291
268
204
115
35
-54
-122
-162
-163
-116
-57
33
150
252
351
431
461
461
439
388
333
270
216
203
237
308
403
535
659
773
866
925
982
1022
1019
993
950
930
946
993
1055
1106
1160
1187
1195
1154
1077
962
803
612
391
182
-4
-184
-314
-419
-524
-595
-642
-683
-742
-828
-943
-1074
-1211
-1337
-1456
-1543
-1612
-1654
-1628
-1571
-1472
-1342
-1200
-1026
-863
-719
-585
-477
-386
-338
-336
-359
-397
-439
-471
-482
-475
-430
-359
-283
-206
-133
-75
-50
-32
-51
-104
-177
-262
-343
-408
-446
-458
-419
-350
-262
-154
-40
58
144
219
262
289
300
282
261
250
242
272
324
396
482
569
676
764
842
885
900
892
821
698
533
349
179
2
-160
-274
-347
-366
-340
-285
-189
-76
51
171
263
338
363
357
350
323
307
295
291
319
362
411
469
534
605
635
628
605
549
484
417
315
213
144
109
116
138
196
277
360
443
498
557
615
658
691
699
697
699
700
709
730
748
756
751
730
686
609
510
407
285
156
14
-143
-291
-433
-575
-720
-863
-999
-1117
-1234
-1340
-1430
-1504
-1568
-1637
-1695
-1722
-1719
-1694
-1634
-1552
-1438
-1308
-1163
-1015
-889
-768
-647
-541
-478
-451
-443
-458
-481
-522
-564
-582
-572
-534
-481
-426
-363
-297
-243
-197
-171
-152
-145
-135
-126
-111
-81
-47
-1
72
171
278
405
538
664
762
833
902
947
974
981
982
979
965
948
933
912
898
889
875
862
829
777
699
591
472
330
183
36
-101
-211
-283
-329
-349
-324
-227
-77
94
286
463
624
778
895
964
976
954
918
865
802
744
701
654
613
579
554
527
480
422
342
261
173
85
-20
-136
-231
-314
-367
-391
-380
-331
-242
-138
-54
-11
29
79
116
136
138
160
186
210
224
216
201
186
167
130
87
26
-42
-113
-225
-357
-492
-610
-727
-840
-947
-1048
-1134
-1205
-1256
-1303
-1330
-1359
-1383
-1377
-1350
-1307
-1249
-1208
-1179
-1143
-1113
-1065
-1026
-982
-927
-864
-784
-714
-648
-619
-598
-568
-585
-607
-615
-610
-598
-601
-592
-553
-498
-422
-318
-193
-47
96
238
378
492
589
676
774
862
935
1040
1153
1246
1334
1387
1425
1445
1442
1439
1401
1361
1327
1256
1185
1102
1012
946
899
865
822
779
743
709
661
601
545
482
417
367
306
236
190
141
99
106
128
179
253
308
391
478
552
618
646
651
631
597
559
513
447
379
314
246
173
103
39
-43
-119
-191
-281
-371
-459
-540
-602
-666
-709
-750
-814
-840
-849
-836
-786
-758
-728
-681
-643
-590
-521
-471
-423
-395
-374
-350
-344
-296
-241
-219
-197
-197
-198
-192
-190
-198
-238
-301
-355
-421
-488
-535
-586
-626
-662
-708
-742
-783
-802
-809
-826
-823
-838
-864
-901
-936
-941
-930
-917
-918
-938
-941
-905
-847
-782
-728
-682
-630
-577
-528
-480
-436
-380
-311
-252
-183
-80
56
225
408
577
728
879
1046
1205
1339
1432
1490
1545
1591
1629
1677
1689
1667
1641
1601
1562
1514
1455
1379
1271
1162
1055
952
874
795
691
598
539
514
508
500
487
472
464
465
454
418
379
325
252
169
78
-8
-74
-127
-164
-175
-169
-142
-104
-67
-37
-18
-9
-16
-51
-89
-132
-173
-217
-262
-299
-345
-376
-392
-406
-421
-422
-418
-436
-482
-521
-541
-572
-628
-705
-802
-890
-942
-972
-962
-933
-895
-844
-781
-703
-609
-516
-433
-389
-380
-354
-325
-298
-275
-257
-237
-221
-176
-108
-64
-18
31
67
77
59
44
22
-15
-75
-170
-282
-372
-446
-514
-566
-602
-616
-639
-682
-733
-789
-828
-873
-928
-983
-1030
-1052
-1043
-1001
-929
-833
-717
-574
-419
-275
-118
53
191
323
449
576
739
894
1045
1189
1308
1425
1516
1594
1649
1680
1703
1695
1665
1609
1535
1471
1404
1328
1257
1191
1122
1066
1013
927
839
760
684
626
582
543
507
489
483
480
497
515
531
567
566
549
534
473
411
340
242
130
14
-120
-258
-385
-513
-610
-686
-757
-794
-809
-821
-815
-799
-777
-756
-745
-743
-734
-715
-697
-675
-660
-638
-605
-552
-469
-387
-322
-283
-296
-342
-392
-476
-566
-679
-807
-915
-1013
-1073
-1083
-1049
-992
-912
-810
-692
-571
-459
-382
-329
-287
-259
-224
-196
-140
-76
-36
19
64
112
192
277
344
382
395
359
303
252
169
66
-35
-144
-229
-312
-397
-462
-509
-535
-577
-616
-634
-663
-679
-695
-732
-747
-738
-714
-677
-617
-555
-471
-320
-133
54
251
424
584
748
884
1002
1121
1215
1280
1325
1363
1398
1454
1508
1532
1544
1534
1527
1519
1500
1454
1369
1284
1188
1079
990
902
821
765
727
690
645
611
593
579
537
472
422
360
290
238
176
120
83
45
18
10
-4
-32
-54
-71
-125
-204
-301
-426
-558
-711
-867
-1013
-1142
-1238
-1300
-1330
-1332
-1285
-1183
-1087
-992
-865
-770
-680
-591
-515
-432
-389
-364
-362
-343
-299
-275
-250
-232
-220
-222
-255
-316
-399
-489
-576
-682
-787
-860
-900
-890
-870
-819
-738
-642
-515
-391
-274
-174
-98
-23
41
81
107
125
144
183
223
244
259
293
346
360
349
320
272
227
172
97
22
-47
-110
-133
-139
-145
-144
-123
-99
-99
-111
-126
-137
-155
-186
-231
-273
-276
-223
-142
-64
38
163
298
431
568
693
794
864
885
873
860
850
836
818
785
766
770
801
854
907
970
1018
1062
1078
1055
1005
943
886
812
716
620
564
547
557
566
565
569
565
545
507
443
360
265
137
6
-101
-181
-233
-267
-289
-292
-277
-239
-204
-197
-214
-272
-357
-466
-603
-748
-893
-1038
-1160
-1249
-1306
-1317
-1277
-1197
-1091
-982
-867
-757
-660
-589
-569
-553
-538
-528
-519
-481
-432
-376
-312
-269
-214
-178
-162
-154
-179
-235
-309
-394
-476
-544
-600
-625
-634
-625
-570
-491
-409
-314
-228
-129
-45
30
88
115
140
131
125
128
119
126
138
147
175
203
224
248
258
261
256
253
251
243
236
233
225
223
219
221
234
239
241
245
256
248
243
253
262
287
288
283
290
308
342
375
412
447
497
547
586
626
644
669
692
704
719
725
736
752
745
746
734
722
728
709
702
677
646
609
550
502
448
393
344
300
268
258
235
195
151
98
43
-23
-111
-203
-288
-358
-406
-469
-525
-545
-552
-543
-526
-502
-470
-444
-429
-436
-458
-493
-539
-612
-708
-799
-889
-951
-995
-1044
-1060
-1045
-1010
-963
-917
-862
-799
-734
-663
-601
-558
-514
-472
-450
-416
-365
-308
-234
-153
-81
-11
42
77
86
69
42
-4
-58
-124
-206
-265
-299
-322
-327
-309
-259
-199
-155
-108
-56
-10
47
92
101
90
70
65
74
95
124
168
242
327
400
467
526
580
631
664
699
730
759
798
806
810
819
817
823
813
792
760
701
639
569
493
428
351
271
191
117
84
60
35
14
-3
11
44
89
144
205
269
319
358
374
356
347
352
355
364
368
381
405
417
422
434
436
437
425
380
318
235
149
64
-27
-96
-161
-216
-250
-283
-294
-315
-342
-369
-408
-441
-484
-518
-550
-588
-610
-633
-633
-627
-621
-597
-581
-563
-564
-577
-591
-619
-648
-710
-767
-831
-895
-941
-1002
-1027
-1030
-999
-937
-868
-780
-682
-574
-469
-376
-295
-221
-167
-118
-65
-24
35
101
162
228
274
316
357
387
400
383
350
297
221
143
61
-25
-80
-126
-152
-146
-132
-101
-55
-15
30
86
137
179
216
259
295
329
358
385
444
526
615
694
776
850
923
986
1021
1035
1039
1021
987
944
882
826
772
718
665
606
542
462
374
269
167
57
-62
-173
-275
-374
-454
-506
-522
-488
-434
-361
-273
-176
-85
1
72
107
143
163
167
162
149
150
148
153
176
212
247
279
297
299
286
239
171
73
-28
-134
-247
-349
-440
-498
-529
-527
-496
-462
-441
-414
-401
-414
-429
-452
-468
-497
-529
-548
-573
-576
-567
-531
-475
-439
-391
-347
-337
-343
-357
-403
-463
-525
-608
-701
-772
-826
-846
-836
-803
-731
-633
-517
-376
-222
-89
34
138
223
278
324
364
394
420
438
465
488
517
544
566
555
525
484
430
373
304
226
155
71
-4
-46
-80
-96
-77
-49
-14
42
99
175
244
289
328
365
411
462
522
566
602
651
678
704
754
770
794
830
823
827
802
756
701
621
516
417
324
202
121
27
-92
-176
-275
-388
-471
-547
-614
-643
-656
-658
-630
-586
-520
-419
-308
-209
-93
10
81
138
162
160
147
114
63
38
16
-5
16
25
47
79
96
103
109
110
86
59
-8
-91
-158
-257
-334
-385
-438
-455
-445
-442
-431
-425
-430
-434
-458
-477
-499
-524
-527
-530
-514
-494
-452
-390
-336
-275
-217
-170
-132
-110
-110
-127
-173
-229
-273
-335
-388
-414
-437
-426
-407
-380
-319
-248
-162
-68
29
135
222
307
381
435
481
511
516
523
516
515
508
491
505
504
516
517
520
526
493
472
432
372
310
236
182
135
95
70
56
63
78
91
117
142
163
192
212
233
243
247
254
251
241
258
280
292
327
350
362
369
348
336
304
261
223
153
91
21
-49
-119
-197
-261
-336
-377
-395
-415
-415
-391
-363
-336
-291
-258
-217
-176
-140
-77
-44
-17
10
16
22
11
-1
-9
-33
-42
-51
-77
-101
-117
-133
-146
-158
-191
-220
-235
-256
-253
-246
-253
-255
-252
-241
-252
-264
-268
-270
-263
-257
-237
-226
-215
-210
-216
-212
-217
-214
-211
-205
-189
-183
-165
-138
-84
-20
28
80
115
139
170
181
177
155
109
57
4
-58
-114
-156
-196
-224
-254
-284
-284
-284
-275
-234
-183
-126
-53
28
100
164
220
276
325
361
411
455
500
557
605
655
692
713
721
707
664
606
553
485
409
335
256
192
131
73
24
-35
-85
-123
-160
-187
-209
-219
-221
-222
-220
-217
-201
-186
-160
-124
-94
-60
-17
15
38
61
76
74
64
50
27
2
-17
-22
-27
-27
-17
-14
-25
-31
-30
-29
-26
-15
-2
-11
-25
-30
-40
-49
-53
-54
-59
-64
-61
-50
-49
-49
-51
-56
-63
-67
-71
-84
-92
-108
-120
-127
-143
-149
-130
-118
-106
-93
-90
-82
-72
-71
-85
-113
-140
-159
-165
-162
-158
-158
-156
-150
-142
-126
-102
-83
-67
-52
-30
0
35
86
132
174
216
246
270
284
278
258
210
128
42
-50
-139
-222
-312
-400
-472
-523
-555
-571
-580
-583
-568
-528
-464
-377
-286
-188
-83
22
132
245
348
457
569
671
765
837
894
947
982
987
960
915
841
745
646
529
407
290
160
30
-76
-173
-252
-307
-376
-423
-443
-464
-467
-454
-447
-433
-405
-380
-346
-310
-283
-239
-190
-149
-113
-70
-33
15
75
117
168
219
245
265
274
274
267
234
193
156
109
77
65
47
30
21
20
19
7
-8
-25
-53
-74
-105
-138
-168
-191
-193
-195
-181
-167
-152
-118
-93
-59
-36
-37
-42
-66
-82
-115
-140
-156
-185
-214
-242
-261
-274
-287
-299
-290
-281
-259
-230
-195
-156
-135
-101
-52
-21
13
56
88
124
151
167
191
192
195
202
209
228
249
274
281
289
286
240
183
102
7
-93
-194
-292
-395
-480
-547
-602
-628
-628
-613
-583
-522
-443
-349
-241
-130
1
128
252
391
521
648
743
844
930
976
1009
1020
1024
989
931
868
771
662
553
412
260
122
-25
-146
-236
-334
-406
-458
-508
-530
-529
-527
-521
-516
-501
-489
-465
-430
-399
-365
-324
-270
-217
-160
-95
-36
24
87
135
183
222
255
269
269
260
239
217
182
144
105
62
40
16
5
-2
-6
4
-6
-6
-11
-36
-71
-104
-132
-185
-212
-248
-271
-261
-255
-210
-157
-103
-36
26
68
103
109
95
87
53
14
-13
-44
-73
-99
-105
-115
-127
-144
-152
-146
-150
-156
-141
-141
-128
-107
-104
-85
-70
-52
-30
-15
-19
-14
-3
7
18
20
33
39
55
68
90
111
102
104
81
39
-1
-62
-131
-210
-286
-353
-402
-432
-438
-427
-388
-319
-264
-197
-109
-9
86
171
266
355
440
535
628
719
805
869
934
968
983
983
960
916
836
750
637
528
414
293
176
60
-48
-157
-230
-301
-362
-416
-451
-477
-507
-509
-503
-506
-503
-499
-485
-461
-440
-394
-358
-303
-235
-189
-137
-93
-54
-25
12
26
42
46
32
41
50
54
47
48
39
40
51
39
26
-1
-49
-96
-144
-198
-223
-242
-268
-291
-309
-304
-298
-274
-242
-214
-173
-122
-72
-16
43
79
123
161
166
172
176
175
175
168
144
127
106
62
32
-3
-48
-83
-118
-153
-191
-215
-223
-233
-234
-233
-243
-237
-226
-211
-188
-163
-130
-102
-69
-41
-1
41
88
156
212
252
289
329
343
335
322
295
260
215
164
112
57
2
-51
-89
-119
-152
-169
-165
-149
-112
-56
9
88
160
220
287
358
434
510
575
628
661
679
686
670
641
587
526
458
370
271
179
106
14
-64
-133
-217
-280
-335
-381
-411
-424
-435
-431
-406
-392
-387
-344
-315
-306
-277
-270
-264
-257
-249
-238
-231
-205
-184
-150
-117
-108
-81
-52
-51
-34
-19
-12
-2
-3
-8
-21
-44
-66
-73
-82
-97
-99
-95
-95
-86
-80
-80
-85
-81
-60
-46
-11
19
44
75
100
119
146
163
170
191
201
214
225
233
237
221
199
174
144
119
94
59
20
-28
-82
-131
-185
-236
-273
-309
-342
-354
-365
-365
-357
-345
-331
-327
-314
-295
-284
-253
-213
-182
-139
-89
-43
17
71
108
160
202
246
297
333
366
371
368
353
310
267
215
174
141
113
99
82
65
53
51
47
59
79
113
160
202
247
289
334
369
410
456
485
506
523
525
511
475
428
363
299
241
165
98
27
-52
-129
-195
-269
-329
-358
-392
-406
-413
-420
-410
-404
-394
-392
-378
-352
-331
-304
-278
-252
-229
-209
-181
-146
-111
-80
-63
-66
-71
-77
-89
-98
-108
-115
-118
-136
-158
-178
-185
-179
-189
-172
-168
-150
-139
-139
-132
-139
-123
-105
-63
-20
39
101
146
186
197
210
215
227
233
220
213
196
168
135
103
76
37
12
-4
-18
-24
-34
-40
-74
-117
-149
-165
-173
-189
-174
-164
-166
-157
-156
-148
-154
-146
-136
-122
-99
-98
-82
-72
-44
-13
11
49
87
142
185
223
267
301
333
359
376
386
381
366
338
311
286
249
223
190
158
132
100
59
32
20
9
10
2
20
47
63
82
108
158
190
231
277
294
290
279
261
243
229
201
171
138
101
77
53
20
-1
-13
-27
-40
-62
-78
-119
-177
-205
-251
-282
-303
-352
-377
-407
-449
-455
-452
-451
-423
-402
-379
-360
-354
-338
-325
-311
-288
-280
-274
-273
-272
-251
-241
-219
-177
-138
-106
-82
-59
-35
-32
-49
-45
-45
-45
-20
4
19
46
79
116
177
221
251
271
274
271
264
239
191
135
92
63
36
38
55
54
66
77
71
71
61
61
68
56
39
27
12
-7
-15
-31
-56
-78
-90
-111
-124
-115
-102
-67
-26
7
61
105
137
183
223
258
279
291
308
328
341
336
341
346
349
369
388
392
388
364
319
265
198
135
57
-22
-95
-173
-218
-256
-264
-251
-242
-212
-168
-115
-55
14
61
100
128
138
148
139
139
144
138
133
143
176
196
212
252
278
280
283
254
217
182
126
58
-18
-82
-153
-217
-264
-313
-362
-405
-443
-475
-511
-540
-559
-587
-608
-627
-641
-635
-625
-609
-593
-583
-553
-533
-516
-481
-457
-426
-386
-350
-318
-276
-230
-187
-138
-108
-71
-38
-18
13
36
68
90
97
109
124
130
137
155
164
175
181
204
228
269
316
340
379
404
423
447
451
455
437
408
381
362
337
304
291
273
259
244
210
178
161
123
69
25
-8
-47
-70
-65
-50
-16
30
77
132
194
260
327
355
371
372
361
353
334
320
298
285
292
291
277
268
250
215
171
117
47
-29
-111
-202
-294
-380
-441
-475
-490
-470
-446
-394
-330
-271
-189
-123
-57
-14
28
63
67
90
117
137
158
193
217
260
317
336
342
326
303
258
192
125
43
-24
-114
-210
-302
-388
-444
-480
-500
-534
-546
-548
-567
-586
-617
-656
-698
-721
-751
-764
-754
-735
-703
-684
-642
-587
-512
-432
-358
-286
-219
-155
-98
-58
-14
16
31
56
79
107
146
168
191
214
228
251
283
295
290
299
302
297
322
346
363
393
417
431
440
468
504
535
570
599
616
631
638
628
621
596
560
513
483
460
414
378
324
254
183
114
58
6
-25
-52
-71
-81
-91
-90
-84
-74
-55
-40
-21
2
17
39
49
45
43
41
34
31
33
33
42
49
46
38
26
-2
-45
-96
-162
-234
-305
-371
-421
-454
-480
-478
-463
-445
-392
-350
-295
-232
-185
-137
-109
-85
-78
-53
-29
-16
6
27
51
74
99
112
117
112
106
75
45
17
-20
-59
-118
-184
-247
-296
-345
-382
-402
-425
-438
-453
-463
-467
-476
-476
-486
-483
-462
-446
-417
-385
-344
-299
-260
-209
-160
-115
-52
-8
39
85
115
137
151
169
183
201
221
236
258
272
283
293
308
341
364
380
415
431
430
425
404
387
363
335
313
325
351
385
436
461
491
495
502
506
494
492
486
480
471
447
415
389
350
306
264
212
170
121
72
34
-27
-89
-143
-199
-249
-287
-307
-315
-317
-304
-283
-251
-241
-246
-235
-226
-204
-202
-193
-185
-190
-188
-192
-202
-204
-203
-217
-200
-179
-166
-141
-142
-149
-177
-208
-254
-294
-320
-342
-330
-330
-318
-286
-268
-239
-215
-188
-148
-131
-99
-66
-18
28
44
75
102
108
122
123
127
125
116
121
114
102
77
47
21
-10
-45
-83
-111
-136
-162
-170
-189
-198
-209
-219
-230
-243
-254
-255
-238
-238
-213
-183
-162
-127
-103
-67
-33
-13
9
16
41
50
49
53
35
32
25
33
59
75
103
143
189
239
279
326
369
393
421
432
429
429
421
396
376
350
326
332
321
335
362
376
405
418
434
441
446
456
442
439
430
412
382
338
290
239
175
111
52
-14
-79
-135
-192
-254
-300
-336
-370
-385
-408
-411
-404
-406
-395
-383
-382
-386
-363
-356
-353
-332
-336
-332
-332
-332
-313
-289
-262
-222
-171
-124
-78
-33
-1
22
31
38
37
18
7
-15
-55
-88
-131
-163
-181
-195
-175
-161
-141
-107
-94
-84
-72
-72
-57
-30
-1
32
55
81
97
110
110
118
121
125
148
150
139
121
102
80
58
29
12
-7
-25
-26
-57
-88
-99
-132
-155
-156
-165
-160
-150
-143
-145
-148
-146
-129
-121
-109
-91
-99
-87
-86
-93
-80
-69
-55
-24
-9
14
51
72
91
118
134
165
205
237
266
276
288
295
293
297
301
302
314
333
345
354
376
371
373
384
382
406
423
439
451
457
453
446
429
405
387
365
329
288
240
172
106
40
-39
-142
-230
-310
-395
-452
-501
-550
-575
-590
-602
-602
-597
-580
-554
-540
-524
-496
-472
-444
-409
-367
-330
-289
-238
-189
-137
-79
-22
21
58
88
120
163
193
194
190
178
145
109
74
20
-17
-60
-106
-157
-193
-221
-247
-242
-248
-247
-231
-209
-179
-147
-116
-76
-30
14
59
101
153
174
186
221
224
220
223
213
216
223
219
213
202
175
139
113
78
45
25
0
-28
-50
-82
-117
-138
-152
-170
-178
-180
-191
-192
-173
-158
-139
-104
-69
-26
11
36
52
82
95
88
94
102
103
121
149
164
185
206
208
206
206
209
201
203
208
209
226
237
241
254
267
280
294
299
311
333
347
369
392
397
396
389
380
368
352
321
284
239
180
125
58
-14
-83
-143
-201
-277
-350
-426
-487
-535
-580
-613
-644
-647
-636
-620
-588
-560
-532
-499
-479
-445
-412
-383
-326
-262
-199
-143
-83
-10
52
111
170
204
218
224
225
214
187
165
127
66
-5
-66
-132
-202
-247
-282
-308
-315
-319
-317
-300
-298
-283
-254
-225
-183
-124
-63
-17
37
92
134
175
227
274
314
351
392
420
428
430
415
385
348
312
272
226
181
141
99
62
33
-2
-33
-69
-93
-114
-131
-136
-137
-145
-161
-172
-178
-178
-165
-141
-113
-85
-60
-28
3
34
68
94
129
158
180
205
219
224
225
236
242
237
246
239
234
237
244
256
265
279
286
286
296
303
316
338
351
367
369
369
363
338
307
275
235
187
153
122
83
45
4
-46
-98
-159
-214
-268
-327
-379
-444
-511
-578
-644
-697
-732
-752
-750
-736
-717
-687
-653
-625
-588
-551
-517
-462
-390
-321
-256
-186
-130
-89
-30
17
55
114
156
185
221
228
216
202
176
127
79
33
-16
-58
-92
-122
-150
-182
-209
-221
-224
-214
-179
-139
-111
-89
-70
-47
-19
25
84
138
201
270
331
384
427
472
507
528
547
548
547
537
504
456
395
317
236
176
137
103
86
75
49
29
5
-26
-55
-85
-115
-150
-171
-181
-186
-174
-161
-138
-106
-80
-35
16
66
119
167
198
213
224
225
212
211
211
209
213
217
217
201
184
161
130
111
90
57
44
22
5
10
4
19
36
48
78
96
117
137
135
130
114
79
51
12
-34
-67
-116
-160
-186
-226
-256
-263
-288
-329
-361
-423
-480
-517
-559
-586
-625
-668
-689
-709
-700
-666
-628
-573
-516
-472
-419
-371
-330
-282
-250
-215
-180
-146
-100
-46
14
75
145
193
231
261
278
301
307
309
296
254
222
176
135
130
126
132
156
165
176
205
216
232
253
259
264
258
252
250
262
271
282
300
313
334
357
386
420
447
474
474
460
439
391
350
306
258
217
176
137
104
65
37
13
-11
-34
-66
-91
-118
-150
-169
-199
-233
-243
-257
-260
-240
-225
-184
-137
-102
-44
-10
15
37
39
31
16
3
-16
-30
-55
-75
-107
-130
-135
-150
-142
-134
-135
-134
-147
-152
-145
-139
-123
-105
-90
-73
-49
-28
-9
1
-2
-5
-28
-48
-59
-82
-99
-119
-149
-172
-181
-184
-164
-146
-141
-130
-138
-149
-150
-163
-169
-179
-203
-224
-247
-252
-241
-231
-208
-189
-166
-147
-128
-108
-88
-61
-60
-57
-60
-65
-57
-39
3
38
80
132
180
230
269
307
340
357
357
349
330
309
287
247
217
192
177
156
141
151
159
162
164
172
172
159
143
125
105
83
70
69
66
70
79
82
92
104
108
109
104
100
96
88
84
86
87
88
88
66
46
28
3
-11
-28
-52
-74
-94
-121
-138
-146
-162
-173
-168
-163
-174
-164
-152
-147
-123
-104
-83
-72
-72
-61
-43
-36
-40
-27
-18
-17
-15
-21
-22
-24
-37
-48
-55
-65
-67
-83
-113
-129
-136
-141
-133
-106
-89
-83
-64
-38
-23
-3
18
15
14
20
8
-1
-6
-7
3
-2
-3
8
6
11
14
21
22
14
7
-8
-33
-56
-86
-115
-143
-160
-170
-204
-215
-215
-226
-224
-212
-193
-177
-167
-141
-116
-94
-65
-48
-25
5
31
60
95
148
192
231
269
298
316
331
353
348
346
346
333
321
300
283
262
254
248
223
196
176
146
119
101
77
62
49
43
31
10
4
-9
-5
-11
-7
21
32
55
65
72
86
89
113
118
106
108
80
53
31
-6
-28
-56
-87
-117
-140
-155
-162
-172
-181
-189
-196
-205
-207
-198
-199
-189
-168
-149
-134
-123
-111
-94
-76
-69
-67
-64
-67
-71
-88
-91
-94
-111
-116
-131
-147
-152
-153
-149
-144
-135
-131
-116
-97
-94
-77
-63
-56
-40
-18
-5
12
20
17
16
27
52
68
99
99
108
129
143
147
158
167
157
169
158
139
135
121
107
99
78
55
29
7
-18
-42
-68
-109
-138
-160
-178
-179
-194
-207
-206
-211
-200
-183
-160
-142
-108
-68
-32
15
53
74
100
129
157
189
221
247
252
272
278
274
279
264
245
224
195
164
140
123
105
74
48
18
-17
-43
-58
-77
-88
-94
-108
-101
-90
-89
-57
-36
-33
-11
12
33
57
89
106
124
136
128
129
126
105
90
71
38
2
-28
-48
-74
-103
-123
-152
-191
-215
-235
-247
-242
-239
-241
-236
-226
-212
-194
-170
-152
-137
-109
-76
-51
-23
11
27
30
30
33
37
44
55
44
39
36
30
27
33
23
8
11
4
4
12
16
25
27
25
29
22
22
31
37
53
63
70
75
90
104
105
108
98
96
96
91
92
82
75
67
46
31
13
-4
-17
-35
-59
-99
-140
-170
-200
-214
-210
-210
-202
-193
-192
-176
-166
-149
-126
-107
-62
-20
21
79
108
139
173
196
223
233
257
271
271
268
250
235
225
215
196
172
148
104
65
30
-12
-42
-64
-97
-112
-120
-134
-134
-129
-112
-95
-74
-54
-53
-31
-1
21
50
76
98
119
131
131
142
142
138
140
123
103
81
46
19
-17
-50
-76
-113
-154
-190
-202
-232
-233
-233
-233
-210
-205
-192
-184
-161
-143
-110
-70
-50
-24
-2
4
20
16
16
18
4
-5
-24
-33
-50
-57
-51
-67
-79
-89
-95
-98
-94
-80
-68
-46
-38
-31
-8
4
2
16
29
31
40
54
62
67
72
69
65
53
39
39
43
47
49
52
62
71
76
82
77
77
81
78
83
74
67
68
51
32
24
0
-13
-28
-44
-36
-50
-42
-25
-17
5
22
35
50
73
79
105
155
183
201
222
219
218
238
226
225
240
215
206
200
164
143
127
97
67
41
13
0
2
-22
-49
-60
-90
-99
-114
-138
-126
-128
-146
-149
-152
-165
-163
-159
-162
-174
-173
-150
-137
-128
-116
-99
-78
-73
-63
-54
-55
-64
-71
-87
-112
-136
-158
-161
-178
-198
-202
-208
-218
-217
-218
-221
-210
-186
-167
-159
-139
-111
-94
-77
-60
-39
-8
13
27
31
29
36
40
49
49
51
82
86
82
92
84
78
83
85
88
81
86
101
98
88
84
95
98
96
104
99
107
124
131
149
149
157
182
182
198
217
227
248
259
247
245
250
238
229
219
192
170
156
142
106
67
39
2
-27
-51
-75
-89
-98
-103
-110
-118
-114
-106
-95
-101
-94
-85
-81
-52
-35
-24
2
21
33
41
40
41
38
43
43
21
27
23
6
0
-25
-45
-59
-83
-101
-120
-148
-160
-179
-203
-219
-227
-225
-235
-244
-244
-243
-229
-205
-192
-185
-165
-139
-127
-111
-84
-57
-29
-23
-12
3
14
35
26
21
19
-4
-5
-19
-35
-37
-48
-57
-71
-84
-85
-92
-87
-83
-77
-58
-40
-21
1
27
52
80
108
132
154
179
195
196
195
192
180
161
157
145
114
92
89
79
75
80
70
62
62
72
77
77
84
82
82
98
91
88
92
82
68
63
61
60
79
101
111
126
150
165
168
176
181
178
191
204
202
186
162
132
96
60
19
-31
-63
-97
-146
-181
-220
-253
-280
-311
-322
-335
-332
-312
-305
-292
-263
-232
-201
-174
-155
-120
-78
-39
-1
27
49
75
99
109
110
104
92
83
75
65
57
35
7
-14
-28
-38
-54
-68
-78
-89
-87
-85
-89
-101
-116
-127
-139
-142
-140
-141
-140
-128
-118
-100
-79
-66
-46
-16
13
37
72
101
124
147
159
161
156
143
118
96
78
65
55
41
23
10
-2
-14
-25
-30
-36
-49
-47
-38
-29
-7
13
35
66
96
114
122
137
141
142
141
131
120
96
67
37
18
7
-6
-19
-27
-21
-10
-4
-4
-6
-4
-9
-22
-27
-29
-33
-34
-35
-25
-9
9
20
31
41
44
52
56
63
62
58
63
71
76
86
88
91
95
89
78
56
39
21
-12
-60
-97
-122
-155
-187
-207
-219
-221
-220
-226
-216
-209
-203
-190
-176
-145
-115
-92
-69
-42
-7
27
51
80
107
129
136
146
159
164
168
167
168
168
147
119
102
93
89
70
44
18
6
-6
-25
-35
-43
-52
-64
-68
-53
-33
-19
-16
-24
-32
-48
-55
-61
-60
-43
-33
-21
-15
-7
17
24
29
41
32
22
9
0
-6
-23
-42
-72
-84
-97
-101
-92
-90
-79
-66
-68
-63
-51
-39
-26
-17
1
16
43
73
92
117
139
150
152
144
142
128
108
94
77
67
50
23
5
-19
-26
-28
-45
-33
-19
-17
-6
-6
-18
-23
-22
-29
-32
-26
-19
-4
17
32
37
40
48
52
53
57
49
47
47
49
56
41
28
14
3
13
13
2
6
-11
-41
-69
-108
-148
-181
-215
-245
-254
-252
-244
-215
-178
-142
-107
-70
-48
-26
14
31
38
64
71
75
88
83
84
97
101
115
132
137
137
127
108
82
47
14
-21
-48
-65
-84
-91
-87
-70
-36
-17
-5
19
31
34
41
40
33
32
24
8
1
-5
-4
8
25
44
53
73
83
85
84
47
26
-1
-48
-77
-115
-150
-166
-182
-198
-193
-179
-167
-143
-125
-102
-71
-42
-26
-12
12
34
58
73
99
130
140
164
186
202
217
219
213
201
193
167
145
127
101
78
48
37
26
2
-14
-20
-42
-56
-72
-93
-92
-95
-99
-100
-89
-86
-84
-75
-80
-82
-71
-70
-64
-60
-49
-30
-19
-3
4
8
10
12
22
25
35
46
42
38
25
2
-16
-37
-46
-48
-61
-57
-57
-62
-54
-42
-32
-13
8
13
31
53
57
62
51
30
21
12
1
-5
7
16
12
23
26
28
34
32
34
27
19
26
19
25
35
34
44
47
46
51
48
47
38
25
16
2
-9
-18
-33
-39
-56
-74
-62
-62
-53
-22
-15
-12
-8
-26
-37
-28
-21
-13
10
13
0
-11
-40
-74
-98
-119
-136
-136
-126
-113
-91
-70
-62
-55
-50
-42
-23
4
39
62
87
102
106
109
119
129
132
147
161
173
178
179
172
155
140
112
93
83
66
67
66
53
52
38
20
14
5
-5
-14
-29
-39
-51
-70
-91
-116
-139
-160
-171
-175
-171
-151
-131
-114
-89
-72
-53
-29
-16
5
25
43
62
80
89
88
89
82
73
62
53
35
17
-6
-34
-60
-86
-107
-127
-135
-146
-146
-145
-137
-118
-112
-96
-89
-88
-81
-79
-72
-49
-37
-16
-5
-8
-3
1
9
20
30
35
43
47
56
60
51
45
38
26
19
14
14
20
23
22
19
13
3
4
4
4
17
27
29
34
32
34
38
43
53
53
52
63
64
67
58
42
39
17
11
14
6
5
9
6
-3
-14
-21
-18
-12
-10
4
26
32
51
55
60
76
87
107
131
160
188
201
204
194
187
176
158
144
132
123
114
113
102
80
50
12
-26
-64
-89
-116
-140
-151
-173
-192
-218
-247
-254
-272
-278
-282
-288
-275
-272
-256
-239
-232
-203
-169
-128
-81
-54
-22
12
47
74
97
123
123
140
133
115
97
75
71
40
26
15
-1
-2
-13
-16
-18
-36
-40
-52
-58
-55
-62
-71
-101
-105
-109
-119
-103
-79
-48
-24
12
43
60
85
97
105
117
123
135
139
140
143
126
99
78
70
53
32
32
27
18
32
54
59
75
90
88
98
101
114
112
90
70
31
0
-32
-57
-57
-60
-56
-33
-21
-12
13
28
20
19
24
22
15
22
23
7
0
-17
-33
-47
-66
-63
-67
-71
-57
-38
-24
-9
18
30
45
66
73
85
79
75
80
66
67
61
61
61
47
52
44
36
35
29
24
15
15
-1
-32
-57
-92
-125
-146
-175
-202
-222
-245
-262
-266
-266
-261
-223
-201
-176
-147
-118
-79
-54
-17
16
33
49
77
98
111
128
125
113
107
97
87
85
72
55
37
15
-9
-23
-31
-50
-62
-73
-95
-110
-117
-124
-115
-112
-107
-100
-80
-50
-39
-13
14
42
74
95
119
136
144
152
155
160
158
166
163
141
128
102
81
75
57
52
46
44
47
59
68
59
47
24
7
-2
-6
-12
-23
-24
-29
-35
-24
-20
-2
24
36
55
55
56
56
48
32
17
9
-8
-14
-29
-54
-74
-91
-106
-102
-108
-124
-129
-127
-121
-105
-80
-64
-35
-3
14
41
68
83
101
109
109
110
120
132
136
138
115
90
80
69
62
53
44
15
-9
-31
-69
-93
-122
-146
-157
-173
-180
-188
-187
-179
-167
-146
-133
-108
-85
-71
-55
-35
-16
8
39
63
75
84
88
86
93
91
84
80
71
63
47
35
18
-6
-21
-33
-48
-64
-74
-76
-84
-79
-83
-90
-86
-81
-70
-55
-40
-38
-26
-8
8
35
61
76
82
86
89
93
93
94
86
80
83
87
83
74
71
63
62
69
72
77
77
78
67
62
60
47
40
31
29
20
12
10
5
2
-4
1
-8
-10
-12
-24
-34
-46
-50
-60
-67
-78
-86
-83
-79
-78
-89
-89
-89
-95
-79
-74
-66
-55
-50
-43
-47
-34
-14
-3
20
33
32
33
33
34
30
45
60
70
76
67
50
34
23
18
16
28
40
32
28
18
20
26
29
34
34
38
27
0
-21
-44
-57
-54
-56
-60
-59
-66
-70
-70
-59
-54
-57
-58
-70
-87
-105
-111
-112
-105
-95
-93
-75
-64
-45
-16
-2
12
25
23
18
15
13
14
5
11
23
30
37
46
47
47
56
50
41
38
26
9
4
7
17
29
39
57
65
71
80
88
97
105
108
107
105
97
96
97
97
104
111
111
104
88
67
55
47
43
37
26
9
-9
-23
-29
-42
-55
-60
-81
-95
-86
-70
-59
-48
-42
-30
-28
-39
-47
-51
-66
-81
-86
-91
-91
-85
-69
-54
-40
-20
-7
10
17
19
17
7
-3
-17
-26
-38
-53
-62
-70
-74
-65
-53
-45
-41
-34
-28
-24
-31
-32
-19
-13
-13
-13
-13
-5
7
12
21
35
39
45
42
38
35
26
20
17
13
13
9
0
-3
-6
-8
-9
-13
-20
-27
-31
-39
-38
-31
-33
-34
-24
-18
-22
-16
-8
-12
-7
2
3
13
20
20
26
24
19
15
13
7
9
17
14
20
29
28
30
35
36
33
29
29
32
22
23
34
28
37
54
56
64
73
74
68
72
71
63
80
87
73
78
67
52
60
47
36
42
36
35
38
40
36
38
45
37
29
24
13
6
-6
-20
-16
-27
-42
-34
-40
-49
-52
-56
-56
-66
-77
-82
-95
-111
-118
-130
-134
-126
-123
-105
-88
-75
-72
-78
-82
-93
-87
-75
-66
-55
-47
-44
-44
-47
-36
-21
-15
-4
4
-4
5
21
24
37
61
81
84
99
112
109
115
113
109
102
92
70
51
51
32
9
-3
-12
-27
-34
-41
-50
-57
-66
-69
-76
-84
-87
-92
-95
-100
-93
-100
-109
-99
-104
-104
-100
-86
-63
-44
-24
-13
-13
-11
-5
11
20
26
31
42
53
48
59
85
103
116
132
139
142
136
131
125
124
125
126
127
130
136
130
128
117
108
92
76
62
45
41
42
44
38
19
13
-5
-14
-16
-18
-14
-13
-11
-16
-8
-15
-12
2
2
9
6
9
16
22
26
19
16
17
18
15
1
-6
-13
-24
-43
-65
-81
-105
-126
-145
-168
-189
-200
-202
-198
-191
-176
-160
-154
-144
-121
-106
-102
-92
-88
-99
-113
-114
-111
-103
-91
-86
-76
-63
-49
-23
5
21
30
32
45
58
88
110
119
134
139
144
154
150
150
146
128
113
99
89
80
84
72
46
32
4
-2
-1
-10
-3
-3
-4
2
-2
-23
-41
-45
-57
-85
-99
-111
-111
-96
-82
-64
-50
-32
-10
10
35
53
58
66
72
86
90
101
120
131
136
130
126
120
114
116
99
91
81
62
68
61
57
59
48
34
27
33
25
19
30
29
24
13
-23
-43
-61
-72
-80
-94
-92
-100
-97
-97
-102
-91
-90
-89
-72
-57
-44
-40
-43
-54
-66
-63
-51
-34
-20
-13
5
23
45
50
55
54
53
56
28
9
-16
-36
-50
-70
-69
-72
-65
-54
-49
-35
-44
-50
-48
-61
-71
-79
-71
-69
-80
-79
-76
-71
-48
-28
-9
14
28
27
24
28
24
31
34
52
78
101
126
135
148
158
163
166
165
149
134
118
92
70
50
40
40
43
35
25
17
1
-14
-38
-64
-79
-92
-101
-110
-121
-136
-143
-144
-145
-145
-135
-123
-115
-101
-91
-82
-71
-47
-27
-5
15
20
18
22
39
47
61
82
103
123
137
138
128
110
91
74
50
41
35
30
31
33
27
15
26
28
19
20
12
12
7
-12
-28
-40
-46
-45
-44
-49
-46
-39
-29
-20
-22
-25
-25
-20
-21
-24
-22
-15
-2
10
10
12
32
38
30
30
28
20
17
15
1
-14
-21
-25
-32
-45
-50
-58
-59
-46
-52
-57
-50
-39
-38
-41
-35
-33
-32
-32
-29
-38
-38
-32
-22
-3
0
16
32
36
43
36
30
35
30
24
24
25
37
51
63
67
65
69
77
88
92
87
84
74
67
58
57
50
36
24
13
18
27
30
42
37
24
10
-18
-34
-56
-73
-83
-100
-107
-115
-116
-107
-113
-122
-125
-136
-140
-144
-123
-102
-88
-66
-64
-48
-26
-9
16
19
32
51
67
70
63
59
52
51
47
50
61
77
76
79
71
61
53
40
40
36
49
65
70
70
67
79
87
77
67
56
46
49
53
58
55
43
22
2
2
-7
-8
-8
-17
-20
-37
-40
-53
-71
-76
-89
-95
-103
-110
-111
-108
-106
-102
-118
-138
-151
-148
-138
-134
-122
-122
-122
-113
-95
-85
-84
-77
-55
-31
-2
13
22
29
21
23
32
37
41
41
47
51
49
49
55
56
58
64
75
88
91
94
101
105
102
103
108
105
100
97
94
81
70
63
64
67
73
75
65
53
36
31
33
41
58
63
59
65
49
36
31
12
9
-1
-13
-19
-37
-38
-29
-33
-38
-36
-20
-10
8
29
32
30
21
22
27
25
35
40
28
39
38
26
15
-5
-24
-37
-39
-42
-54
-69
-70
-65
-63
-60
-59
-68
-82
-89
-94
-103
-105
-97
-77
-63
-57
-40
-33
-28
-25
-23
-17
-24
-32
-41
-35
-31
-29
-23
-27
-39
-57
-78
-96
-106
-110
-104
-90
-84
-85
-100
-88
-74
-57
-22
-1
14
13
7
11
5
5
12
17
26
28
28
25
12
8
14
19
29
31
34
39
45
54
57
65
68
69
70
67
67
59
58
62
71
79
72
81
85
88
94
95
100
100
102
109
96
90
81
60
59
46
40
43
36
41
48
55
70
68
67
61
56
59
45
38
24
-3
-22
-42
-58
-69
-86
-80
-89
-92
-84
-80
-68
-69
-66
-58
-55
-57
-58
-57
-42
-40
-50
-49
-51
-49
-51
-63
-73
-91
-94
-88
-86
-82
-73
-56
-44
-28
-2
19
29
28
32
36
33
16
3
-4
-13
-12
-12
-9
-9
-10
-3
0
4
23
27
41
43
44
51
48
44
33
30
30
19
4
-3
-15
-21
-14
-13
-19
-21
-21
-17
-9
-4
-1
-3
-1
-8
-9
-13
-17
-17
-13
-7
-17
-21
-26
-32
-26
-19
-20
-14
-4
1
4
1
5
15
28
39
35
23
8
-9
-13
-15
-20
-14
-5
3
12
14
13
24
38
51
58
57
50
41
39
27
20
25
28
36
41
42
43
46
47
47
51
53
51
47
51
41
26
10
-10
-17
-23
-25
-28
-29
-23
-28
-31
-39
-50
-50
-43
-35
-27
-23
-26
-28
-36
-41
-45
-32
-21
-8
-4
-10
-12
-16
-6
-2
-1
-1
-1
-2
-17
-29
-45
-58
-57
-52
-44
-35
-27
-26
-22
-21
-17
-10
-17
-21
-26
-28
-29
-33
-25
-22
-15
-11
-13
-13
-6
0
9
10
5
10
6
8
12
17
15
6
5
-2
-6
-5
-1
-4
1
5
11
26
25
33
28
22
28
32
38
43
54
60
63
62
65
63
55
58
55
53
46
35
31
21
16
16
10
4
8
21
23
10
-1
-11
-10
-3
0
-1
-3
8
25
28
19
6
2
2
8
3
4
10
11
6
6
15
19
41
46
43
48
44
39
23
13
1
-5
-7
-9
-18
-31
-46
-70
-84
-96
-105
-100
-95
-89
-84
-76
-68
-71
-71
-71
-86
-104
-116
-127
-123
-114
-100
-76
-51
-25
1
20
28
24
16
6
13
27
38
34
31
30
29
30
28
29
34
46
51
55
41
36
37
41
43
46
58
58
65
64
65
53
34
33
37
43
46
40
31
22
13
5
-5
-13
-14
-12
-3
0
10
14
14
23
20
28
29
32
36
17
7
-15
-19
-20
-26
-14
-13
-3
2
3
9
7
1
-14
-26
-33
-38
-36
-36
-41
-44
-53
-51
-50
-57
-43
-47
-52
-50
-44
-32
-33
-24
-21
-11
-4
-6
0
-1
6
18
18
25
42
53
65
69
78
90
88
91
91
79
64
61
58
52
51
44
45
38
28
26
17
13
9
-2
-15
-33
-46
-56
-63
-69
-76
-78
-92
-93
-89
-87
-78
-79
-70
-64
-62
-55
-45
-32
-27
-35
-38
-38
-34
-24
-14
-11
-8
4
9
5
10
16
33
35
30
29
30
38
38
37
32
28
32
34
45
59
64
73
73
67
60
47
42
37
39
36
24
20
14
16
14
4
-7
-15
-16
-22
-30
-37
-43
-48
-50
-48
-43
-46
-49
-48
-45
-41
-40
-39
-34
-24
-14
-12
-23
-27
-19
-10
-7
-11
-4
2
1
-2
-14
-20
-19
-14
-3
12
24
37
43
40
32
16
10
0
8
22
45
67
70
76
70
66
54
46
43
41
37
36
31
23
14
1
-2
-10
-14
-16
-18
-8
-10
-14
-19
-27
-26
-22
-25
-30
-29
-31
-33
-43
-54
-64
-65
-59
-51
-46
-38
-32
-23
-11
-9
-12
-17
-21
-34
-40
-47
-44
-27
-15
5
25
39
52
53
49
37
40
39
36
38
36
29
24
18
10
6
-3
-3
1
7
12
13
5
2
2
-2
-9
-4
12
13
12
16
7
0
9
11
6
18
33
28
35
32
21
14
1
-12
-27
-39
-47
-55
-57
-49
-51
-47
-35
-20
-15
-2
8
3
-2
-4
-2
2
13
25
29
31
34
16
-9
-10
-17
-24
-10
-15
-15
1
-1
-7
-5
4
13
26
34
32
30
26
21
9
-5
-6
-3
3
3
3
14
21
18
1
-4
-14
-25
-16
-9
4
15
27
29
19
25
24
18
16
4
0
2
-8
-16
-17
-8
-15
-18
-20
-33
-36
-32
-31
-38
-31
-22
-14
-2
-12
-15
-21
-18
-6
-3
1
-5
-2
0
-3
6
6
2
6
-1
-9
-5
2
11
18
20
18
15
10
-1
-13
-13
-4
5
8
3
-3
-8
-11
-13
-20
-20
-15
-7
2
7
7
3
1
12
19
21
21
34
42
46
52
35
30
31
19
11
6
0
-5
-13
-15
-20
-23
-20
-25
-26
-24
-18
-12
-17
-24
-23
-20
-2
16
24
22
15
13
10
8
10
1
1
9
5
2
3
9
10
13
14
4
-1
-8
-19
-25
-25
-28
-20
-10
-15
-24
-16
-20
-29
-21
-16
-8
6
22
25
29
42
43
39
35
22
18
24
30
31
24
20
15
9
-1
-10
-8
-9
-8
-11
-17
-16
-16
-12
-12
-14
-5
2
3
-1
-10
-11
-11
-13
-18
-29
-26
-29
-36
-49
-58
-52
-43
-29
-19
-20
-21
-16
-6
-4
1
5
8
11
12
7
4
-2
-14
-15
-12
-6
6
24
39
40
44
48
40
33
30
24
17
17
22
30
43
51
47
45
51
56
62
63
54
48
38
26
10
-5
-10
-15
-22
-19
-23
-25
-23
-27
-45
-53
-58
-63
-53
-47
-48
-43
-35
-47
-57
-54
-56
-52
-33
-19
-12
-6
0
-5
-12
-15
-13
-9
-10
-3
5
8
8
14
24
33
40
44
33
17
1
-7
-12
-8
5
29
45
43
41
19
1
3
11
27
47
58
54
40
23
7
3
6
16
23
22
21
17
14
5
-2
-8
-4
5
3
-6
-21
-33
-41
-39
-33
-31
-24
-18
-10
-14
-33
-49
-69
-62
-36
-18
-6
1
-3
-18
-38
-52
-53
-45
-24
-7
7
18
21
19
9
-5
-18
-23
-21
-18
-8
-5
8
9
4
11
10
12
21
24
23
23
21
16
27
40
43
40
18
4
6
22
42
53
48
40
43
50
36
18
5
-13
-15
-16
2
41
45
42
26
-2
-3
-7
0
6
4
6
1
-17
-38
-51
-51
-44
-36
-30
-30
-22
-3
2
-7
-25
-40
-32
-23
-18
-17
2
22
27
36
31
20
12
10
4
-14
-11
0
-2
4
-2
-22
-31
-42
-35
-25
-22
-6
1
5
14
-1
-19
-24
-24
-30
-19
1
17
29
36
40
29
16
-9
-26
-22
-13
3
21
30
27
17
7
0
-9
-12
-6
-3
2
13
13
9
3
-1
-17
-42
-47
-48
-39
-28
-23
-14
-12
-11
2
2
-1
7
16
19
22
30
46
50
48
37
12
1
-2
-3
8
15
18
17
5
0
-10
-16
-7
-3
-15
-21
-13
-14
-6
10
12
17
29
28
30
28
23
19
10
4
3
-1
5
16
15
13
16
6
-8
-18
-24
-26
-29
-21
-21
-23
-22
-35
-43
-40
-35
-21
-11
-5
-1
1
-1
4
17
25
21
24
29
16
10
11
8
11
6
-5
-22
-37
-42
-38
-44
-42
-16
-2
4
11
-3
-21
-29
-32
-32
-28
-15
0
6
12
16
12
10
15
17
22
30
35
32
26
25
23
18
22
23
19
24
33
31
17
16
15
10
12
16
16
15
15
12
6
-2
-9
-15
-27
-42
-44
-33
-35
-43
-48
-40
-19
-13
-22
-44
-57
-52
-32
-10
-1
1
0
-3
2
8
11
21
28
31
46
48
42
36
23
5
-7
-5
2
4
9
9
1
-2
-4
1
10
7
8
12
12
17
19
21
18
20
28
33
38
42
37
29
27
20
14
20
18
12
3
-14
-19
-24
-26
-29
-41
-43
-42
-48
-49
-49
-50
-44
-48
-53
-48
-42
-27
-33
-38
-25
-28
-29
-11
-10
-9
-2
3
2
0
2
20
30
37
38
27
36
37
32
26
14
17
14
8
9
-2
-17
-10
0
-5
4
13
18
18
13
19
9
5
15
11
8
1
-2
-5
-19
-18
-25
-31
-23
-8
-2
13
32
21
14
13
5
-5
-14
-10
-12
-13
-5
-7
-1
2
7
14
8
11
10
5
12
19
12
6
4
-3
-9
-2
6
5
6
9
11
15
24
30
22
18
7
10
16
19
17
3
-11
-20
-25
-30
-27
-22
-18
-11
-1
-3
1
6
6
0
-7
-18
-22
-7
-1
16
23
17
18
15
16
17
16
7
1
5
3
3
5
4
1
-4
-8
-19
-20
-14
-14
-15
-13
-26
-37
-48
-57
-48
-45
-40
-33
-22
-14
-3
3
3
8
8
5
7
8
6
15
9
8
2
-6
-2
5
15
12
19
12
12
18
12
9
4
-2
-4
-8
-11
-1
5
14
23
21
14
7
3
9
13
11
4
-4
7
7
10
19
6
-2
0
-5
-3
5
5
8
6
-10
-14
-18
-17
-2
-5
-5
-3
3
17
24
18
3
-8
-5
-1
-4
1
8
18
17
10
3
-7
-12
-17
-21
-20
-6
10
24
28
23
34
32
22
13
-5
-15
-26
-30
-27
-34
-20
-8
-14
-12
-3
4
-6
-13
-19
-23
-9
3
8
20
19
8
4
1
8
12
9
7
1
0
-4
-7
-22
-31
-29
-20
0
-7
6
25
23
22
20
9
0
-17
-32
-41
-49
-45
-44
-41
-37
-20
-8
-4
-3
-16
-11
-8
-1
19
20
27
34
26
26
35
46
43
33
28
9
2
1
-15
-16
-14
-17
-13
-17
-2
11
14
13
-2
5
22
22
21
14
7
9
-2
1
2
-2
11
26
33
42
44
33
31
18
5
-4
-14
-18
-23
-27
-38
-39
-32
-19
-5
-3
-4
-3
-1
8
13
9
4
5
2
0
3
1
-2
3
0
0
3
16
34
34
29
10
-5
0
1
-2
-8
-13
-14
-19
-23
-20
-25
-23
-26
-37
-41
-32
-19
-6
0
-10
-2
3
16
32
19
13
7
3
-2
5
24
27
27
25
27
31
25
18
16
5
-3
-24
-41
-35
-35
-30
-30
-34
-30
-31
-29
-25
-26
-31
-26
-35
-34
-32
-29
-24
-28
-31
-30
-12
4
6
16
31
35
41
36
30
18
14
18
16
9
2
1
6
2
-4
-1
2
6
6
-1
-3
-2
2
9
16
12
9
