SAMPLES:	22483
BITSPERSAMPLE:	16
CHANNELS:	1
SAMPLERATE:	16000
NORMALIZED:	FALSE
-7
-5
-3
-2
0
2
1
1
0
-1
-3
-4
-2
-2
-3
-3
-5
-4
-5
-6
-6
-6
-6
-5
-4
-3
-1
-2
-2
-2
-3
-3
-4
-5
-5
-5
-4
-3
-2
0
1
2
2
2
3
3
3
3
3
1
1
-2
-4
-4
-8
-9
-7
-7
-5
-3
-4
-2
-2
-2
-1
1
3
3
5
6
6
7
6
8
9
8
9
9
11
11
10
10
8
7
6
7
5
3
2
2
0
1
1
0
0
-1
1
2
2
2
3
6
6
6
7
5
6
5
4
2
1
1
0
-1
0
-1
-2
-2
-2
-3
-1
2
3
7
8
9
11
9
8
8
8
7
6
6
4
3
1
-1
-2
-5
-7
-8
-10
-11
-12
-13
-11
-14
-13
-12
-12
-13
-12
-12
-13
-13
-11
-10
-8
-5
-6
-5
-6
-6
-7
-9
-10
-10
-9
-8
-9
-8
-6
-5
-4
-3
-1
3
6
7
9
10
11
11
12
10
10
9
8
7
7
6
6
6
7
6
4
2
1
-1
-1
-1
0
0
-1
-3
-4
-5
-5
-5
-4
-5
-6
-4
-5
-4
-2
-1
-1
0
1
2
2
3
3
3
2
2
0
0
-2
-2
-1
0
3
6
6
7
6
8
9
9
10
8
9
8
5
3
0
-3
-5
-4
-3
-3
-2
-1
-1
-2
-2
-3
-4
-2
0
2
1
2
2
3
2
1
1
1
2
2
3
2
2
2
-1
-1
-2
-2
-4
-3
-3
-2
-1
-2
-2
-3
-4
-4
-6
-5
-3
-2
-2
-1
1
0
-3
-4
-6
-7
-7
-7
-6
-7
-7
-6
-6
-6
-6
-7
-5
-2
1
2
4
5
6
6
6
4
3
0
1
0
0
-1
-1
-1
-1
-2
-3
-5
-5
-2
1
2
3
4
5
6
6
3
3
3
5
7
7
4
4
4
4
2
-3
-2
1
4
4
2
0
2
6
10
9
6
5
5
8
8
7
4
4
7
9
8
4
0
0
1
2
-2
-7
-7
-4
-1
-2
-3
-5
-6
-3
-1
-3
-7
-7
-4
-1
1
1
0
-1
1
3
1
-3
-5
-2
3
7
5
1
0
3
8
8
4
0
0
3
3
1
-2
-5
-5
-3
-5
-9
-16
-14
-8
-6
-7
-11
-13
-9
-5
-3
-6
-8
-8
-7
-6
-8
-9
-10
-10
-11
-12
-16
-18
-15
-8
-5
-8
-9
-10
-9
-9
-10
-9
-6
1
3
-4
-8
3
17
19
1
-14
-9
12
28
21
-7
-21
2
38
40
4
-23
-3
47
67
26
-36
-50
2
72
79
16
-43
-35
34
73
41
-22
-42
7
68
68
5
-50
-35
36
78
47
-17
-47
-13
39
49
-2
-53
-41
16
52
34
-12
-32
-6
29
33
5
-27
-29
-3
22
12
-16
-28
-13
10
22
12
-4
-11
-3
4
-2
-13
-15
-5
10
14
3
-12
-17
-7
0
-10
-23
-19
-3
2
-8
-26
-27
-13
1
1
-11
-21
-16
1
9
-4
-24
-29
-15
-4
-12
-23
-29
-19
1
5
-10
-27
-26
-8
5
1
-13
-17
-7
9
14
3
-12
-15
-1
9
10
2
-1
6
15
19
15
6
2
3
4
5
5
4
3
1
2
7
6
0
-4
1
7
6
5
4
6
6
6
8
5
-4
-15
-15
-4
7
5
0
-3
-3
2
9
14
9
1
3
4
7
12
8
0
-5
4
19
21
12
6
11
14
17
18
7
-8
-5
13
19
10
-1
-8
-12
-14
-19
-23
-23
-20
-8
-1
-10
-21
-20
-10
-5
-7
-3
1
5
13
14
7
-1
0
9
7
5
8
5
4
3
2
1
0
3
7
5
0
-4
2
4
4
3
-1
-1
4
7
5
-4
-8
-6
-4
-2
-3
-7
-13
-8
-3
-9
-17
-18
-13
-8
-7
-10
-11
-12
-9
-8
-12
-16
-14
-7
6
10
2
-1
5
12
13
11
8
13
23
30
27
17
16
22
19
11
7
4
0
2
3
-1
-11
-19
-22
-20
-22
-23
-22
-21
-18
-12
-8
-7
-7
-5
-4
-3
2
9
13
12
14
16
17
14
11
12
13
15
14
6
-2
-2
9
19
22
19
15
18
21
21
17
5
-7
-2
5
3
-5
-15
-16
-10
-6
-8
-15
-19
-13
-8
-10
-15
-13
-4
7
17
18
15
12
13
11
6
-3
-9
-9
-5
-3
-4
-10
-13
-11
-6
-1
1
-3
-2
-1
-4
-8
-5
0
4
8
2
-7
-11
-11
-10
-9
-10
-13
-16
-20
-23
-22
-21
-18
-18
-18
-18
-17
-15
-7
3
7
5
0
-2
-5
-7
-8
-9
-8
-6
-10
-16
-19
-16
-12
-8
-9
-12
-12
-5
3
8
7
6
6
8
7
2
-3
-4
0
2
0
-2
-5
-6
-5
-3
-2
-1
2
10
18
21
17
12
11
11
13
12
8
8
9
12
15
17
19
24
28
30
27
22
19
20
29
35
33
31
31
31
36
35
25
20
19
25
28
26
19
17
19
25
27
24
19
11
8
10
12
11
10
12
13
13
10
8
8
6
0
-6
-13
-15
-16
-17
-21
-26
-31
-33
-35
-37
-41
-43
-45
-43
-39
-33
-30
-28
-24
-20
-18
-20
-25
-28
-26
-22
-20
-22
-25
-26
-22
-17
-16
-21
-23
-20
-11
-1
3
2
0
1
8
13
11
5
0
-3
-4
-8
-13
-16
-17
-15
-14
-16
-18
-14
-8
-6
-8
-5
0
3
1
1
1
4
3
0
-5
-13
-15
-13
-9
-7
-10
-13
-6
7
15
14
8
11
21
31
32
28
23
24
29
34
33
26
21
21
23
26
23
18
21
26
27
27
26
27
31
25
21
16
14
16
17
17
15
10
12
13
12
9
3
2
7
12
13
13
8
9
10
7
-2
-15
-19
-15
-15
-14
-18
-20
-17
-13
-5
1
-3
-3
0
5
5
-1
-5
-2
1
2
-2
-9
-13
-17
-15
-11
-17
-24
-25
-18
-10
-11
-15
-19
-25
-22
-21
-25
-33
-36
-32
-27
-22
-22
-25
-23
-15
-10
-11
-13
-18
-23
-19
-15
-17
-20
-21
-18
-13
-11
-11
-11
-8
-4
-4
-6
-7
-5
-2
1
1
-1
1
4
10
12
6
4
8
12
13
10
5
5
11
14
14
11
7
7
13
18
19
19
22
28
34
37
31
24
22
22
21
18
14
12
11
15
21
23
23
21
22
25
25
25
24
23
20
18
18
18
19
22
20
20
24
25
20
12
9
10
12
12
5
0
1
2
4
4
0
-4
-7
-6
-7
-9
-12
-18
-16
-16
-21
-24
-26
-25
-17
-15
-19
-23
-26
-28
-32
-34
-35
-33
-36
-42
-44
-43
-43
-39
-39
-40
-38
-36
-34
-31
-27
-23
-21
-23
-29
-32
-34
-35
-35
-32
-33
-35
-36
-34
-28
-24
-23
-18
-17
-13
-10
-6
-3
0
6
5
4
8
7
8
11
13
13
14
16
16
18
22
27
32
37
42
42
44
44
44
40
34
35
37
41
41
40
38
38
40
37
37
39
41
43
45
44
44
45
41
38
34
31
30
28
26
21
18
16
11
5
3
3
2
0
-1
-3
-4
-2
-1
-5
-7
-8
-8
-10
-10
-8
-7
-5
-4
-9
-17
-24
-28
-27
-28
-25
-24
-25
-23
-24
-27
-26
-24
-21
-18
-14
-5
-3
-4
1
1
4
2
2
1
-1
-7
-13
-18
-24
-27
-31
-35
-33
-33
-33
-33
-26
-22
-23
-18
-9
-1
3
8
10
12
11
6
-2
-6
-8
-12
-18
-20
-18
-19
-21
-21
-16
-10
-7
-4
0
6
13
15
16
19
19
21
21
22
25
23
19
14
10
6
1
0
2
3
5
4
1
3
5
8
8
8
11
10
10
14
16
15
13
11
11
9
6
2
1
2
2
-3
-8
-6
-3
-4
-7
-9
-8
-8
-6
-6
-7
-7
-7
-2
6
7
8
9
11
15
13
9
2
2
4
-1
-4
-2
-2
-1
-1
-5
-8
-9
-12
-10
-8
-9
-8
-5
1
6
9
8
8
8
8
4
-1
0
0
2
1
0
0
-3
-7
-12
-16
-16
-15
-13
-9
-6
-5
-7
-7
-2
1
2
-1
0
5
8
9
6
2
2
1
-4
-5
-5
-4
-2
-1
0
0
0
-1
-2
-4
-5
-4
1
7
9
6
4
1
-3
-6
-9
-8
-6
-3
-1
3
5
3
0
-4
-8
-8
-8
-7
-3
3
3
3
4
5
5
5
1
2
7
15
20
22
19
16
13
10
5
4
4
6
6
8
8
4
1
-1
-5
-7
-10
-10
-7
0
3
3
5
3
-1
-3
-3
-5
-4
-2
2
6
8
6
2
0
-4
-4
-1
-1
-2
1
2
4
6
8
4
0
-1
-1
1
1
1
3
4
4
2
0
-5
-9
-6
-4
-5
-4
-5
-5
-6
-6
-7
-8
-7
-8
-7
-6
-8
-9
-8
-6
-4
-4
-5
-6
-6
-6
-5
-4
-4
-4
-2
-3
-2
-1
1
1
3
5
6
4
1
1
6
8
5
4
4
4
1
-1
-1
-1
-2
-1
0
2
-2
-2
-1
-1
1
0
1
-1
-2
-2
0
2
1
-1
-2
-5
-7
-7
-6
-2
2
3
5
5
7
7
6
7
9
10
10
8
8
9
8
10
6
4
3
2
0
-2
-2
-4
-4
-2
-2
1
3
4
7
11
10
9
5
2
4
4
2
0
-2
2
2
-1
-4
-7
-9
-8
-4
2
5
11
16
20
21
22
22
21
17
13
12
12
9
7
4
0
-2
-2
-3
-5
-7
-8
-7
-7
-7
-6
-3
-2
-1
0
0
1
1
1
0
-3
-8
-11
-16
-20
-22
-28
-30
-32
-33
-34
-35
-36
-35
-30
-27
-27
-23
-20
-15
-13
-14
-15
-15
-14
-12
-12
-14
-17
-20
-22
-22
-20
-20
-20
-19
-18
-15
-14
-12
-6
-4
-4
0
3
5
9
15
17
16
17
16
13
12
8
7
5
4
8
9
10
15
17
15
16
15
17
21
25
27
30
29
27
26
28
29
29
28
24
23
23
21
21
18
16
15
14
14
15
13
14
16
14
16
17
16
17
17
19
21
19
15
10
12
10
8
9
7
6
5
5
2
2
1
0
1
1
2
0
0
3
1
0
-2
-6
-5
-6
-5
-4
-5
-8
-11
-11
-11
-16
-19
-21
-24
-23
-22
-23
-25
-26
-26
-25
-26
-25
-23
-26
-24
-26
-25
-23
-24
-24
-24
-26
-22
-19
-18
-19
-21
-21
-19
-17
-16
-17
-16
-15
-13
-9
-9
-10
-9
-9
-8
-8
-6
-6
-3
0
5
7
4
4
7
7
6
8
11
11
9
10
12
16
15
16
17
13
13
15
16
20
21
19
20
21
19
20
20
21
23
23
24
22
20
19
16
16
16
15
16
15
14
12
8
10
9
8
10
7
10
13
11
12
10
12
11
12
13
10
8
6
4
3
1
1
0
-1
-5
-6
-8
-9
-8
-9
-8
-7
-7
-7
-9
-11
-12
-11
-11
-11
-10
-14
-14
-15
-17
-18
-19
-20
-21
-24
-24
-25
-25
-23
-19
-18
-14
-13
-13
-13
-16
-17
-17
-16
-12
-12
-10
-11
-14
-11
-10
-11
-10
-12
-12
-11
-11
-12
-10
-7
-5
-2
-1
-3
-3
-3
-2
-2
-3
-3
-1
-1
1
7
9
9
11
9
6
5
6
6
8
10
8
9
11
11
16
15
15
13
12
13
14
14
16
20
24
26
25
23
23
22
20
18
14
14
15
15
18
18
20
21
19
18
18
16
17
16
15
15
15
14
14
13
14
13
11
10
6
5
5
6
6
4
3
3
1
-1
0
2
0
-4
-6
-8
-10
-9
-8
-7
-6
-7
-7
-9
-14
-16
-16
-18
-20
-22
-20
-20
-21
-20
-22
-22
-25
-28
-28
-26
-22
-23
-23
-26
-27
-27
-26
-26
-24
-21
-20
-25
-28
-27
-26
-23
-20
-16
-14
-17
-18
-18
-18
-16
-11
-9
-11
-15
-16
-15
-15
-13
-8
-4
-4
-4
-2
-1
-3
-2
-1
2
5
5
8
9
9
12
13
12
10
11
16
19
19
20
23
27
24
23
25
25
24
25
26
25
24
25
25
24
22
23
23
24
23
23
24
23
23
22
21
23
23
22
21
18
18
19
19
18
19
18
17
15
14
13
13
11
8
4
1
-2
-4
-7
-8
-10
-13
-16
-18
-19
-19
-17
-15
-14
-15
-16
-15
-12
-13
-16
-16
-17
-17
-17
-17
-17
-16
-15
-15
-17
-17
-14
-13
-14
-13
-11
-12
-14
-15
-13
-13
-14
-14
-15
-17
-20
-19
-16
-14
-13
-11
-13
-15
-15
-15
-15
-17
-16
-14
-14
-15
-14
-13
-13
-12
-11
-12
-12
-10
-8
-7
-8
-11
-14
-15
-13
-8
-7
-7
-7
-11
-15
-15
-11
-6
-1
6
16
19
20
21
23
24
26
28
25
23
25
28
27
23
19
16
13
16
26
33
37
39
45
49
49
53
55
51
43
34
25
17
12
10
8
6
5
5
7
18
40
69
103
130
156
179
200
217
228
227
215
199
181
157
130
98
65
40
20
1
-11
-13
-8
-7
-14
-24
-35
-47
-64
-83
-101
-124
-146
-163
-180
-202
-218
-223
-224
-222
-212
-199
-186
-177
-171
-164
-157
-146
-134
-126
-130
-135
-136
-135
-139
-139
-133
-129
-125
-111
-90
-76
-70
-57
-42
-35
-29
-13
5
14
14
12
12
5
-3
-3
-9
-22
-33
-43
-53
-60
-54
-40
-30
-20
-5
1
-2
0
18
29
23
14
9
1
3
22
33
18
-2
-6
-1
3
7
16
19
9
0
-8
-20
-31
-36
-37
-47
-55
-40
-12
5
22
59
99
128
158
195
226
254
285
305
287
250
220
201
184
161
150
155
213
339
488
612
725
867
1009
1087
1101
1101
1071
970
819
651
472
287
136
26
-78
-175
-227
-234
-236
-257
-297
-326
-352
-399
-482
-585
-678
-752
-806
-856
-889
-892
-874
-847
-801
-722
-632
-557
-501
-457
-421
-392
-354
-325
-327
-327
-297
-252
-223
-196
-157
-118
-93
-82
-70
-55
-31
4
25
33
51
81
119
157
192
221
245
273
290
287
274
254
216
174
130
79
34
3
-8
-27
-55
-54
-34
-21
-12
0
14
8
-13
-36
-65
-89
-104
-121
-130
-127
-105
-75
-57
-40
-25
-34
-70
-103
-118
-129
-138
-130
-110
-100
-83
-42
4
34
57
89
132
169
210
253
279
289
299
307
320
337
361
385
392
406
429
435
435
451
471
470
458
460
458
440
432
433
450
512
611
698
737
754
792
808
763
687
599
480
311
111
-89
-269
-396
-472
-538
-602
-633
-622
-582
-553
-554
-556
-565
-602
-669
-762
-857
-926
-965
-992
-1032
-1055
-1036
-983
-894
-792
-689
-593
-504
-426
-378
-338
-278
-225
-206
-214
-197
-146
-95
-36
29
79
91
87
103
112
116
141
157
162
161
175
220
278
358
419
454
478
492
488
467
424
366
285
198
114
38
-1
-2
5
-20
-54
-57
-26
2
9
15
14
2
-8
-14
-8
-2
4
31
63
95
133
166
184
198
196
191
182
147
97
31
-14
-50
-80
-83
-63
-26
36
118
208
313
439
549
610
637
657
674
670
627
564
519
500
470
423
403
434
538
642
671
646
606
601
610
610
568
503
398
312
317
391
491
570
687
796
807
787
809
816
757
570
305
10
-314
-597
-826
-1030
-1221
-1388
-1523
-1578
-1584
-1539
-1455
-1375
-1291
-1283
-1312
-1343
-1371
-1368
-1378
-1416
-1471
-1560
-1610
-1563
-1493
-1398
-1316
-1258
-1186
-1152
-1125
-1040
-945
-868
-815
-801
-796
-776
-702
-567
-427
-304
-194
-99
12
136
273
398
474
506
524
529
556
623
692
742
766
784
813
813
809
828
812
759
676
597
558
519
499
498
485
480
512
578
643
696
766
802
810
798
742
698
678
671
639
593
559
564
586
584
578
550
506
442
371
288
200
119
50
2
-18
5
51
117
193
295
407
549
685
757
788
778
737
686
647
565
460
364
293
224
157
175
247
283
281
321
377
414
414
430
458
412
398
473
589
650
692
789
857
823
736
706
627
459
234
-41
-387
-747
-1026
-1263
-1500
-1737
-1910
-1999
-2055
-2120
-2122
-2061
-1987
-1918
-1912
-1954
-1981
-1953
-1905
-1850
-1828
-1782
-1703
-1612
-1479
-1348
-1199
-1075
-966
-898
-862
-797
-699
-558
-491
-496
-478
-401
-299
-221
-132
-35
55
164
259
339
439
575
723
821
856
875
951
1051
1144
1214
1252
1284
1293
1305
1262
1169
1113
1086
1026
910
807
751
714
683
662
681
717
748
779
780
748
690
642
580
484
397
331
284
227
188
172
197
257
291
296
269
228
184
143
90
28
-19
-61
-94
-111
-118
-87
-20
44
80
120
203
296
383
435
406
357
366
402
412
403
387
365
349
357
398
449
474
484
513
539
510
480
480
446
349
180
56
98
223
291
300
329
416
493
489
448
385
279
102
-164
-487
-832
-1090
-1212
-1344
-1565
-1724
-1765
-1733
-1720
-1746
-1727
-1684
-1657
-1696
-1804
-1905
-1941
-1919
-1897
-1937
-1976
-1922
-1808
-1649
-1498
-1362
-1199
-1023
-902
-819
-729
-602
-463
-407
-407
-410
-386
-333
-276
-214
-167
-104
0
135
290
449
620
799
979
1128
1286
1454
1614
1737
1760
1706
1663
1675
1647
1540
1431
1364
1323
1289
1257
1211
1200
1215
1214
1198
1167
1113
1058
999
883
737
574
421
324
238
161
120
117
115
113
147
217
282
288
239
206
172
89
15
-62
-138
-181
-227
-265
-258
-201
-122
-65
-50
-54
-22
44
107
127
68
10
19
79
155
215
291
342
348
334
317
327
364
369
276
132
26
-6
-53
-136
-203
-274
-379
-478
-453
-295
-126
-22
68
144
190
260
328
348
245
9
-234
-482
-783
-1082
-1320
-1464
-1577
-1719
-1812
-1845
-1760
-1605
-1509
-1467
-1457
-1436
-1400
-1413
-1476
-1539
-1585
-1601
-1615
-1629
-1621
-1564
-1403
-1200
-1042
-900
-731
-565
-435
-372
-329
-256
-205
-196
-196
-188
-116
31
215
394
508
626
781
934
1110
1264
1414
1564
1668
1784
1933
2090
2241
2346
2372
2305
2204
2132
2044
1901
1749
1620
1471
1285
1165
1151
1143
1098
1063
991
832
660
532
400
204
-14
-187
-347
-464
-487
-442
-360
-264
-141
-15
46
89
128
115
58
-45
-159
-299
-455
-535
-536
-527
-520
-479
-370
-252
-160
-60
-9
-12
2
-10
-82
-175
-219
-217
-250
-283
-246
-198
-155
-76
10
84
161
263
327
272
199
201
166
32
-126
-259
-401
-574
-690
-708
-663
-563
-396
-239
-150
0
254
420
416
298
173
13
-198
-414
-700
-1014
-1187
-1240
-1339
-1491
-1565
-1483
-1376
-1334
-1326
-1346
-1374
-1373
-1422
-1577
-1718
-1772
-1734
-1704
-1756
-1709
-1510
-1258
-999
-733
-466
-223
-2
217
320
314
334
364
340
215
117
152
232
340
496
651
814
1006
1211
1369
1480
1649
1824
1886
1850
1837
1929
2058
2139
2159
2135
2065
2028
2014
1934
1793
1664
1557
1399
1213
1090
1055
1006
877
719
534
357
234
127
-29
-254
-468
-635
-758
-841
-835
-752
-662
-578
-471
-333
-237
-178
-126
-127
-213
-335
-408
-437
-511
-601
-647
-646
-611
-576
-521
-446
-404
-381
-350
-350
-376
-422
-484
-535
-589
-646
-655
-651
-625
-520
-424
-334
-218
-105
2
76
93
114
142
142
108
24
-56
-76
-104
-173
-259
-315
-182
43
220
328
368
479
652
720
721
664
559
425
237
-34
-371
-628
-744
-826
-989
-1146
-1203
-1147
-1058
-1039
-1022
-981
-963
-932
-951
-1067
-1146
-1113
-1052
-1067
-1138
-1102
-925
-717
-534
-411
-278
-123
-6
105
138
105
151
190
129
29
12
95
206
335
471
600
736
905
1104
1284
1430
1578
1721
1763
1769
1850
1975
2077
2086
2041
2003
1959
1946
1927
1847
1737
1612
1468
1297
1109
967
838
653
399
127
-140
-362
-547
-786
-1063
-1310
-1432
-1472
-1501
-1447
-1317
-1160
-985
-809
-600
-406
-272
-184
-193
-336
-503
-593
-672
-791
-926
-1011
-1035
-1018
-968
-905
-837
-798
-720
-618
-576
-536
-498
-496
-517
-516
-478
-451
-412
-316
-216
-124
-38
38
114
208
318
404
424
397
383
361
347
355
354
323
252
180
148
228
433
702
863
912
1007
1178
1303
1335
1325
1220
979
672
391
85
-227
-405
-483
-616
-796
-862
-749
-621
-561
-526
-559
-621
-689
-747
-850
-1050
-1224
-1292
-1390
-1529
-1575
-1506
-1337
-1161
-976
-788
-635
-443
-250
-196
-207
-204
-176
-168
-237
-261
-236
-163
12
239
493
760
1014
1262
1438
1560
1719
1840
1859
1803
1709
1680
1713
1718
1700
1634
1596
1633
1633
1544
1413
1270
1098
871
587
290
19
-209
-452
-719
-980
-1193
-1321
-1404
-1495
-1564
-1592
-1587
-1501
-1382
-1257
-1074
-883
-710
-577
-482
-358
-279
-246
-270
-351
-453
-577
-689
-787
-879
-977
-1035
-1053
-1059
-1065
-1098
-1057
-959
-877
-763
-651
-526
-399
-302
-190
-87
41
209
334
418
497
566
696
854
985
1109
1167
1173
1215
1235
1185
1115
1016
920
784
586
476
459
538
709
802
853
969
1172
1388
1505
1550
1548
1471
1313
1138
905
634
408
224
19
-258
-492
-575
-626
-722
-837
-970
-1073
-1168
-1268
-1376
-1549
-1702
-1734
-1774
-1854
-1891
-1795
-1570
-1374
-1188
-982
-764
-514
-261
-104
-42
19
109
185
143
72
80
105
150
231
334
431
520
654
798
887
1004
1166
1286
1339
1384
1502
1673
1764
1823
1883
1877
1908
1941
1885
1729
1550
1390
1125
726
353
41
-272
-600
-920
-1212
-1472
-1627
-1652
-1641
-1669
-1647
-1531
-1418
-1324
-1194
-1038
-874
-739
-634
-577
-537
-458
-382
-361
-414
-490
-555
-638
-724
-791
-893
-998
-1070
-1102
-1118
-1125
-1052
-920
-776
-629
-475
-311
-167
-58
70
188
304
452
585
708
806
904
1035
1170
1323
1450
1485
1470
1453
1425
1363
1251
1106
950
770
588
425
302
293
424
619
778
889
1075
1352
1571
1660
1654
1577
1436
1233
978
638
263
-12
-220
-463
-725
-904
-954
-960
-1012
-1105
-1206
-1293
-1352
-1459
-1650
-1854
-1971
-1986
-1998
-2042
-2013
-1871
-1672
-1463
-1263
-1046
-806
-560
-359
-267
-241
-201
-137
-119
-174
-224
-200
-143
-76
8
107
271
483
676
822
966
1150
1330
1451
1525
1594
1694
1824
1917
1940
1943
1963
1992
1952
1802
1620
1450
1229
886
489
130
-225
-576
-905
-1242
-1562
-1800
-1885
-1898
-1928
-1895
-1744
-1539
-1387
-1267
-1094
-887
-713
-578
-494
-490
-480
-430
-405
-429
-515
-595
-610
-623
-657
-678
-654
-632
-604
-553
-486
-407
-339
-255
-160
-78
7
70
119
200
300
428
551
676
847
1028
1186
1359
1519
1645
1771
1841
1830
1731
1589
1467
1331
1133
897
639
420
227
16
-159
-197
-56
153
324
498
752
1077
1360
1508
1553
1494
1392
1257
1048
727
345
45
-152
-362
-619
-852
-1008
-1084
-1171
-1298
-1426
-1520
-1572
-1662
-1836
-1987
-2011
-1962
-1922
-1940
-1904
-1750
-1562
-1367
-1199
-1042
-873
-715
-596
-545
-545
-509
-428
-371
-357
-356
-301
-186
0
202
348
485
672
862
972
1048
1155
1248
1230
1198
1227
1294
1389
1511
1661
1760
1807
1868
1929
1890
1767
1632
1430
1067
638
285
-30
-428
-865
-1215
-1520
-1761
-1878
-1860
-1790
-1727
-1621
-1483
-1336
-1169
-981
-805
-715
-688
-663
-648
-628
-590
-548
-553
-586
-552
-472
-384
-282
-159
-70
-63
-55
-16
-5
-71
-177
-269
-350
-426
-448
-412
-346
-224
-48
171
409
703
1021
1267
1428
1532
1618
1638
1622
1582
1455
1262
1074
927
789
629
464
351
252
126
28
-12
21
143
306
475
627
787
1035
1275
1420
1508
1512
1448
1328
1148
893
539
198
-69
-317
-592
-834
-1025
-1173
-1282
-1374
-1423
-1461
-1489
-1504
-1554
-1623
-1668
-1691
-1680
-1660
-1637
-1569
-1490
-1395
-1274
-1141
-1008
-895
-791
-720
-703
-653
-574
-504
-445
-389
-305
-155
49
265
492
695
866
995
1122
1277
1359
1387
1405
1374
1358
1393
1487
1616
1721
1823
1884
1922
1936
1905
1820
1607
1283
878
419
-71
-512
-893
-1264
-1578
-1811
-1949
-2001
-1958
-1819
-1667
-1539
-1423
-1313
-1190
-1073
-984
-927
-925
-947
-927
-885
-814
-728
-639
-533
-404
-248
-87
44
131
180
189
166
106
9
-120
-239
-331
-401
-444
-446
-364
-220
-26
188
433
696
940
1170
1324
1415
1470
1511
1537
1490
1386
1262
1159
1094
1057
1025
999
943
868
773
688
638
571
518
461
435
503
659
877
1061
1243
1481
1646
1742
1784
1740
1642
1437
1126
718
264
-93
-351
-584
-821
-1052
-1181
-1234
-1270
-1260
-1237
-1279
-1377
-1486
-1635
-1787
-1873
-1908
-1956
-2077
-2204
-2200
-2096
-1956
-1835
-1743
-1667
-1628
-1525
-1380
-1269
-1117
-941
-753
-563
-358
-68
261
565
822
998
1156
1304
1406
1455
1419
1359
1306
1247
1230
1234
1287
1380
1458
1540
1592
1660
1728
1677
1458
1095
665
191
-288
-733
-1165
-1562
-1870
-2073
-2137
-2110
-1978
-1744
-1508
-1311
-1130
-951
-800
-708
-702
-761
-860
-929
-910
-847
-751
-612
-467
-305
-114
80
252
361
413
432
362
251
165
58
-60
-167
-227
-226
-187
-104
76
290
527
769
985
1212
1384
1556
1678
1682
1656
1593
1491
1380
1249
1137
1072
1025
1032
1038
1042
1097
1132
1151
1117
1016
934
824
665
503
330
305
456
643
842
1020
1197
1395
1524
1595
1589
1438
1225
934
565
134
-317
-660
-902
-1125
-1311
-1453
-1544
-1538
-1523
-1503
-1482
-1546
-1589
-1625
-1724
-1811
-1913
-2002
-2098
-2252
-2328
-2333
-2323
-2256
-2163
-2065
-1940
-1797
-1590
-1355
-1170
-954
-710
-465
-241
-68
132
329
469
647
825
962
1079
1121
1122
1134
1143
1194
1259
1330
1450
1554
1663
1782
1842
1842
1754
1571
1307
939
534
122
-332
-769
-1205
-1573
-1753
-1797
-1718
-1573
-1409
-1191
-956
-756
-603
-530
-531
-612
-734
-818
-895
-933
-876
-736
-558
-353
-89
237
532
752
899
901
825
698
514
305
75
-100
-185
-231
-245
-190
-70
101
313
562
811
1034
1249
1415
1475
1455
1427
1400
1342
1244
1148
1088
1048
1061
1087
1101
1139
1172
1161
1070
947
862
795
679
552
404
253
172
104
70
90
211
473
754
988
1168
1340
1470
1467
1371
1190
893
554
221
-187
-671
-1122
-1425
-1627
-1806
-1919
-1912
-1804
-1647
-1495
-1398
-1371
-1356
-1340
-1397
-1578
-1808
-1996
-2124
-2243
-2377
-2456
-2439
-2365
-2252
-2094
-1931
-1721
-1451
-1149
-895
-690
-450
-214
-18
133
262
388
506
645
800
929
1044
1164
1265
1331
1402
1487
1589
1647
1673
1729
1749
1744
1744
1676
1494
1243
970
674
279
-124
-468
-787
-1076
-1293
-1377
-1407
-1406
-1319
-1168
-1031
-908
-749
-614
-591
-637
-657
-636
-636
-588
-454
-299
-113
127
385
610
785
920
982
927
803
635
402
137
-109
-312
-451
-514
-475
-345
-176
39
323
605
837
1025
1171
1272
1299
1284
1277
1239
1197
1198
1217
1255
1272
1307
1356
1308
1208
1105
967
775
551
347
154
-34
-180
-254
-277
-265
-187
-39
126
307
536
833
1122
1334
1513
1615
1644
1621
1471
1265
959
549
157
-240
-630
-1015
-1352
-1554
-1700
-1827
-1888
-1908
-1864
-1795
-1777
-1758
-1772
-1814
-1863
-1973
-2152
-2324
-2401
-2446
-2507
-2518
-2467
-2369
-2209
-1980
-1740
-1503
-1229
-951
-692
-505
-344
-117
88
243
398
559
724
876
1014
1159
1230
1242
1262
1242
1190
1148
1167
1240
1270
1276
1324
1385
1447
1463
1387
1250
1050
796
511
202
-106
-391
-632
-818
-981
-1076
-1065
-1030
-963
-878
-821
-751
-676
-555
-444
-382
-332
-262
-129
9
152
374
596
714
801
869
886
834
695
511
273
17
-199
-366
-489
-561
-535
-444
-308
-116
129
436
699
902
1065
1152
1223
1273
1291
1246
1153
1097
1083
1053
1038
1041
1028
1001
916
802
659
468
312
150
-13
-102
-144
-88
27
183
406
637
862
1112
1308
1434
1620
1782
1846
1799
1659
1536
1339
1034
703
339
-49
-450
-825
-1175
-1538
-1827
-1978
-2103
-2245
-2332
-2336
-2282
-2247
-2234
-2207
-2216
-2246
-2247
-2267
-2350
-2414
-2394
-2353
-2331
-2290
-2146
-1930
-1703
-1466
-1227
-1006
-766
-513
-291
-116
41
253
431
528
606
674
746
796
828
848
813
789
828
846
810
823
920
1041
1127
1228
1387
1487
1519
1548
1477
1266
1022
802
571
245
-75
-304
-513
-697
-794
-807
-789
-745
-638
-544
-526
-498
-389
-300
-261
-239
-199
-134
-59
72
248
406
551
719
826
838
823
774
662
463
241
57
-151
-326
-409
-435
-414
-327
-126
146
369
561
773
953
1077
1125
1135
1118
1047
978
943
912
897
927
981
1026
1049
1043
1024
961
871
759
587
405
251
157
95
80
160
295
435
551
678
800
882
985
1136
1254
1290
1265
1216
1112
912
725
538
256
-89
-477
-872
-1275
-1655
-1932
-2135
-2328
-2509
-2669
-2789
-2824
-2808
-2767
-2748
-2763
-2731
-2685
-2662
-2612
-2505
-2378
-2290
-2192
-2056
-1901
-1670
-1394
-1140
-910
-729
-511
-239
-39
127
291
426
531
609
667
705
724
749
774
740
715
734
784
866
922
977
1090
1243
1415
1552
1650
1757
1815
1806
1719
1559
1380
1169
947
728
483
241
20
-154
-290
-391
-420
-409
-390
-346
-290
-208
-66
69
156
207
244
328
446
553
662
750
802
853
869
873
849
764
656
462
179
-90
-329
-522
-657
-747
-775
-753
-656
-473
-270
-51
181
337
447
552
605
662
693
685
693
665
633
648
652
645
600
515
432
310
223
172
82
32
21
-6
-18
10
124
277
375
474
569
589
677
861
1011
1066
1017
1015
1013
906
792
626
376
93
-243
-603
-1011
-1421
-1678
-1892
-2156
-2371
-2532
-2624
-2627
-2599
-2549
-2544
-2559
-2474
-2410
-2415
-2386
-2318
-2216
-2145
-2047
-1805
-1552
-1320
-1018
-740
-509
-263
-2
251
379
444
571
647
653
659
679
713
691
664
687
664
675
745
792
847
911
1027
1231
1401
1563
1747
1862
1953
2014
2034
2012
1885
1724
1525
1218
898
603
344
90
-194
-393
-488
-542
-498
-400
-327
-224
-110
42
212
329
430
448
385
348
332
361
423
484
554
570
558
586
590
530
387
122
-207
-545
-849
-1069
-1250
-1388
-1445
-1430
-1304
-1076
-798
-490
-209
24
216
335
421
505
528
503
449
376
339
331
313
305
290
282
296
312
339
313
257
224
199
213
230
265
318
318
323
374
438
558
792
1057
1282
1448
1563
1658
1681
1627
1509
1283
970
568
100
-431
-993
-1445
-1799
-2085
-2328
-2518
-2619
-2652
-2599
-2481
-2366
-2294
-2252
-2228
-2231
-2248
-2220
-2134
-2028
-1922
-1763
-1565
-1334
-1047
-737
-463
-276
-129
12
81
111
142
171
191
189
234
290
340
434
536
654
781
893
1030
1156
1268
1401
1542
1683
1824
1977
2134
2261
2330
2361
2339
2229
2079
1870
1593
1272
895
542
204
-127
-388
-582
-696
-732
-712
-634
-518
-409
-310
-225
-181
-173
-158
-143
-128
-109
-54
21
96
212
326
400
452
448
371
213
-13
-266
-572
-916
-1237
-1519
-1702
-1763
-1716
-1570
-1386
-1177
-905
-607
-336
-100
101
220
250
283
347
387
407
445
471
479
520
593
660
675
657
618
546
469
411
374
346
331
372
458
551
674
835
974
1071
1221
1460
1695
1860
1973
2057
2094
2058
1932
1683
1302
830
330
-195
-765
-1285
-1675
-1974
-2229
-2446
-2588
-2632
-2571
-2438
-2336
-2307
-2294
-2253
-2208
-2204
-2194
-2126
-2042
-1963
-1864
-1714
-1510
-1255
-984
-744
-566
-420
-255
-107
-31
-14
-5
-1
-5
9
59
159
294
453
626
786
970
1196
1419
1578
1688
1820
1958
2085
2215
2326
2402
2416
2376
2303
2172
1981
1764
1508
1153
745
348
20
-241
-460
-593
-671
-710
-701
-664
-603
-554
-524
-495
-494
-517
-530
-516
-478
-401
-327
-252
-146
-27
102
179
207
197
108
-47
-261
-528
-820
-1125
-1403
-1624
-1767
-1814
-1746
-1596
-1390
-1137
-869
-584
-306
-48
160
285
347
369
380
390
402
457
519
570
631
710
811
882
918
910
845
749
665
576
523
510
504
569
673
807
992
1180
1361
1516
1655
1852
2043
2189
2277
2261
2184
2041
1785
1454
1029
529
8
-564
-1138
-1676
-2087
-2327
-2475
-2566
-2574
-2534
-2433
-2273
-2131
-2010
-1946
-1908
-1873
-1910
-1982
-2028
-2014
-1950
-1903
-1854
-1727
-1523
-1260
-964
-690
-450
-267
-104
46
128
207
296
367
437
499
583
699
807
925
1047
1137
1251
1376
1484
1572
1632
1686
1738
1769
1781
1781
1783
1777
1740
1655
1502
1310
1103
883
625
355
103
-118
-294
-416
-487
-542
-595
-638
-697
-762
-806
-819
-804
-783
-750
-689
-607
-504
-370
-230
-109
-21
39
63
57
13
-67
-192
-386
-601
-824
-1037
-1213
-1341
-1401
-1398
-1322
-1170
-1007
-830
-651
-484
-308
-178
-90
-24
28
96
192
278
357
466
586
699
803
885
961
993
956
921
879
812
749
699
717
762
799
931
1122
1287
1441
1610
1791
1922
1990
2085
2207
2258
2251
2213
2076
1872
1644
1318
871
331
-184
-640
-1124
-1612
-2022
-2316
-2483
-2544
-2522
-2497
-2490
-2392
-2237
-2139
-2119
-2123
-2111
-2152
-2256
-2340
-2356
-2309
-2202
-2051
-1904
-1753
-1525
-1214
-901
-652
-430
-202
2
170
292
414
560
683
785
833
828
875
1009
1145
1233
1295
1380
1481
1590
1702
1795
1889
1982
2050
2076
2064
2077
2115
2080
1922
1686
1432
1184
921
606
261
-93
-418
-657
-829
-953
-1015
-1034
-1030
-991
-938
-876
-763
-632
-539
-492
-466
-413
-347
-318
-311
-320
-378
-496
-633
-770
-928
-1074
-1207
-1331
-1446
-1557
-1620
-1633
-1627
-1581
-1491
-1370
-1226
-1045
-804
-558
-319
-81
153
365
540
728
915
1046
1128
1209
1284
1308
1294
1262
1211
1138
1039
972
930
872
859
916
992
1078
1216
1394
1571
1730
1913
2068
2129
2153
2151
2114
2052
2026
2032
1972
1775
1541
1336
1060
678
288
-139
-644
-1139
-1583
-1982
-2347
-2590
-2650
-2640
-2656
-2630
-2508
-2376
-2270
-2160
-2066
-2030
-2025
-2035
-2068
-2113
-2097
-1976
-1826
-1709
-1570
-1384
-1188
-1024
-852
-673
-537
-420
-302
-220
-173
-71
98
271
364
441
567
719
893
1079
1270
1416
1533
1675
1832
1969
2106
2281
2419
2424
2335
2257
2216
2129
1930
1659
1318
947
646
366
39
-285
-537
-738
-904
-1021
-1037
-996
-964
-890
-804
-729
-662
-538
-397
-401
-524
-606
-619
-677
-759
-797
-829
-924
-1019
-1037
-1052
-1103
-1112
-1111
-1192
-1339
-1436
-1440
-1451
-1502
-1481
-1379
-1257
-1051
-757
-414
-81
282
650
928
1157
1371
1558
1646
1633
1596
1532
1402
1309
1266
1188
1084
1051
1101
1114
1123
1237
1404
1540
1633
1718
1829
1930
2036
2150
2187
2174
2171
2192
2176
2061
1947
1887
1796
1653
1457
1177
881
567
180
-274
-800
-1269
-1675
-2062
-2431
-2791
-3032
-3082
-3045
-2989
-2920
-2864
-2753
-2605
-2496
-2416
-2351
-2280
-2178
-2128
-2113
-2017
-1833
-1655
-1548
-1472
-1426
-1363
-1231
-1074
-966
-899
-813
-678
-503
-341
-111
165
409
595
720
857
1011
1178
1347
1480
1533
1589
1729
1900
2041
2136
2253
2351
2348
2299
2239
2133
1964
1704
1360
950
569
296
34
-246
-493
-634
-686
-690
-656
-583
-499
-470
-454
-416
-414
-458
-502
-555
-707
-895
-974
-1011
-1061
-1108
-1117
-1071
-1036
-949
-814
-748
-781
-822
-882
-1040
-1226
-1356
-1413
-1446
-1435
-1302
-1074
-762
-365
87
527
877
1195
1504
1716
1811
1869
1884
1787
1615
1423
1250
1096
1013
998
970
980
1066
1200
1317
1393
1486
1600
1659
1690
1734
1777
1845
1952
2066
2148
2182
2216
2251
2189
2008
1765
1562
1371
1092
750
378
-15
-394
-762
-1154
-1573
-1989
-2339
-2640
-2940
-3187
-3367
-3426
-3356
-3287
-3231
-3142
-3007
-2775
-2542
-2360
-2140
-1948
-1782
-1586
-1466
-1401
-1306
-1221
-1156
-1167
-1213
-1186
-1139
-1057
-945
-859
-756
-620
-415
-161
46
259
493
687
824
948
1113
1303
1481
1641
1812
1974
2145
2326
2494
2644
2682
2658
2588
2428
2223
1982
1722
1405
1037
687
369
96
-95
-254
-413
-503
-520
-486
-453
-448
-435
-461
-504
-547
-631
-712
-785
-844
-924
-1029
-1053
-1003
-933
-842
-766
-693
-615
-606
-638
-728
-911
-1128
-1346
-1561
-1740
-1874
-1876
-1739
-1561
-1272
-873
-432
84
601
1047
1422
1688
1868
1957
1939
1856
1746
1628
1486
1342
1230
1162
1154
1198
1268
1346
1420
1481
1528
1581
1627
1650
1678
1706
1746
1788
1847
1901
1941
1975
1943
1920
1870
1701
1449
1110
738
458
197
-135
-510
-898
-1254
-1558
-1871
-2188
-2447
-2694
-2897
-3068
-3242
-3348
-3365
-3275
-3115
-2978
-2854
-2679
-2480
-2238
-2006
-1820
-1655
-1521
-1430
-1364
-1335
-1311
-1245
-1194
-1165
-1181
-1169
-1089
-968
-792
-598
-400
-222
-36
152
311
457
614
784
921
1025
1165
1356
1555
1803
2045
2278
2476
2609
2697
2734
2716
2632
2496
2305
2065
1782
1500
1231
954
707
500
345
218
76
-18
-85
-158
-213
-255
-316
-429
-522
-558
-572
-599
-616
-589
-583
-575
-530
-496
-477
-484
-520
-585
-700
-831
-954
-1117
-1330
-1570
-1774
-1919
-2036
-2060
-1985
-1843
-1632
-1362
-1034
-646
-231
185
572
897
1184
1415
1570
1632
1613
1570
1483
1364
1271
1227
1181
1135
1147
1184
1233
1324
1461
1587
1640
1671
1736
1796
1799
1757
1737
1701
1618
1600
1638
1625
1578
1519
1407
1205
937
664
392
92
-222
-544
-875
-1231
-1548
-1749
-1972
-2247
-2466
-2641
-2806
-2922
-2979
-3017
-3084
-3133
-3059
-2930
-2749
-2502
-2258
-1991
-1765
-1557
-1304
-1129
-986
-820
-723
-678
-633
-543
-447
-421
-402
-402
-447
-451
-375
-254
-107
30
163
324
444
603
860
1087
1305
1517
1723
1955
2164
2386
2584
2655
2656
2618
2549
2436
2275
2108
1934
1725
1496
1256
1037
878
716
555
381
162
-49
-234
-401
-555
-717
-842
-910
-943
-915
-819
-686
-553
-452
-394
-368
-388
-432
-509
-655
-847
-1074
-1300
-1478
-1626
-1747
-1836
-1916
-1960
-1977
-1964
-1887
-1802
-1700
-1564
-1408
-1205
-927
-568
-179
194
568
924
1232
1507
1753
1922
2003
2025
1980
1887
1793
1705
1612
1527
1470
1440
1446
1490
1572
1669
1738
1769
1759
1747
1754
1719
1657
1597
1526
1490
1452
1375
1334
1268
1138
932
654
396
92
-280
-603
-899
-1193
-1474
-1759
-1958
-2112
-2291
-2395
-2474
-2591
-2651
-2681
-2730
-2800
-2843
-2750
-2604
-2464
-2298
-2141
-1944
-1709
-1481
-1252
-1064
-899
-715
-597
-573
-563
-544
-485
-441
-477
-503
-519
-497
-404
-293
-139
47
255
466
647
851
1112
1353
1565
1749
1890
2016
2113
2210
2314
2342
2313
2278
2228
2139
2013
1891
1763
1572
1351
1140
903
679
508
336
119
-104
-277
-437
-609
-720
-755
-771
-781
-750
-649
-550
-468
-378
-334
-379
-507
-626
-739
-904
-1064
-1192
-1342
-1468
-1499
-1492
-1477
-1450
-1415
-1393
-1413
-1446
-1438
-1417
-1413
-1383
-1291
-1129
-889
-536
-90
355
802
1259
1658
1971
2224
2372
2378
2272
2074
1879
1696
1518
1408
1343
1296
1300
1344
1442
1577
1684
1761
1754
1690
1620
1526
1422
1323
1211
1095
987
887
849
795
693
568
362
109
-193
-511
-805
-1074
-1294
-1495
-1691
-1861
-1947
-1954
-1951
-1992
-2063
-2157
-2262
-2321
-2371
-2478
-2595
-2616
-2565
-2459
-2304
-2085
-1790
-1486
-1157
-838
-553
-316
-144
-42
-66
-186
-265
-295
-339
-390
-430
-424
-361
-201
16
247
479
688
916
1093
1231
1373
1477
1553
1610
1637
1671
1741
1828
1948
2020
2045
2055
2011
1938
1815
1645
1460
1246
972
689
401
165
12
-132
-247
-363
-455
-452
-440
-394
-318
-285
-256
-274
-315
-364
-464
-545
-621
-766
-940
-1122
-1278
-1361
-1440
-1495
-1501
-1529
-1552
-1533
-1499
-1473
-1483
-1498
-1520
-1556
-1543
-1475
-1365
-1230
-1063
-802
-503
-179
203
612
1007
1348
1631
1870
2018
2053
2056
1990
1883
1779
1662
1609
1559
1511
1538
1539
1529
1562
1605
1649
1639
1596
1570
1499
1425
1357
1273
1222
1126
1057
1011
881
792
665
455
202
-121
-454
-774
-1111
-1389
-1510
-1586
-1626
-1623
-1605
-1503
-1474
-1458
-1455
-1581
-1687
-1797
-1945
-2096
-2262
-2332
-2289
-2207
-2053
-1823
-1571
-1272
-947
-649
-390
-247
-153
-71
-133
-251
-324
-366
-374
-408
-406
-355
-308
-185
32
230
410
593
759
894
941
1022
1169
1243
1270
1299
1352
1415
1477
1576
1685
1702
1637
1549
1427
1281
1111
949
786
550
340
189
81
54
68
107
88
49
58
46
42
38
18
-53
-222
-400
-525
-629
-734
-816
-903
-1025
-1149
-1242
-1301
-1379
-1423
-1412
-1417
-1441
-1457
-1426
-1384
-1379
-1379
-1347
-1320
-1236
-1057
-862
-672
-497
-267
17
277
530
772
1032
1241
1391
1531
1602
1661
1712
1718
1675
1587
1537
1518
1493
1461
1434
1422
1416
1431
1455
1474
1477
1455
1438
1425
1416
1385
1309
1207
1084
939
766
566
387
201
-62
-338
-565
-781
-985
-1119
-1257
-1398
-1465
-1464
-1369
-1246
-1166
-1080
-1024
-1054
-1148
-1265
-1398
-1552
-1691
-1835
-1990
-2092
-2029
-1856
-1669
-1449
-1265
-1077
-824
-565
-301
-118
-54
-21
-30
-77
-115
-95
-31
-8
-34
-45
-35
32
171
316
411
466
506
559
650
756
900
1029
1095
1125
1118
1140
1216
1292
1318
1257
1158
1055
974
913
849
782
693
584
488
432
423
468
531
534
475
389
291
200
94
-30
-177
-369
-583
-810
-1000
-1137
-1252
-1364
-1507
-1667
-1797
-1879
-1918
-1921
-1908
-1883
-1837
-1744
-1603
-1426
-1224
-1010
-798
-615
-450
-283
-104
79
237
391
545
703
859
1038
1234
1414
1558
1662
1749
1784
1790
1784
1735
1677
1609
1527
1469
1430
1400
1401
1391
1373
1386
1410
1412
1390
1346
1259
1150
1025
897
770
594
388
202
31
-116
-241
-382
-510
-611
-742
-837
-894
-980
-1068
-1165
-1239
-1223
-1173
-1137
-1123
-1147
-1167
-1197
-1254
-1285
-1325
-1361
-1391
-1475
-1592
-1676
-1670
-1517
-1306
-1176
-1064
-910
-699
-452
-238
-29
105
127
139
127
85
75
90
88
-7
-155
-219
-177
-51
101
210
272
314
396
525
664
801
906
931
870
757
706
742
783
820
787
677
580
541
594
685
733
775
824
831
834
858
929
1002
956
806
582
346
179
28
-164
-416
-717
-997
-1253
-1473
-1592
-1669
-1744
-1815
-1892
-1953
-1924
-1807
-1670
-1544
-1454
-1340
-1153
-929
-702
-486
-291
-149
-48
69
218
380
552
715
827
887
958
1080
1234
1371
1423
1434
1407
1361
1353
1316
1276
1241
1176
1135
1115
1116
1133
1132
1117
1069
1028
1026
1037
1050
1015
934
846
713
590
509
399
280
134
-28
-146
-265
-342
-398
-491
-598
-727
-823
-852
-914
-991
-1066
-1184
-1249
-1194
-1098
-1017
-996
-1006
-965
-959
-964
-937
-954
-963
-1003
-1066
-1114
-1188
-1121
-920
-741
-616
-547
-445
-275
-98
92
237
282
276
267
221
171
159
140
85
-73
-203
-214
-181
-68
46
108
148
148
214
303
352
414
441
401
307
231
264
353
436
536
598
620
707
884
1099
1256
1339
1429
1452
1399
1363
1339
1277
1112
883
644
361
82
-139
-348
-616
-922
-1180
-1384
-1567
-1686
-1725
-1790
-1915
-1985
-1950
-1852
-1743
-1574
-1359
-1199
-1040
-832
-577
-331
-119
105
275
363
458
593
695
717
713
711
680
645
676
750
773
766
791
822
852
901
964
987
956
920
915
923
937
985
1028
1029
1001
970
971
991
990
994
956
861
782
716
648
553
399
229
51
-103
-206
-324
-432
-508
-600
-705
-823
-903
-912
-905
-926
-962
-1022
-1050
-982
-864
-791
-802
-797
-734
-704
-726
-726
-722
-745
-769
-782
-821
-894
-863
-664
-489
-434
-363
-232
-70
61
164
242
220
170
167
123
10
-82
-101
-111
-202
-297
-300
-277
-239
-183
-164
-178
-192
-164
-112
-102
-94
-33
49
133
223
370
584
782
944
1087
1204
1317
1412
1474
1496
1479
1469
1452
1384
1254
1067
856
638
378
98
-157
-418
-660
-892
-1141
-1365
-1532
-1645
-1735
-1815
-1872
-1894
-1868
-1779
-1663
-1556
-1417
-1214
-997
-786
-560
-307
-68
133
297
440
558
660
773
839
820
757
701
660
625
591
588
599
602
633
691
741
802
871
924
952
944
945
974
963
917
881
851
827
817
838
895
945
1003
1039
1020
970
907
844
729
556
374
203
22
-141
-278
-415
-543
-629
-686
-717
-735
-734
-699
-697
-737
-812
-880
-859
-763
-692
-690
-734
-757
-744
-765
-782
-782
-804
-822
-859
-944
-1020
-1041
-939
-767
-672
-634
-594
-511
-368
-222
-121
-58
-44
-16
21
-20
-73
-91
-113
-191
-329
-454
-505
-519
-513
-479
-442
-390
-292
-151
11
152
286
441
572
719
865
995
1114
1205
1287
1345
1371
1406
1423
1399
1357
1297
1252
1184
1041
879
692
481
269
29
-221
-437
-666
-931
-1179
-1380
-1503
-1581
-1658
-1685
-1681
-1664
-1583
-1464
-1296
-1120
-953
-745
-517
-282
-68
132
321
472
588
667
726
769
767
729
650
525
414
351
330
317
308
313
337
367
398
433
467
494
496
476
442
410
415
474
552
635
735
841
965
1070
1150
1235
1281
1292
1293
1236
1139
998
815
629
384
127
-86
-282
-458
-594
-687
-761
-825
-851
-832
-814
-808
-804
-798
-806
-837
-822
-686
-547
-496
-459
-435
-415
-407
-445
-479
-561
-689
-780
-840
-900
-968
-934
-764
-625
-528
-418
-301
-134
29
140
175
115
53
3
-97
-240
-361
-412
-462
-562
-636
-640
-594
-488
-340
-217
-102
20
144
278
360
432
574
708
774
815
864
932
1018
1094
1127
1128
1108
1071
1031
954
860
828
817
720
539
340
169
7
-176
-374
-592
-811
-1002
-1175
-1334
-1467
-1533
-1543
-1554
-1543
-1491
-1356
-1140
-903
-671
-474
-292
-63
172
336
454
544
630
691
681
631
590
566
539
457
330
219
163
150
135
87
62
88
139
202
238
246
276
310
341
366
396
488
613
727
832
941
1084
1235
1333
1404
1436
1442
1448
1416
1318
1157
992
786
551
308
43
-168
-319
-462
-591
-712
-817
-820
-783
-766
-769
-805
-794
-777
-762
-726
-697
-572
-416
-324
-280
-298
-314
-284
-334
-440
-563
-697
-741
-789
-887
-951
-972
-868
-685
-571
-458
-348
-231
-75
-36
-66
-130
-243
-320
-443
-592
-648
-625
-548
-488
-485
-444
-340
-210
-66
28
90
149
185
224
233
262
365
483
593
667
727
847
1008
1143
1203
1155
1099
1090
1051
967
838
746
711
618
484
344
223
137
10
-180
-391
-599
-761
-895
-1064
-1209
-1325
-1399
-1405
-1394
-1334
-1203
-1026
-805
-610
-474
-301
-71
146
297
345
384
467
530
554
513
429
361
281
162
18
-120
-199
-253
-340
-445
-520
-527
-459
-370
-278
-189
-68
120
323
510
678
864
1059
1202
1287
1356
1437
1528
1583
1576
1547
1528
1513
1461
1331
1162
992
818
629
417
192
-15
-206
-371
-519
-657
-746
-783
-760
-723
-674
-576
-435
-304
-244
-227
-230
-173
-61
-16
-57
-153
-215
-235
-313
-432
-544
-642
-703
-780
-895
-1019
-1099
-1045
-913
-866
-878
-851
-787
-683
-624
-611
-577
-578
-555
-488
-473
-420
-294
-174
-78
-105
-121
-51
-22
46
112
128
165
168
184
246
301
412
555
611
620
613
658
762
808
826
820
770
724
667
605
546
489
469
415
273
159
130
122
54
-134
-363
-552
-718
-857
-998
-1149
-1247
-1271
-1259
-1224
-1143
-967
-724
-511
-332
-156
21
225
425
554
588
576
596
624
582
497
421
331
198
30
-137
-274
-378
-440
-498
-546
-535
-446
-304
-148
39
245
426
580
749
936
1087
1181
1241
1299
1337
1376
1456
1529
1539
1509
1465
1428
1395
1308
1179
1050
867
656
413
163
-42
-248
-445
-648
-837
-930
-937
-870
-758
-636
-518
-416
-314
-236
-180
-203
-248
-196
-158
-168
-209
-253
-238
-270
-387
-491
-600
-740
-866
-994
-1161
-1343
-1436
-1375
-1289
-1273
-1244
-1168
-1038
-894
-742
-563
-454
-380
-274
-229
-225
-197
-95
39
59
-3
-25
-9
34
94
120
128
122
139
201
239
292
376
443
492
491
513
608
719
806
824
794
785
817
856
868
822
785
770
711
636
561
498
421
239
-20
-301
-535
-691
-849
-1032
-1200
-1314
-1317
-1246
-1158
-1015
-825
-621
-420
-268
-132
29
188
341
434
452
486
533
541
539
491
395
256
65
-103
-259
-404
-533
-667
-754
-784
-760
-663
-537
-356
-127
89
290
464
608
777
921
992
1051
1079
1087
1129
1193
1271
1346
1392
1439
1496
1526
1498
1403
1241
1025
747
428
129
-146
-392
-593
-768
-881
-929
-907
-767
-559
-362
-228
-147
-49
2
-42
-109
-168
-174
-161
-189
-229
-268
-286
-285
-353
-472
-635
-780
-860
-995
-1197
-1389
-1526
-1558
-1510
-1426
-1277
-1098
-846
-525
-237
-17
148
288
401
389
294
226
185
154
70
-60
-129
-120
-69
-8
44
92
111
138
175
146
119
134
148
133
55
13
102
237
369
476
526
598
699
792
868
883
902
936
880
733
570
450
374
219
-40
-294
-503
-649
-773
-896
-981
-1025
-1030
-1004
-957
-855
-702
-531
-360
-257
-164
-30
130
318
456
536
604
629
619
593
529
444
301
95
-133
-371
-559
-671
-759
-830
-893
-912
-829
-704
-526
-304
-91
123
302
493
734
955
1126
1232
1252
1277
1341
1434
1558
1625
1649
1670
1667
1654
1585
1491
1367
1174
913
580
267
-10
-252
-463
-662
-805
-857
-822
-693
-524
-360
-212
-105
-34
1
-30
-118
-199
-239
-288
-387
-481
-537
-551
-576
-668
-775
-882
-977
-1056
-1161
-1347
-1516
-1572
-1522
-1395
-1264
-1103
-909
-695
-424
-166
23
170
260
334
328
212
154
161
133
2
-190
-302
-314
-306
-292
-289
-288
-266
-255
-240
-232
-209
-122
-47
-28
-72
-103
-9
175
385
548
615
676
772
883
962
965
962
942
849
688
543
467
409
310
149
-54
-250
-379
-471
-559
-632
-691
-752
-816
-829
-742
-585
-393
-254
-179
-97
23
244
476
620
674
662
645
601
509
382
246
93
-108
-325
-505
-607
-651
-702
-787
-879
-895
-798
-645
-446
-244
-64
118
328
583
853
1099
1296
1429
1511
1587
1658
1739
1800
1822
1799
1722
1624
1520
1394
1222
1035
824
557
274
-4
-218
-377
-521
-643
-760
-793
-756
-654
-486
-366
-248
-152
-100
-78
-116
-199
-288
-343
-386
-482
-625
-738
-789
-817
-902
-1008
-1064
-1081
-1088
-1118
-1215
-1346
-1375
-1266
-1108
-1004
-940
-824
-649
-447
-243
-52
129
265
350
364
281
223
245
258
175
-34
-216
-298
-312
-314
-344
-343
-335
-334
-324
-348
-341
-259
-149
-85
-78
-39
89
308
507
630
708
771
864
939
979
986
989
1019
989
884
771
681
625
508
296
34
-194
-347
-469
-601
-760
-875
-906
-877
-809
-695
-532
-371
-235
-134
-48
90
290
474
563
558
515
499
474
389
286
177
27
-162
-355
-554
-734
-831
-869
-912
-960
-927
-824
-668
-481
-310
-123
97
366
664
924
1132
1299
1434
1502
1530
1589
1657
1710
1700
1648
1593
1525
1453
1358
1224
1064
860
639
409
168
-44
-216
-355
-487
-616
-690
-712
-704
-673
-608
-540
-497
-472
-472
-503
-553
-531
-433
-385
-376
-341
-300
-269
-304
-376
-445
-565
-710
-845
-993
-1172
-1305
-1297
-1232
-1202
-1155
-1065
-924
-727
-492
-243
-60
55
156
232
234
164
112
68
-58
-222
-334
-383
-369
-310
-243
-228
-248
-254
-220
-167
-148
-125
-72
-76
-118
-135
-95
14
157
313
448
570
713
867
1012
1111
1182
1228
1202
1106
998
905
800
663
458
206
-13
-177
-296
-409
-527
-624
-699
-737
-738
-709
-594
-418
-227
-82
2
126
291
444
564
602
568
506
441
386
298
167
29
-132
-308
-467
-616
-734
-835
-933
-1008
-1079
-1099
-1015
-882
-713
-540
-383
-169
68
304
566
795
978
1107
1206
1324
1406
1465
1515
1504
1479
1449
1420
1405
1339
1242
1140
993
825
654
475
312
136
-62
-248
-435
-566
-653
-738
-787
-822
-810
-742
-698
-629
-548
-427
-216
-82
-8
80
152
192
114
-43
-174
-322
-486
-690
-951
-1179
-1345
-1394
-1357
-1372
-1370
-1251
-1064
-854
-668
-494
-279
-165
-118
-79
-99
-79
-43
-5
8
-71
-116
-76
-35
24
47
82
112
61
48
35
3
15
-3
-87
-180
-229
-190
-127
-55
79
225
359
509
673
854
1002
1077
1152
1157
1090
1027
966
926
813
621
430
230
44
-123
-300
-427
-522
-616
-682
-716
-678
-601
-525
-433
-346
-277
-198
-118
-31
59
100
134
136
108
102
88
57
-37
-191
-323
-426
-546
-667
-779
-884
-1001
-1110
-1145
-1121
-1055
-920
-741
-527
-294
-69
203
500
765
991
1153
1278
1387
1445
1491
1533
1569
1590
1596
1610
1637
1661
1647
1612
1546
1447
1329
1190
1010
772
491
238
-22
-275
-485
-696
-861
-965
-995
-973
-913
-808
-590
-276
-4
195
357
508
639
699
632
457
204
-45
-296
-610
-961
-1289
-1485
-1577
-1676
-1751
-1760
-1701
-1558
-1390
-1249
-1114
-977
-838
-721
-663
-602
-523
-466
-409
-397
-377
-315
-288
-223
-140
-87
-20
4
38
42
-8
-14
-12
-36
-93
-169
-190
-142
-75
32
158
287
437
587
731
883
993
1100
1199
1212
1189
1163
1132
1080
973
829
677
524
378
204
18
-160
-311
-408
-497
-581
-630
-630
-622
-612
-585
-539
-449
-351
-279
-201
-133
-48
56
136
183
187
204
203
134
21
-137
-312
-464
-636
-841
-1001
-1102
-1165
-1178
-1119
-999
-818
-568
-308
-65
202
451
674
879
1020
1140
1256
1330
1392
1473
1544
1618
1697
1766
1789
1793
1827
1816
1751
1648
1487
1306
1075
781
482
186
-75
-331
-571
-773
-955
-1081
-1122
-1080
-1008
-872
-628
-356
-152
11
175
333
443
450
409
299
103
-104
-320
-567
-824
-1043
-1167
-1276
-1452
-1567
-1602
-1591
-1555
-1541
-1487
-1395
-1322
-1192
-1052
-949
-836
-731
-609
-529
-507
-424
-297
-220
-177
-153
-120
-68
-36
29
81
103
172
220
243
248
223
257
299
327
364
394
484
593
683
784
889
1021
1217
1367
1439
1508
1522
1517
1459
1328
1220
1048
847
646
395
148
-96
-298
-459
-647
-819
-928
-971
-962
-954
-936
-875
-805
-765
-703
-655
-562
-409
-280
-144
-71
10
120
160
147
63
-41
-159
-318
-484
-665
-842
-970
-1042
-1078
-1058
-987
-823
-592
-380
-171
38
261
486
654
788
934
1055
1189
1298
1362
1455
1547
1654
1753
1790
1826
1842
1821
1759
1613
1451
1261
1026
785
538
301
102
-66
-204
-361
-538
-644
-690
-726
-739
-686
-527
-316
-172
-61
69
206
313
341
287
160
-3
-141
-305
-552
-822
-1042
-1192
-1329
-1515
-1679
-1743
-1746
-1737
-1756
-1760
-1725
-1648
-1541
-1463
-1388
-1267
-1106
-939
-841
-786
-718
-622
-521
-454
-403
-324
-176
-3
135
228
328
457
538
556
530
511
529
526
503
467
451
511
632
764
880
978
1151
1370
1530
1633
1712
1812
1844
1763
1594
1383
1171
954
686
362
56
-183
-364
-516
-657
-765
-846
-882
-904
-932
-932
-892
-817
-776
-774
-764
-674
-506
-346
-208
-87
23
116
146
139
114
61
-10
-137
-300
-468
-622
-719
-785
-843
-886
-877
-822
-721
-599
-449
-263
-99
75
251
406
575
748
932
1097
1224
1350
1476
1592
1696
1751
1781
1811
1773
1703
1632
1539
1422
1257
1076
878
639
413
218
58
-93
-256
-375
-470
-562
-626
-634
-575
-483
-416
-374
-291
-157
-32
18
-12
-96
-198
-307
-452
-655
-881
-1077
-1232
-1372
-1527
-1662
-1764
-1825
-1851
-1877
-1895
-1872
-1795
-1667
-1563
-1479
-1349
-1180
-993
-847
-735
-625
-508
-393
-301
-203
-101
1
110
240
380
514
689
869
986
1034
1061
1083
1093
1036
936
880
844
847
874
929
1043
1181
1346
1521
1684
1805
1875
1933
1937
1838
1653
1452
1253
1005
696
375
107
-99
-288
-473
-622
-741
-856
-957
-1044
-1115
-1159
-1194
-1217
-1211
-1185
-1113
-1000
-866
-733
-589
-431
-299
-197
-117
-66
-54
-74
-148
-264
-395
-512
-603
-691
-780
-832
-821
-771
-727
-663
-532
-388
-241
-120
-6
138
272
406
547
684
822
937
1065
1210
1339
1439
1526
1610
1645
1654
1636
1617
1601
1539
1470
1383
1267
1126
951
770
565
358
131
-105
-318
-502
-647
-729
-763
-766
-705
-629
-518
-387
-302
-227
-195
-226
-278
-394
-536
-674
-857
-1041
-1218
-1352
-1431
-1515
-1628
-1727
-1806
-1855
-1917
-1966
-1949
-1920
-1842
-1730
-1608
-1434
-1232
-1016
-782
-587
-430
-248
-70
92
211
275
372
505
637
757
873
1012
1146
1246
1343
1407
1432
1442
1402
1355
1311
1279
1307
1338
1369
1421
1483
1572
1649
1672
1662
1610
1507
1367
1172
964
750
500
256
-11
-259
-433
-579
-702
-847
-997
-1109
-1207
-1268
-1327
-1392
-1465
-1515
-1500
-1449
-1374
-1264
-1112
-960
-826
-701
-562
-416
-307
-264
-262
-290
-331
-376
-444
-515
-593
-648
-662
-647
-574
-479
-385
-252
-148
-43
63
166
292
387
467
547
635
741
882
1043
1222
1398
1535
1660
1777
1875
1958
1985
1960
1919
1849
1750
1632
1499
1370
1211
1027
811
575
348
118
-103
-311
-530
-718
-827
-855
-840
-792
-710
-620
-517
-433
-365
-318
-325
-366
-455
-598
-774
-950
-1100
-1237
-1368
-1474
-1561
-1665
-1757
-1798
-1803
-1783
-1751
-1715
-1642
-1548
-1446
-1307
-1140
-953
-751
-567
-407
-268
-142
-11
112
226
345
471
601
733
861
990
1114
1262
1384
1440
1487
1514
1518
1495
1439
1399
1380
1349
1309
1292
1298
1333
1384
1411
1398
1355
1302
1235
1124
978
810
609
375
119
-138
-379
-603
-808
-1012
-1222
-1413
-1564
-1657
-1736
-1816
-1866
-1875
-1845
-1770
-1654
-1521
-1369
-1198
-1030
-872
-718
-578
-456
-384
-377
-382
-414
-460
-485
-499
-507
-517
-500
-446
-351
-227
-80
47
138
218
280
336
372
396
438
491
543
607
722
891
1091
1294
1498
1675
1816
1925
2008
2061
2055
2009
1932
1834
1729
1610
1487
1352
1207
1052
877
685
484
282
78
-116
-319
-506
-636
-711
-730
-703
-641
-558
-471
-402
-351
-316
-313
-349
-437
-576
-759
-945
-1123
-1298
-1475
-1623
-1722
-1824
-1890
-1885
-1831
-1753
-1682
-1594
-1477
-1366
-1271
-1145
-1010
-881
-746
-603
-458
-334
-194
-21
154
300
432
566
703
823
923
1015
1088
1155
1209
1238
1263
1269
1283
1296
1296
1285
1262
1255
1234
1199
1158
1118
1103
1069
1001
916
845
772
672
547
398
234
45
-153
-354
-573
-799
-990
-1155
-1332
-1510
-1642
-1707
-1756
-1803
-1824
-1794
-1711
-1605
-1467
-1312
-1139
-935
-742
-586
-472
-383
-305
-267
-278
-312
-354
-388
-402
-369
-320
-276
-195
-89
15
102
184
265
314
319
300
298
310
323
383
478
597
765
982
1215
1447
1678
1895
2088
2216
2295
2336
2350
2322
2238
2135
2018
1888
1749
1620
1484
1321
1164
986
759
517
268
13
-252
-503
-719
-878
-968
-991
-957
-886
-794
-712
-634
-590
-590
-636
-731
-868
-1044
-1246
-1460
-1642
-1779
-1897
-1973
-1990
-1968
-1923
-1848
-1737
-1635
-1559
-1482
-1395
-1310
-1224
-1126
-1012
-881
-731
-590
-453
-308
-138
44
211
362
520
689
812
908
999
1080
1145
1194
1228
1237
1237
1236
1216
1186
1146
1106
1072
1025
975
923
883
878
880
854
823
802
775
699
589
473
329
168
2
-172
-357
-553
-715
-858
-1019
-1172
-1280
-1345
-1394
-1430
-1447
-1438
-1402
-1336
-1258
-1163
-1057
-939
-809
-681
-570
-472
-386
-314
-253
-208
-174
-152
-140
-136
-126
-112
-85
-37
14
67
135
221
302
359
400
444
503
564
625
696
800
927
1079
1245
1399
1586
1787
1963
2102
2184
2228
2240
2216
2157
2058
1922
1771
1619
1458
1295
1140
987
801
571
355
149
-48
-246
-436
-612
-807
-952
-1026
-1042
-1006
-969
-912
-857
-841
-852
-886
-953
-1054
-1200
-1358
-1507
-1672
-1801
-1881
-1926
-1933
-1936
-1926
-1861
-1767
-1670
-1569
-1486
-1408
-1319
-1245
-1158
-1055
-935
-783
-650
-508
-340
-174
6
181
357
520
641
744
853
943
1003
1065
1134
1188
1216
1231
1251
1288
1300
1266
1227
1178
1127
1066
986
914
864
832
786
727
689
657
598
515
385
231
90
-64
-204
-334
-476
-587
-670
-767
-851
-907
-965
-1018
-1073
-1140
-1191
-1221
-1221
-1176
-1106
-1024
-941
-817
-672
-564
-463
-354
-268
-199
-166
-166
-167
-174
-192
-199
-179
-137
-75
20
115
213
345
460
545
627
688
744
805
848
887
937
1001
1096
1208
1323
1461
1618
1779
1911
2011
2092
2134
2120
2059
1961
1831
1690
1530
1344
1169
984
801
607
365
148
-42
-269
-475
-669
-842
-988
-1140
-1204
-1220
-1236
-1199
-1154
-1098
-1059
-1083
-1081
-1121
-1229
-1333
-1475
-1619
-1750
-1879
-1946
-1980
-1997
-1936
-1862
-1792
-1689
-1570
-1437
-1340
-1300
-1238
-1177
-1147
-1092
-1023
-910
-770
-618
-412
-221
-46
160
358
546
698
786
899
980
1041
1141
1218
1313
1390
1448
1528
1579
1629
1657
1627
1574
1469
1337
1237
1107
963
840
704
608
534
472
449
417
385
351
300
260
204
106
25
-81
-227
-358
-506
-626
-736
-850
-928
-1013
-1087
-1126
-1141
-1124
-1085
-1032
-931
-818
-711
-613
-513
-423
-370
-320
-274
-268
-281
-286
-293
-293
-264
-223
-159
-71
37
174
294
398
456
478
515
536
556
575
582
610
636
697
797
898
1032
1178
1335
1482
1616
1729
1806
1843
1821
1753
1635
1514
1380
1217
1069
899
728
555
361
182
-17
-225
-429
-622
-797
-966
-1097
-1154
-1182
-1167
-1108
-1026
-944
-899
-880
-909
-965
-1071
-1221
-1361
-1531
-1697
-1799
-1860
-1863
-1825
-1719
-1561
-1410
-1261
-1116
-985
-889
-824
-789
-776
-755
-744
-724
-649
-555
-440
-276
-85
94
270
466
654
814
936
1034
1135
1208
1266
1339
1417
1510
1573
1648
1718
1739
1745
1721
1657
1535
1359
1184
1011
844
695
572
478
403
336
276
225
161
94
43
-13
-93
-183
-266
-352
-448
-554
-669
-775
-881
-992
-1071
-1135
-1192
-1224
-1231
-1197
-1150
-1095
-1001
-912
-839
-769
-712
-662
-619
-582
-538
-491
-462
-439
-416
-396
-381
-371
-351
-307
-239
-156
-39
91
203
306
396
480
538
562
598
636
678
748
830
920
1039
1181
1319
1463
1583
1661
1730
1767
1767
1739
1677
1618
1559
1481
1380
1266
1139
984
803
588
373
153
-79
-268
-463
-644
-784
-907
-950
-952
-940
-886
-855
-832
-827
-881
-943
-1035
-1176
-1307
-1423
-1540
-1611
-1656
-1650
-1612
-1556
-1416
-1269
-1112
-951
-830
-737
-712
-718
-714
-733
-722
-697
-654
-557
-459
-334
-187
-55
102
249
385
537
647
741
829
887
959
1010
1062
1145
1229
1330
1405
1442
1449
1422
1354
1249
1120
975
823
657
492
335
229
177
141
114
96
90
77
80
65
1
-64
-152
-241
-343
-461
-570
-679
-790
-899
-990
-1043
-1065
-1077
-1086
-1084
-1077
-1069
-1025
-971
-887
-795
-690
-580
-492
-405
-336
-281
-238
-212
-207
-199
-209
-203
-193
-179
-153
-132
-83
-20
72
163
264
359
452
540
614
725
824
914
1034
1142
1246
1356
1450
1564
1644
1700
1749
1765
1777
1767
1730
1674
1596
1485
1382
1241
1097
938
742
546
322
118
-96
-300
-474
-630
-768
-867
-927
-946
-927
-919
-892
-884
-925
-960
-1011
-1094
-1176
-1264
-1341
-1410
-1445
-1429
-1421
-1384
-1322
-1249
-1155
-1071
-982
-916
-869
-836
-852
-858
-867
-877
-854
-836
-799
-738
-667
-544
-401
-237
-59
118
283
432
574
722
851
961
1067
1128
1205
1247
1280
1334
1332
1315
1269
1201
1118
1019
913
823
716
591
507
422
351
299
256
224
176
134
100
66
17
-35
-95
-179
-269
-376
-477
-580
-674
-755
-830
-889
-932
-978
-1000
-1014
-1032
-1021
-995
-939
-868
-786
-678
-579
-481
-390
-303
-214
-151
-105
-76
-48
-50
-74
-75
-85
-81
-49
8
95
206
328
456
584
673
780
855
907
991
1041
1088
1127
1157
1190
1212
1265
1339
1406
1447
1470
1487
1483
1448
1416
1365
1279
1192
1083
969
835
692
568
423
261
86
-100
-269
-419
-547
-665
-782
-865
-909
-946
-974
-990
-999
-1026
-1080
-1131
-1211
-1309
-1387
-1456
-1522
-1572
-1597
-1590
-1553
-1485
-1406
-1306
-1216
-1115
-1010
-958
-905
-884
-886
-872
-878
-856
-821
-779
-695
-584
-450
-292
-118
71
271
448
631
812
954
1091
1204
1291
1343
1365
1386
1385
1368
1351
1297
1227
1139
1027
927
815
726
649
592
560
517
481
432
391
361
311
243
165
82
-6
-110
-219
-332
-443
-534
-631
-709
-785
-841
-878
-928
-949
-986
-1002
-1000
-977
-933
-877
-786
-684
-573
-468
-356
-248
-154
-77
-40
-27
-21
-35
-51
-73
-95
-88
-57
9
97
200
354
520
671
815
908
974
1024
1030
1011
979
945
923
914
907
929
969
1028
1115
1203
1276
1315
1326
1308
1261
1192
1099
1000
885
742
596
456
287
127
-22
-203
-367
-521
-678
-793
-860
-923
-937
-920
-945
-930
-931
-960
-976
-1024
-1081
-1159
-1260
-1339
-1389
-1428
-1454
-1466
-1440
-1387
-1322
-1233
-1149
-1059
-949
-890
-842
-800
-787
-748
-741
-745
-709
-684
-623
-524
-443
-322
-205
-69
116
251
389
554
705
862
1002
1110
1218
1317
1385
1433
1452
1460
1465
1427
1366
1258
1125
1014
896
822
764
697
680
667
624
578
527
491
456
369
264
165
47
-68
-182
-298
-400
-507
-610
-702
-809
-905
-975
-1021
-1045
-1095
-1154
-1160
-1113
-1028
-946
-857
-731
-603
-474
-356
-258
-166
-109
-74
-83
-120
-144
-159
-143
-133
-125
-80
-4
124
280
439
579
699
804
859
881
890
904
923
899
839
783
757
763
781
811
854
914
996
1077
1138
1168
1199
1224
1224
1181
1081
982
854
717
557
363
190
24
-130
-284
-459
-634
-783
-885
-962
-1045
-1105
-1118
-1091
-1073
-1077
-1069
-1060
-1054
-1097
-1165
-1195
-1213
-1201
-1202
-1212
-1215
-1208
-1122
-1012
-905
-819
-776
-727
-691
-671
-661
-647
-626
-603
-600
-619
-599
-524
-384
-257
-175
-109
-5
147
309
453
585
743
891
997
1080
1169
1285
1386
1426
1415
1362
1304
1271
1219
1122
975
825
724
641
559
502
479
486
486
446
397
377
373
361
279
129
-1
-119
-209
-299
-402
-476
-544
-618
-690
-767
-821
-842
-871
-924
-1000
-1050
-1034
-978
-897
-821
-743
-634
-523
-412
-326
-261
-186
-142
-145
-202
-259
-280
-264
-241
-233
-187
-118
5
157
299
451
577
683
745
766
777
775
779
756
737
722
742
805
876
958
1027
1092
1168
1245
1291
1300
1294
1284
1236
1139
1010
880
748
592
412
199
8
-162
-334
-486
-648
-805
-928
-1026
-1096
-1154
-1191
-1171
-1116
-1057
-1018
-1000
-985
-965
-968
-1010
-1030
-1035
-1022
-998
-981
-957
-900
-795
-674
-574
-510
-467
-426
-397
-392
-398
-401
-395
-407
-442
-473
-472
-413
-322
-227
-143
-56
61
212
387
557
705
842
963
1049
1119
1172
1231
1294
1308
1279
1232
1193
1158
1113
1035
942
833
719
635
571
551
530
511
502
457
415
390
377
352
267
118
-43
-194
-344
-466
-577
-666
-740
-832
-917
-968
-1002
-1008
-1000
-1035
-1076
-1105
-1100
-1030
-975
-919
-845
-774
-680
-589
-509
-430
-374
-334
-335
-374
-402
-402
-364
-288
-211
-126
-18
98
248
398
523
630
694
721
713
680
656
648
641
640
650
685
752
837
945
1059
1158
1239
1291
1307
1309
1290
1252
1203
1100
983
868
732
604
446
265
101
-72
-239
-404
-577
-719
-845
-948
-1005
-1035
-1025
-994
-934
-843
-777
-720
-664
-627
-604
-617
-645
-652
-667
-669
-655
-652
-628
-580
-507
-414
-359
-345
-345
-370
-401
-463
-538
-606
-674
-726
-752
-728
-649
-535
-382
-224
-64
90
245
413
562
677
760
831
896
947
995
1046
1099
1139
1166
1164
1129
1109
1062
1005
916
787
672
554
464
394
324
278
230
189
172
144
110
54
-33
-127
-246
-378
-513
-648
-765
-874
-970
-1056
-1124
-1162
-1168
-1152
-1150
-1143
-1135
-1106
-1049
-979
-892
-803
-716
-610
-508
-421
-332
-256
-172
-117
-101
-81
-59
-16
20
62
112
159
236
326
437
536
614
676
699
732
746
743
749
748
771
806
852
928
1010
1098
1180
1254
1305
1330
1334
1345
1347
1326
1283
1200
1113
1000
888
754
598
440
247
59
-132
-312
-480
-654
-809
-933
-1016
-1044
-1039
-1028
-1001
-956
-890
-821
-769
-728
-696
-681
-678
-696
-727
-724
-719
-674
-618
-595
-557
-526
-497
-466
-476
-514
-559
-639
-698
-752
-799
-812
-830
-803
-759
-682
-557
-420
-251
-84
46
173
278
360
448
504
559
619
661
716
783
849
923
992
1031
1044
1014
967
917
826
728
613
503
416
339
310
307
309
318
323
325
316
278
200
111
-4
-147
-299
-457
-597
-731
-842
-918
-981
-1031
-1063
-1083
-1078
-1075
-1054
-1011
-963
-882
-801
-710
-595
-505
-410
-302
-223
-132
-81
-45
-15
-22
3
31
62
109
148
204
282
353
441
520
588
664
697
729
751
765
794
828
868
901
954
1009
1078
1156
1211
1267
1297
1307
1315
1299
1266
1224
1151
1076
978
849
710
550
390
204
8
-191
-366
-518
-647
-753
-862
-924
-956
-969
-956
-966
-977
-976
-984
-964
-924
-901
-860
-839
-825
-776
-746
-678
-607
-553
-512
-517
-518
-522
-508
-508
-539
-605
-701
-757
-811
-822
-800
-774
-698
-624
-525
-396
-274
-123
22
138
244
306
357
441
498
561
598
605
648
665
702
747
762
785
787
758
722
644
576
520
446
393
346
312
313
309
332
375
411
460
475
452
391
300
197
86
-36
-166
-310
-463
-600
-693
-743
-776
-790
-798
-797
-785
-775
-735
-702
-652
-587
-536
-476
-429
-357
-256
-148
-40
30
63
100
143
170
187
182
182
177
154
173
208
265
304
344
419
457
479
504
557
620
648
669
705
746
798
833
855
900
944
1008
1056
1074
1116
1135
1134
1088
1015
950
831
703
555
382
188
-20
-211
-394
-592
-788
-938
-1049
-1140
-1214
-1219
-1182
-1145
-1094
-1054
-1026
-994
-931
-812
-723
-674
-641
-606
-553
-482
-409
-374
-370
-369
-368
-413
-499
-571
-621
-636
-672
-735
-775
-799
-773
-685
-577
-483
-359
-210
-72
42
125
234
337
404
442
442
453
485
551
615
666
739
791
830
859
883
890
881
856
791
694
563
422
350
344
326
312
335
352
341
337
385
444
449
398
292
149
-2
-141
-256
-388
-509
-587
-684
-772
-796
-797
-777
-747
-747
-757
-757
-750
-726
-684
-618
-549
-485
-391
-295
-204
-93
-6
55
86
62
60
75
66
62
33
13
10
38
97
154
232
304
360
408
464
494
498
535
553
563
583
611
648
685
742
810
884
983
1066
1116
1171
1186
1173
1146
1079
970
833
667
470
278
86
-113
-298
-466
-635
-783
-882
-958
-988
-991
-974
-954
-957
-931
-888
-862
-798
-713
-660
-584
-508
-430
-346
-258
-170
-122
-96
-89
-112
-140
-182
-265
-351
-457
-559
-622
-675
-681
-655
-609
-549
-491
-390
-275
-156
-26
68
111
160
214
261
323
368
407
429
442
476
529
601
663
698
712
689
652
636
581
535
492
413
321
263
226
195
217
239
248
250
247
247
242
233
187
105
25
-76
-185
-268
-360
-441
-499
-570
-632
-675
-718
-726
-719
-748
-776
-777
-748
-707
-651
-561
-480
-387
-285
-198
-91
22
96
157
199
201
180
154
115
81
69
45
27
16
20
46
88
127
162
221
250
273
306
326
365
416
466
531
606
672
758
878
979
1073
1175
1238
1265
1278
1253
1180
1083
959
808
636
435
211
6
-175
-354
-500
-624
-717
-773
-812
-816
-796
-761
-700
-632
-579
-548
-518
-489
-465
-445
-429
-421
-442
-407
-351
-318
-257
-237
-227
-213
-237
-261
-314
-404
-498
-605
-705
-760
-805
-801
-740
-689
-592
-457
-336
-187
-32
88
192
245
275
287
268
278
278
296
318
295
299
309
315
346
368
364
366
342
302
290
254
228
223
192
182
183
180
214
236
256
276
258
246
215
181
155
117
83
41
-19
-88
-160
-233
-293
-336
-372
-403
-441
-493
-538
-557
-545
-503
-431
-339
-250
-152
-52
23
101
153
177
200
189
168
156
124
78
35
-38
-91
-108
-132
-126
-120
-104
-60
-22
9
64
136
198
257
303
350
414
467
517
582
652
730
815
919
1017
1101
1189
1225
1236
1202
1123
1031
893
748
570
360
164
-44
-231
-418
-596
-729
-837
-908
-948
-941
-897
-835
-756
-694
-638
-584
-534
-490
-460
-445
-454
-468
-481
-500
-493
-458
-420
-359
-301
-277
-279
-313
-360
-438
-521
-590
-667
-728
-759
-751
-691
-605
-491
-323
-148
11
164
300
411
482
539
568
559
543
508
474
435
390
364
345
333
319
312
302
279
258
231
193
149
113
101
111
124
137
173
192
193
200
204
209
207
202
183
159
123
82
54
9
-48
-96
-149
-214
-262
-301
-347
-369
-370
-376
-377
-354
-337
-295
-220
-163
-92
-18
38
80
112
113
85
61
11
-52
-96
-141
-172
-175
-166
-157
-144
-130
-111
-78
-43
-1
45
81
116
161
205
257
317
368
445
514
583
689
783
865
939
998
1024
1017
1006
939
848
758
632
504
370
225
86
-42
-163
-296
-422
-542
-667
-751
-799
-819
-797
-762
-701
-634
-565
-494
-434
-377
-347
-319
-297
-302
-283
-267
-250
-233
-232
-231
-247
-259
-278
-311
-353
-419
-490
-565
-630
-682
-698
-665
-618
-531
-411
-270
-111
33
165
290
377
441
497
538
560
563
571
552
515
484
441
401
371
322
284
235
171
122
80
46
25
24
25
41
67
79
98
116
122
135
157
170
182
192
172
150
115
57
10
-31
-67
-80
-87
-100
-111
-124
-146
-157
-169
-201
-186
-179
-169
-124
-91
-51
-21
29
50
66
80
60
54
1
-54
-103
-173
-227
-264
-303
-342
-350
-368
-378
-368
-361
-321
-276
-216
-159
-92
-24
26
98
174
245
332
418
503
585
653
737
799
851
913
930
934
916
867
799
718
615
502
396
262
127
-2
-143
-294
-404
-511
-609
-658
-693
-696
-678
-626
-568
-504
-423
-360
-282
-217
-157
-99
-67
-26
-14
-20
-19
-46
-86
-138
-198
-266
-345
-405
-457
-499
-547
-566
-589
-609
-588
-565
-507
-426
-319
-193
-61
81
218
364
493
580
653
721
728
727
713
676
633
572
507
424
342
257
179
114
38
-26
-62
-101
-140
-140
-138
-144
-135
-124
-124
-119
-126
-124
-103
-124
-130
-131
-148
-162
-171
-174
-178
-183
-186
-184
-188
-206
-208
-185
-170
-159
-127
-85
-60
-37
2
36
70
100
124
162
184
190
185
164
123
64
26
-28
-83
-115
-156
-181
-207
-226
-238
-266
-304
-336
-358
-378
-363
-325
-268
-181
-90
8
115
207
304
402
489
562
623
685
742
779
832
869
874
869
835
800
741
658
594
508
401
290
162
35
-92
-212
-309
-391
-464
-491
-495
-475
-421
-368
-299
-221
-155
-90
-38
5
36
43
49
14
-36
-85
-157
-215
-273
-338
-385
-450
-512
-546
-584
-620
-641
-652
-650
-599
-557
-493
-413
-348
-239
-124
-4
135
257
368
455
495
511
512
506
486
462
441
404
348
285
231
179
131
80
25
-49
-108
-162
-221
-251
-256
-255
-229
-194
-198
-202
-206
-206
-183
-162
-133
-91
-60
-23
0
16
36
55
62
62
82
68
78
83
74
67
44
36
28
28
29
42
51
56
58
55
73
70
74
78
40
6
-26
-68
-107
-135
-169
-184
-198
-227
-260
-292
-316
-338
-349
-367
-375
-350
-309
-245
-154
-34
91
209
332
402
462
520
547
584
615
629
644
660
660
648
628
595
557
503
436
350
252
150
30
-85
-202
-283
-333
-383
-403
-417
-414
-386
-351
-305
-258
-220
-179
-120
-81
-37
22
63
68
62
50
11
-7
-41
-96
-147
-217
-270
-312
-348
-384
-425
-450
-484
-503
-485
-455
-407
-348
-283
-210
-124
-21
75
175
263
328
376
393
430
454
450
458
462
438
410
399
365
334
298
248
188
117
46
-10
-65
-116
-136
-156
-183
-189
-185
-175
-170
-166
-155
-149
-131
-113
-103
-87
-88
-90
-78
-82
-73
-49
-20
-4
2
-10
-23
-41
-82
-106
-129
-151
-161
-149
-139
-128
-82
-36
31
81
107
143
137
113
86
56
21
-24
-61
-92
-142
-184
-238
-295
-344
-394
-416
-432
-413
-363
-311
-261
-202
-122
-36
63
183
298
385
471
540
582
621
642
669
701
724
746
748
732
700
673
621
537
442
334
236
131
39
-33
-107
-185
-246
-288
-320
-340
-347
-319
-302
-301
-278
-229
-175
-122
-56
-9
33
73
99
105
77
49
20
-31
-101
-171
-231
-309
-381
-441
-495
-528
-539
-540
-517
-488
-442
-365
-315
-269
-212
-150
-74
14
104
149
189
224
255
289
293
320
343
341
344
317
283
250
217
191
149
93
51
34
20
-2
-16
-22
-33
-23
-24
-36
-41
-67
-69
-101
-142
-176
-218
-239
-262
-263
-264
-267
-256
-236
-206
-188
-156
-130
-125
-126
-150
-164
-155
-143
-111
-71
-55
-44
-31
-27
-5
13
28
53
69
83
92
95
84
71
48
4
-42
-96
-156
-203
-241
-276
-286
-281
-260
-211
-149
-75
7
82
155
225
284
344
405
472
533
562
600
644
685
726
757
796
811
788
734
678
607
513
433
343
258
162
65
-12
-101
-173
-216
-235
-253
-249
-226
-198
-164
-125
-81
-37
1
40
94
122
136
141
119
99
46
-25
-105
-200
-297
-399
-490
-581
-641
-677
-697
-699
-702
-684
-649
-612
-567
-501
-424
-334
-251
-162
-54
22
100
176
228
269
290
313
325
329
325
319
299
256
213
163
101
38
-3
-49
-92
-128
-159
-171
-177
-174
-161
-144
-136
-135
-144
-163
-185
-204
-216
-228
-223
-216
-214
-204
-198
-189
-180
-184
-186
-187
-188
-181
-180
-169
-148
-130
-94
-81
-49
-15
4
52
79
111
144
172
211
231
246
254
267
275
271
263
254
234
205
177
133
87
36
-3
-28
-48
-51
-35
12
61
123
191
254
311
352
408
453
491
546
600
658
696
728
755
745
727
690
624
550
446
327
212
84
-38
-140
-229
-306
-355
-388
-417
-436
-437
-438
-436
-409
-363
-302
-230
-158
-86
-5
51
74
99
84
49
15
-33
-88
-143
-186
-235
-290
-334
-387
-450
-503
-551
-591
-624
-637
-615
-596
-553
-492
-423
-341
-275
-197
-124
-78
-20
42
81
122
175
219
248
278
296
286
261
228
179
134
105
69
34
15
-10
-42
-67
-85
-105
-132
-138
-129
-123
-92
-57
-41
-22
3
22
22
35
51
59
81
96
88
92
87
61
46
16
-19
-44
-67
-80
-92
-97
-100
-100
-84
-61
-37
-11
9
36
66
79
108
146
168
183
198
204
207
204
182
168
146
116
91
68
51
39
39
41
34
36
50
78
110
146
193
247
301
359
405
436
463
483
491
491
489
487
468
433
391
335
269
198
106
16
-71
-161
-242
-305
-348
-391
-425
-438
-440
-420
-390
-368
-338
-308
-277
-231
-184
-132
-76
-24
16
31
41
37
12
-18
-67
-117
-170
-232
-294
-354
-408
-475
-531
-561
-567
-551
-525
-487
-444
-387
-327
-262
-198
-142
-59
19
83
150
217
282
327
365
378
382
399
388
363
361
340
299
281
248
189
142
103
68
48
19
3
5
5
13
38
56
68
83
95
101
92
81
84
80
75
64
43
27
10
-10
-45
-63
-82
-111
-136
-161
-170
-177
-183
-193
-198
-201
-220
-226
-228
-222
-223
-208
-170
-149
-108
-51
0
44
73
113
151
169
174
178
172
155
123
93
71
32
8
-1
-6
-12
-15
10
47
64
83
128
167
193
209
225
256
273
269
294
316
313
316
308
292
264
207
156
98
26
-41
-109
-165
-213
-260
-271
-272
-282
-257
-227
-198
-156
-116
-66
-36
-18
9
20
29
44
39
27
7
-18
-47
-93
-135
-185
-244
-291
-353
-411
-446
-473
-476
-456
-430
-387
-320
-261
-208
-143
-77
-17
40
102
156
203
256
305
350
403
455
482
508
528
531
528
498
462
408
354
312
255
187
106
39
-19
-71
-108
-132
-146
-145
-134
-124
-118
-84
-54
-37
-14
-7
-7
-6
-7
-32
-67
-101
-119
-144
-177
-198
-214
-234
-252
-259
-272
-280
-288
-289
-295
-310
-303
-290
-272
-267
-250
-225
-201
-155
-112
-51
18
73
137
179
207
217
211
216
216
204
178
165
148
123
115
107
121
139
150
172
190
202
216
248
254
249
249
240
243
235
220
220
222
222
229
216
194
182
162
141
111
75
36
-10
-72
-126
-160
-200
-210
-204
-199
-175
-159
-148
-130
-117
-116
-95
-70
-51
-24
-18
-5
1
-14
-21
-46
-87
-127
-176
-227
-286
-345
-407
-453
-486
-503
-499
-486
-460
-415
-353
-291
-206
-129
-58
21
88
169
230
283
329
366
391
414
427
429
440
422
398
367
313
266
219
177
149
110
77
40
-6
-38
-71
-97
-106
-102
-97
-99
-95
-76
-57
-24
5
26
47
50
51
49
32
13
-13
-51
-82
-118
-141
-154
-182
-214
-227
-254
-275
-279
-289
-277
-268
-260
-248
-247
-234
-196
-159
-112
-64
-17
52
113
163
207
238
253
262
257
235
204
174
148
107
68
49
46
39
58
74
95
115
119
137
133
120
119
122
118
104
99
112
124
143
153
170
190
180
177
144
102
63
25
-12
-47
-85
-107
-100
-108
-108
-116
-120
-113
-121
-128
-136
-149
-145
-149
-141
-105
-78
-45
-14
8
37
38
34
29
-17
-65
-104
-160
-207
-249
-286
-319
-361
-387
-388
-365
-322
-261
-194
-135
-75
-7
58
110
147
177
207
233
277
320
358
395
414
421
411
411
393
360
327
276
222
162
111
66
16
-22
-57
-93
-110
-120
-108
-93
-91
-75
-67
-40
-22
5
36
43
61
49
36
27
-3
-30
-66
-94
-118
-135
-150
-162
-172
-188
-198
-215
-222
-236
-249
-259
-279
-292
-307
-296
-273
-242
-206
-167
-104
-38
32
98
158
197
227
254
267
278
277
271
253
213
170
137
92
68
63
50
56
60
79
97
107
123
115
123
133
142
152
154
163
155
149
148
133
120
105
77
38
-7
-50
-85
-113
-131
-144
-149
-152
-152
-153
-159
-160
-172
-179
-194
-213
-224
-238
-240
-227
-190
-143
-82
-20
26
58
70
64
37
6
-37
-85
-130
-180
-222
-252
-272
-277
-247
-203
-138
-63
3
66
105
142
160
165
167
167
183
209
244
294
335
372
401
409
420
406
386
352
306
269
219
175
142
114
83
67
56
37
39
39
32
35
27
37
46
51
70
74
81
86
77
74
45
17
-14
-70
-121
-174
-232
-288
-323
-349
-375
-381
-396
-412
-430
-456
-465
-473
-463
-455
-441
-403
-369
-327
-277
-229
-169
-107
-38
28
88
137
162
180
172
154
134
94
66
30
-4
-21
-47
-58
-61
-65
-60
-56
-47
-42
-38
-23
-4
13
37
65
87
113
142
162
191
211
223
229
215
206
188
153
121
85
58
33
5
-12
-23
-28
-39
-53
-69
-85
-95
-106
-110
-112
-94
-64
-31
9
47
100
140
177
214
236
253
259
255
236
198
145
100
63
31
6
-12
-16
-13
-7
8
27
54
77
92
96
94
99
109
125
154
191
223
255
285
312
342
354
354
332
288
228
167
104
40
-20
-78
-129
-173
-206
-230
-244
-239
-232
-220
-204
-182
-154
-138
-110
-87
-74
-61
-62
-70
-82
-98
-108
-127
-151
-180
-220
-247
-273
-293
-318
-348
-379
-406
-425
-435
-434
-424
-411
-392
-366
-332
-286
-237
-175
-115
-47
10
48
91
118
152
170
173
179
158
140
118
93
78
55
42
34
18
10
1
1
4
5
21
36
54
78
105
133
153
174
197
225
249
267
294
306
313
315
312
306
287
263
237
204
162
124
101
70
42
15
-4
-17
-31
-39
-48
-55
-61
-58
-54
-53
-49
-32
-7
20
49
75
97
109
98
89
71
33
0
-41
-75
-106
-119
-114
-116
-110
-107
-96
-75
-61
-36
-14
0
22
46
64
86
108
147
196
232
266
293
298
288
258
218
175
122
80
42
-7
-41
-72
-100
-134
-180
-204
-227
-237
-240
-239
-230
-219
-212
-207
-195
-199
-188
-163
-148
-126
-120
-114
-110
-127
-139
-162
-182
-187
-195
-205
-222
-241
-253
-266
-282
-293
-294
-283
-259
-245
-223
-186
-155
-104
-67
-29
19
54
96
131
152
168
176
181
183
170
161
155
150
145
133
123
107
96
89
83
79
73
82
96
100
100
107
119
141
167
190
227
260
286
313
332
343
349
340
318
290
251
207
154
113
73
27
-5
-32
-44
-52
-57
-61
-65
-78
-85
-89
-96
-83
-70
-54
-41
-32
-10
13
25
38
44
39
16
-29
-69
-118
-155
-193
-228
-239
-253
-237
-214
-193
-164
-141
-118
-102
-84
-81
-72
-61
-49
-17
12
51
96
143
186
205
207
209
209
196
182
157
122
84
46
10
-22
-52
-71
-80
-90
-90
-94
-100
-104
-112
-105
-100
-102
-88
-78
-62
-46
-42
-39
-40
-33
-43
-53
-60
-72
-81
-96
-104
-117
-128
-143
-157
-165
-181
-194
-201
-217
-223
-211
-193
-167
-144
-104
-53
-17
26
66
96
136
173
208
231
237
233
226
211
181
156
133
114
108
108
103
96
86
75
70
63
56
56
65
82
94
106
122
138
154
164
173
179
182
182
183
175
155
139
126
111
84
69
50
26
11
-18
-28
-40
-63
-75
-85
-100
-116
-131
-136
-142
-143
-141
-133
-120
-113
-103
-81
-67
-71
-75
-97
-122
-150
-163
-168
-192
-208
-224
-220
-218
-210
-187
-164
-130
-113
-88
-77
-68
-40
-10
24
42
67
104
131
145
160
165
178
197
207
230
237
231
207
173
136
90
54
18
-7
-31
-42
-46
-53
-45
-36
-35
-35
-35
-35
-24
-11
2
13
24
36
43
35
26
16
7
-2
-19
-32
-38
-43
-67
-85
-107
-135
-156
-178
-178
-167
-153
-140
-137
-134
-129
-118
-104
-89
-65
-17
30
57
87
119
142
144
139
135
119
109
103
95
88
77
54
36
29
21
18
24
17
13
23
30
30
39
43
54
75
91
111
130
157
170
168
167
155
138
124
108
89
71
56
39
25
8
-9
-26
-50
-86
-121
-130
-141
-164
-169
-158
-157
-159
-145
-126
-118
-111
-104
-92
-88
-103
-111
-117
-134
-149
-156
-165
-177
-194
-200
-191
-190
-190
-186
-173
-151
-128
-112
-81
-53
-25
23
60
94
132
169
206
232
265
308
329
344
361
360
349
324
292
261
221
175
141
105
81
56
23
-3
-23
-42
-65
-81
-82
-83
-83
-77
-69
-57
-49
-42
-23
-13
-8
6
26
42
40
37
32
10
-11
-24
-37
-53
-70
-84
-101
-121
-141
-161
-191
-207
-209
-216
-210
-199
-188
-164
-132
-103
-75
-38
-2
40
75
97
115
127
132
139
151
151
152
151
136
114
93
74
50
34
11
-1
-1
-4
3
20
26
25
27
14
8
4
-5
0
19
30
41
51
57
60
56
49
34
26
18
13
18
23
31
35
33
28
18
-2
-29
-58
-93
-119
-135
-143
-145
-143
-138
-134
-132
-125
-117
-126
-146
-174
-201
-218
-216
-200
-170
-134
-101
-81
-65
-47
-36
-14
3
33
74
117
166
210
240
266
287
302
313
315
320
320
308
293
271
246
220
201
174
132
85
34
-27
-81
-127
-172
-203
-226
-240
-251
-257
-259
-244
-227
-192
-156
-118
-63
-22
30
73
114
157
195
221
237
245
232
207
169
120
65
4
-60
-123
-179
-234
-271
-300
-316
-322
-326
-322
-304
-268
-232
-183
-127
-77
-28
18
61
104
140
170
189
187
178
164
146
132
118
107
96
79
53
27
-6
-25
-27
-31
-34
-39
-38
-32
-22
-16
-7
2
1
2
9
14
19
23
26
25
23
18
17
23
22
18
8
-5
-10
-10
-7
1
10
16
15
15
0
-14
-15
-22
-21
-23
-25
-18
-13
-1
9
14
20
20
12
6
-8
-12
-23
-40
-62
-91
-105
-110
-106
-99
-91
-83
-71
-53
-20
20
56
91
118
144
168
193
223
246
262
277
281
273
250
215
177
133
83
30
-14
-45
-60
-77
-81
-84
-102
-114
-135
-156
-165
-178
-182
-167
-162
-144
-114
-92
-68
-47
-29
-18
-2
15
45
71
82
84
63
49
33
3
-28
-63
-107
-149
-183
-210
-231
-251
-270
-274
-281
-270
-232
-195
-151
-100
-64
-38
-2
34
74
124
157
176
186
182
178
168
144
129
115
95
75
57
34
14
10
3
8
15
9
13
17
12
10
17
24
36
59
85
109
137
162
181
185
184
175
164
157
141
132
121
90
61
30
-3
-15
-24
-32
-29
-31
-42
-54
-67
-83
-81
-69
-57
-44
-35
-32
-33
-28
-23
-22
-28
-40
-57
-80
-103
-128
-144
-156
-154
-145
-140
-130
-120
-109
-97
-87
-75
-52
-28
-1
31
60
95
137
176
211
230
234
221
200
174
151
132
104
81
56
29
7
-16
-37
-64
-92
-123
-137
-139
-133
-118
-103
-89
-71
-53
-37
-30
-27
-22
-20
-14
-8
3
15
22
30
36
33
32
27
18
3
-29
-56
-91
-126
-155
-188
-208
-211
-198
-169
-146
-119
-89
-58
-24
6
41
83
133
183
226
258
277
280
267
249
211
166
116
69
35
15
11
6
7
3
-6
-20
-34
-49
-64
-69
-74
-72
-73
-77
-80
-79
-65
-47
-18
8
30
61
82
97
101
100
97
91
87
64
40
33
14
-4
-32
-57
-63
-65
-62
-57
-58
-59
-52
-47
-42
-44
-45
-38
-40
-36
-31
-33
-26
-24
-24
-27
-52
-82
-105
-119
-116
-119
-115
-109
-98
-85
-85
-83
-87
-80
-69
-49
-23
3
39
71
103
118
134
139
132
141
136
134
133
115
100
84
65
43
21
7
-6
-17
-27
-37
-45
-65
-75
-79
-90
-95
-86
-64
-45
-27
-9
16
40
48
68
81
83
87
88
90
87
74
68
53
29
5
-15
-27
-46
-62
-71
-74
-81
-87
-78
-64
-47
-24
4
33
66
93
112
126
136
146
151
151
148
134
120
94
59
26
-5
-31
-62
-87
-103
-126
-142
-157
-170
-166
-156
-143
-121
-96
-66
-40
-15
10
31
45
54
67
84
92
100
111
102
85
64
44
22
-4
-22
-36
-50
-64
-82
-95
-111
-134
-149
-155
-154
-155
-135
-108
-76
-50
-32
-12
-10
-9
-17
-19
-18
-27
-28
-23
-23
-25
-21
-21
-28
-34
-34
-33
-28
-17
-15
-9
-6
-17
-19
-18
-16
-7
10
35
63
88
122
144
162
178
183
182
184
192
181
180
176
159
152
130
106
85
59
42
28
8
4
-2
-9
-13
-25
-18
-21
-18
-5
-3
16
27
41
63
67
78
74
81
88
72
77
65
44
20
-8
-35
-74
-98
-121
-147
-152
-160
-158
-137
-116
-92
-73
-46
-19
4
33
64
78
85
86
87
80
61
43
16
-6
-25
-45
-58
-82
-110
-131
-152
-175
-190
-195
-192
-190
-194
-180
-164
-142
-116
-95
-72
-64
-52
-33
-19
-1
12
13
14
11
7
16
21
29
35
32
30
22
10
-1
-16
-37
-60
-72
-84
-88
-78
-67
-35
-8
22
57
80
105
112
122
127
117
105
99
88
79
78
83
85
87
94
98
97
101
91
76
54
25
4
-21
-35
-44
-47
-37
-24
3
30
59
95
116
126
136
139
138
131
119
107
79
59
38
19
11
2
-3
-5
-10
-16
-25
-37
-48
-59
-62
-72
-79
-78
-69
-60
-56
-45
-39
-29
-21
-20
-14
-9
0
6
5
-3
-8
-21
-37
-49
-60
-70
-73
-70
-77
-81
-80
-85
-88
-94
-93
-86
-71
-56
-37
-14
1
13
25
35
34
37
36
36
31
28
24
17
14
-1
-7
-19
-37
-48
-64
-73
-82
-77
-78
-72
-47
-30
-20
-4
4
3
6
5
15
24
35
46
54
68
69
68
70
67
68
70
66
67
57
37
18
0
-11
-21
-28
-36
-40
-32
-16
6
30
56
77
93
98
96
91
79
64
46
34
26
14
22
27
24
27
19
12
2
-11
-12
-16
-20
-30
-42
-39
-50
-53
-47
-50
-51
-50
-34
-19
0
11
23
35
35
37
38
39
33
25
24
16
10
12
13
13
-2
-21
-32
-45
-54
-58
-58
-55
-50
-43
-35
-35
-36
-33
-32
-34
-30
-21
-12
-15
-19
-22
-31
-38
-47
-57
-69
-90
-93
-92
-95
-81
-68
-50
-26
-9
9
24
32
39
46
45
41
50
60
56
49
51
53
61
61
65
66
55
49
34
24
11
-6
-10
-13
-15
-13
-7
0
5
13
11
5
4
-8
-19
-32
-38
-38
-34
-22
-19
5
24
45
68
78
99
100
109
117
107
102
88
72
54
27
5
-21
-36
-50
-61
-58
-55
-36
-14
-1
9
26
28
22
22
16
4
-17
-32
-49
-52
-53
-48
-33
-18
0
3
2
-2
-7
-9
-25
-37
-49
-59
-59
-65
-59
-41
-29
-18
-10
2
9
13
14
6
5
-3
-3
-9
-16
-14
-26
-32
-42
-41
-41
-46
-42
-38
-28
-13
-3
5
14
20
24
16
4
-11
-20
-25
-27
-23
-15
-15
-12
4
16
22
29
37
39
29
18
9
-3
-5
-5
9
18
17
23
16
8
-6
-18
-19
-16
-7
5
20
35
55
85
102
107
119
124
122
116
106
91
78
59
40
22
-3
-19
-34
-45
-63
-77
-74
-69
-57
-49
-41
-26
-23
-14
-14
-20
-27
-29
-21
-29
-37
-29
-27
-16
-13
-16
-13
-16
-18
-18
-19
-22
-23
-17
-26
-35
-27
-19
-4
8
18
26
33
34
31
30
28
31
37
35
26
16
2
-7
-16
-27
-26
-22
-16
-10
-9
3
11
16
18
5
-1
-15
-22
-29
-41
-40
-40
-30
-18
-13
0
3
11
11
7
5
-10
-15
-23
-30
-30
-31
-29
-27
-23
-9
-2
7
15
19
31
41
50
52
48
34
20
4
-3
0
0
3
5
4
6
7
10
11
9
13
7
5
0
0
7
13
21
27
28
31
33
39
38
29
18
-5
-19
-29
-41
-40
-38
-34
-29
-25
-15
0
22
49
60
69
73
77
74
63
48
31
17
7
6
2
-1
-5
-13
-26
-51
-79
-94
-106
-103
-90
-74
-54
-33
-14
-8
-4
-8
-18
-27
-36
-44
-47
-55
-53
-51
-54
-45
-35
-22
-4
9
26
42
50
53
56
46
40
41
33
34
36
40
49
54
52
52
49
44
40
30
20
12
8
2
2
-1
-6
-16
-30
-48
-74
-99
-117
-129
-132
-130
-126
-113
-96
-78
-51
-25
-5
14
28
47
63
66
62
49
27
10
-1
-14
-16
-12
-7
4
15
32
58
75
89
104
114
119
125
122
116
113
106
97
89
82
82
88
91
84
82
78
69
58
40
18
-6
-37
-66
-81
-90
-98
-98
-94
-83
-70
-55
-44
-32
-22
-11
-8
-12
-13
-12
-16
-20
-20
-23
-22
-18
-18
-15
-15
-11
-9
-3
8
17
23
20
11
0
-17
-35
-60
-83
-102
-116
-119
-120
-117
-118
-123
-122
-124
-117
-114
-105
-99
-92
-86
-79
-66
-57
-45
-37
-26
-14
4
34
57
76
92
105
112
108
102
99
97
96
93
94
94
87
76
68
52
42
36
35
43
54
63
68
66
60
52
39
25
22
13
11
10
3
6
3
6
8
-3
-10
-17
-31
-38
-50
-58
-59
-56
-44
-41
-40
-39
-45
-47
-52
-61
-64
-59
-47
-24
-11
3
18
28
41
45
48
53
48
42
27
10
0
-12
-11
-11
-3
7
16
28
33
34
36
39
33
41
48
47
57
59
52
48
29
7
-14
-37
-51
-59
-63
-69
-64
-53
-37
-26
-16
0
13
24
35
37
35
39
38
35
34
38
43
50
45
31
16
-4
-28
-49
-65
-70
-66
-62
-53
-42
-49
-53
-60
-71
-76
-85
-74
-66
-61
-49
-36
-30
-24
-15
-7
5
24
29
32
37
38
40
41
39
31
27
30
25
22
21
19
19
18
18
27
34
45
60
60
68
72
68
71
59
50
41
28
12
-1
-11
-11
-10
-12
-9
-19
-25
-33
-42
-42
-42
-34
-24
-20
-13
-8
-13
-20
-34
-50
-57
-65
-62
-55
-49
-39
-32
-29
-25
-25
-25
-18
-8
-4
-6
-7
-10
-9
-13
-15
-6
3
4
9
13
9
17
24
24
22
26
36
48
57
63
65
64
54
35
21
5
-9
-6
-6
-16
-18
-18
-26
-27
-20
-3
9
15
22
26
33
37
35
29
21
7
-1
-2
0
2
8
11
7
1
-2
-9
-6
-5
-9
-6
-11
-14
-10
-11
-13
-17
-23
-29
-41
-47
-41
-36
-29
-24
-28
-22
-15
-10
-5
-7
-10
-13
-22
-34
-36
-42
-44
-35
-25
-7
18
34
45
48
60
63
55
52
47
44
47
43
39
35
20
7
-4
-17
-25
-20
-20
-9
10
18
41
53
53
53
44
31
22
12
-1
-9
-11
-8
2
9
11
8
3
-1
-13
-27
-42
-60
-70
-72
-75
-67
-54
-50
-41
-33
-39
-40
-41
-46
-40
-31
-17
-4
10
17
21
23
12
4
-3
-16
-20
-18
-15
-8
-1
2
-1
3
7
15
32
51
68
90
112
123
131
127
108
87
64
31
10
-9
-25
-33
-38
-36
-41
-44
-44
-41
-27
-11
7
29
48
58
59
51
39
25
16
7
4
12
11
16
22
19
15
6
-2
-11
-17
-21
-29
-29
-31
-31
-35
-34
-34
-37
-35
-41
-48
-50
-48
-40
-25
-10
-4
-1
-9
-29
-45
-65
-85
-93
-99
-92
-88
-84
-78
-81
-76
-78
-73
-60
-46
-27
-6
11
22
33
29
24
23
7
-3
-11
-19
-18
-18
-17
-9
4
17
34
38
39
31
24
21
17
29
37
43
43
35
26
10
0
-9
-19
-18
-17
-7
11
19
27
26
27
28
18
21
16
14
19
14
12
14
19
21
34
42
44
65
87
107
127
147
149
150
150
138
126
110
95
74
58
46
37
39
36
38
45
48
47
51
51
44
35
23
19
14
8
-1
-18
-30
-48
-70
-90
-99
-103
-107
-98
-88
-76
-64
-56
-52
-55
-51
-54
-52
-47
-51
-49
-46
-46
-53
-59
-66
-77
-90
-97
-96
-98
-97
-94
-89
-92
-97
-92
-97
-90
-90
-89
-80
-69
-55
-38
-25
-16
-7
-6
-5
-8
-14
-11
-4
-1
0
5
13
21
26
24
28
26
25
27
31
32
22
22
25
29
34
40
52
59
56
61
58
49
49
48
51
51
48
55
68
72
74
78
78
77
64
57
48
48
51
48
55
55
55
55
55
47
38
30
20
15
7
14
16
17
20
19
18
5
-9
-18
-22
-32
-35
-31
-28
-16
-19
-21
-19
-23
-26
-29
-23
-21
-17
-12
-1
6
9
14
20
25
27
34
35
37
39
37
31
29
25
17
9
-9
-26
-46
-63
-74
-88
-98
-96
-93
-100
-97
-91
-89
-87
-91
-87
-82
-75
-63
-53
-36
-35
-31
-31
-44
-47
-51
-45
-39
-31
-18
-19
-27
-30
-38
-41
-46
-44
-35
-30
-22
-24
-21
-19
-23
-17
-18
-12
-6
1
0
-1
9
6
4
12
20
19
16
21
20
20
22
34
51
63
82
102
118
122
126
138
136
136
142
146
152
152
149
142
135
129
114
105
101
92
85
88
87
78
72
69
65
57
49
46
42
25
10
5
-4
-19
-26
-24
-29
-34
-37
-38
-38
-45
-37
-25
-20
-17
-9
-9
-14
-19
-30
-36
-40
-55
-67
-71
-78
-92
-99
-100
-105
-110
-109
-108
-112
-123
-128
-126
-130
-128
-115
-103
-101
-99
-96
-101
-105
-108
-108
-100
-92
-84
-73
-60
-50
-46
-41
-31
-19
-13
-11
-7
-4
-4
-6
-8
-9
-8
-4
-1
-3
-9
-13
-13
-10
-1
14
29
40
46
50
57
56
53
50
47
46
46
48
53
59
68
76
78
77
78
77
74
70
68
68
68
71
71
78
76
70
68
65
68
74
85
89
96
105
103
96
87
79
67
56
51
39
34
34
34
40
39
39
33
33
45
56
64
72
79
78
72
64
53
39
21
3
-11
-21
-31
-34
-35
-34
-35
-35
-34
-38
-42
-45
-52
-65
-82
-87
-95
-104
-110
-118
-121
-134
-143
-149
-152
-152
-152
-139
-132
-131
-123
-123
-123
-126
-129
-137
-147
-150
-151
-142
-142
-137
-129
-119
-108
-104
-90
-71
-51
-33
-18
-6
5
19
36
48
57
61
64
67
68
56
48
44
38
34
28
32
32
30
37
41
52
53
55
59
64
71
70
78
79
82
93
103
117
122
130
130
130
126
120
117
115
122
125
129
129
121
111
103
98
92
85
80
73
69
62
58
56
55
61
62
69
66
67
60
53
53
48
57
53
49
45
39
37
25
14
-5
-22
-31
-41
-40
-46
-55
-64
-71
-76
-82
-84
-86
-89
-94
-101
-102
-103
-100
-99
-99
-106
-121
-130
-137
-138
-134
-134
-136
-136
-137
-136
-133
-131
-132
-132
-130
-122
-110
-107
-99
-100
-104
-105
-104
-96
-94
-90
-79
-70
-60
-51
-39
-34
-36
-31
-23
-12
-8
-1
7
10
20
19
23
30
27
33
30
35
39
43
54
57
61
63
66
76
87
97
111
123
137
145
156
164
157
156
152
152
152
156
164
161
154
138
128
117
100
93
83
77
72
71
76
73
73
68
64
62
53
54
57
58
60
58
61
55
49
51
42
34
20
7
0
-10
-18
-23
-28
-36
-43
-47
-51
-54
-61
-66
-67
-70
-69
-67
-66
-65
-73
-73
-82
-90
-91
-107
-109
-116
-120
-118
-119
-118
-128
-127
-127
-128
-127
-124
-120
-113
-106
-99
-91
-81
-72
-67
-61
-57
-51
-46
-42
-37
-37
-37
-35
-34
-34
-31
-28
-21
-19
-18
-14
-16
-11
-13
-8
-5
-4
3
8
19
25
32
40
45
47
49
45
47
51
54
54
53
56
54
54
50
47
44
42
44
38
42
45
54
56
56
61
62
66
70
70
69
69
71
74
74
80
85
86
87
81
85
83
82
80
72
68
62
62
56
51
50
42
32
26
25
20
20
22
21
17
9
4
-6
-15
-20
-26
-35
-42
-47
-59
-65
-72
-77
-82
-86
-85
-89
-89
-84
-76
-69
-69
-62
-65
-71
-64
-63
-56
-51
-46
-45
-47
-51
-55
-59
-59
-61
-60
-58
-54
-41
-32
-19
-13
-3
-4
-2
6
7
14
13
17
12
8
7
3
7
3
0
-7
-17
-29
-32
-34
-29
-14
-3
3
9
14
15
23
22
25
30
30
39
47
53
60
62
58
49
43
31
21
24
16
14
15
9
9
9
8
12
19
17
25
27
26
30
32
35
34
36
29
23
18
13
11
5
1
-7
-15
-27
-31
-30
-25
-20
-22
-28
-29
-30
-24
-14
-5
2
4
9
8
10
20
22
22
25
23
26
27
29
32
37
35
32
33
24
23
18
13
5
-8
-19
-29
-43
-48
-43
-47
-47
-45
-45
-49
-47
-43
-33
-24
-20
-14
-17
-20
-26
-25
-24
-24
-22
-19
-16
-18
-16
-9
-7
-5
6
6
8
14
22
31
39
45
48
53
45
40
34
26
15
8
-1
-13
-21
-34
-35
-42
-44
-38
-31
-23
-16
-8
-8
-6
1
10
22
32
32
31
26
15
5
0
-1
4
13
18
25
31
37
43
47
49
49
49
41
37
26
14
5
-6
-8
-15
-15
-16
-15
-17
-22
-19
-22
-24
-21
-21
-17
-9
-5
-1
-1
-4
-11
-19
-26
-35
-37
-40
-39
-37
-33
-26
-22
-16
-14
-7
2
6
8
7
11
5
-7
-10
-22
-27
-28
-33
-30
-34
-34
-34
-39
-40
-37
-29
-22
-13
-3
7
13
18
30
31
28
30
19
17
13
9
10
9
17
20
24
24
24
24
20
20
21
19
12
15
17
14
22
25
32
39
43
51
52
49
43
35
29
18
19
20
16
22
28
36
40
45
50
43
40
40
31
21
13
13
14
14
19
15
15
7
2
3
-6
-6
-3
-11
-15
-18
-22
-28
-31
-29
-27
-25
-19
-16
-19
-22
-30
-36
-46
-50
-48
-44
-43
-40
-34
-36
-36
-31
-31
-32
-32
-27
-26
-31
-34
-35
-42
-48
-51
-57
-63
-71
-74
-79
-91
-92
-94
-94
-93
-94
-88
-79
-69
-54
-43
-33
-20
-12
-6
-4
-6
-5
-6
-12
-16
-14
-6
0
7
12
20
32
45
61
80
92
102
117
123
126
129
128
128
122
119
112
106
102
92
85
75
67
61
58
57
53
54
52
55
62
62
65
63
61
60
54
48
37
26
14
0
-8
-14
-18
-22
-26
-21
-17
-14
-10
-7
-5
-14
-23
-27
-31
-27
-32
-29
-36
-42
-41
-40
-29
-28
-25
-32
-38
-38
-43
-38
-35
-37
-38
-43
-46
-50
-51
-46
-43
-41
-49
-59
-63
-67
-68
-69
-70
-74
-75
-75
-79
-69
-62
-53
-44
-45
-39
-39
-34
-34
-33
-32
-45
-42
-50
-52
-48
-52
-49
-47
-46
-38
-34
-25
-14
-7
8
16
32
41
38
45
40
45
43
38
39
32
35
32
38
35
37
42
42
47
50
64
74
85
91
93
96
93
92
88
83
76
70
66
64
58
58
57
55
59
52
54
55
53
65
66
73
68
57
59
50
46
44
37
39
35
30
30
27
22
16
11
7
7
9
7
13
14
6
2
-12
-19
-17
-22
-16
-14
-15
-18
-29
-39
-54
-69
-79
-86
-86
-82
-86
-87
-91
-93
-94
-101
-103
-100
-95
-84
-81
-79
-78
-77
-77
-84
-90
-100
-115
-123
-132
-139
-134
-123
-113
-97
-87
-85
-72
-62
-56
-37
-20
-4
18
27
33
36
23
14
3
-7
-9
-3
5
14
20
27
34
41
50
58
66
82
96
103
109
112
116
120
114
105
97
76
61
54
47
45
47
49
54
54
51
45
43
45
41
49
54
54
58
54
53
52
43
35
24
9
10
8
12
23
24
23
25
29
28
32
37
39
49
51
54
62
60
65
72
66
58
58
51
42
41
35
32
25
8
-8
-24
-34
-52
-66
-77
-98
-109
-121
-136
-138
-142
-142
-138
-138
-132
-128
-115
-109
-107
-99
-107
-110
-103
-110
-102
-90
-85
-80
-84
-85
-90
-89
-89
-90
-85
-89
-82
-77
-72
-68
-60
-56
-66
-68
-77
-80
-68
-69
-61
-49
-41
-26
-12
-6
-3
6
6
-2
-9
-13
-10
-4
10
34
58
77
100
129
151
181
205
231
254
265
292
296
300
296
275
254
217
186
157
125
104
89
96
106
124
141
154
166
168
170
152
134
113
89
81
58
46
38
27
23
11
-1
-16
-30
-43
-50
-63
-74
-79
-78
-65
-46
-25
-9
-6
-10
-18
-40
-59
-87
-114
-138
-163
-175
-186
-185
-187
-181
-174
-162
-154
-142
-128
-120
-108
-115
-117
-125
-136
-139
-153
-163
-164
-161
-155
-140
-124
-105
-89
-73
-57
-45
-29
-17
-13
-13
-23
-29
-33
-47
-46
-51
-50
-47
-43
-23
-14
1
2
3
4
-1
1
0
11
17
33
52
64
82
90
94
106
106
117
125
124
127
121
112
105
90
86
85
81
91
95
98
108
111
124
125
124
128
124
114
109
98
95
100
92
106
103
96
99
80
71
54
41
41
20
14
7
-1
2
-5
-1
-3
-1
-5
-11
-8
-18
-11
-12
-11
-5
-14
-19
-29
-48
-56
-71
-75
-77
-80
-78
-79
-78
-79
-77
-82
-81
-80
-87
-82
-80
-84
-79
-85
-79
-70
-78
-74
-78
-89
-103
-113
-120
-122
-122
-122
-123
-132
-140
-141
-131
-118
-101
-92
-81
-73
-61
-41
-31
-9
13
32
45
56
64
66
76
77
82
83
77
74
69
68
66
58
50
48
44
40
30
18
11
11
17
17
19
23
34
52
69
86
93
87
85
73
61
51
44
46
45
45
54
60
68
74
74
71
63
60
62
71
81
78
78
77
76
69
59
52
22
-5
-27
-39
-44
-46
-47
-55
-60
-70
-78
-92
-95
-98
-90
-76
-61
-43
-33
-18
-9
10
27
39
57
69
75
74
73
74
73
64
54
32
15
1
-9
-16
-34
-40
-47
-47
-43
-44
-37
-41
-44
-44
-51
-61
-76
-88
-94
-104
-96
-92
-96
-83
-75
-64
-61
-64
-64
-72
-72
-72
-66
-55
-46
-37
-20
-15
-2
17
36
51
48
40
24
16
11
5
1
-3
-7
-4
7
22
34
30
25
20
11
12
15
14
15
23
35
39
42
59
73
94
113
122
129
123
108
93
84
78
74
73
61
48
37
31
29
26
21
10
5
-3
-11
-8
-17
-23
-30
-49
-51
-57
-53
-39
-26
-10
-2
12
21
22
28
32
41
46
45
44
37
27
11
-4
-18
-36
-40
-45
-42
-34
-33
-16
-13
-16
-20
-25
-18
-22
-27
-28
-31
-34
-46
-57
-64
-78
-86
-91
-94
-99
-99
-98
-93
-84
-82
-67
-61
-55
-45
-51
-46
-45
-47
-38
-35
-25
-14
-18
-6
-7
-13
-15
-23
-13
-9
-2
11
24
37
43
53
54
59
55
49
45
32
30
28
26
32
30
38
44
45
54
50
52
53
46
42
43
41
50
55
56
61
57
55
54
52
48
46
33
27
21
11
15
7
10
12
6
3
-8
-13
-15
-19
-21
-21
-16
-11
-10
-3
-7
-7
-6
-7
3
7
11
22
22
16
4
-8
-22
-38
-51
-61
-63
-60
-53
-34
-12
6
23
26
22
15
5
-2
-6
-14
-23
-28
-34
-43
-44
-47
-41
-31
-21
-1
16
26
28
27
13
7
-3
-10
-16
-32
-39
-48
-60
-64
-59
-51
-37
-26
-8
9
21
44
53
59
64
59
56
50
41
34
23
8
-8
-27
-40
-41
-31
-16
-2
18
28
32
38
35
27
16
15
17
24
30
32
28
13
-10
-27
-40
-39
-29
-17
5
21
36
48
45
41
34
21
8
-4
-11
-13
-6
-4
5
7
5
8
1
1
3
4
10
11
13
14
5
1
-18
-40
-55
-76
-84
-92
-83
-69
-56
-35
-15
-4
10
4
0
-3
-17
-11
-2
4
16
26
30
34
32
23
26
30
30
34
30
30
24
16
7
-14
-32
-55
-68
-84
-89
-76
-67
-53
-41
-33
-19
-16
-5
7
11
20
29
38
42
48
47
44
44
38
34
30
24
19
19
17
15
11
11
11
8
9
4
7
9
14
19
22
18
8
6
-5
-12
-11
-16
-10
0
9
17
29
40
47
50
49
54
56
57
59
54
51
41
28
14
-7
-20
-33
-41
-44
-45
-44
-37
-30
-27
-19
-19
-15
-18
-13
-4
0
9
13
13
15
8
-3
-8
-21
-23
-29
-35
-35
-39
-28
-27
-28
-29
-26
-23
-22
-22
-18
-13
-12
-11
-11
-10
-16
-27
-34
-48
-72
-81
-86
-84
-67
-59
-44
-25
-17
-9
-8
-10
-6
-10
-14
-16
-18
-17
-13
-11
-18
-23
-24
-24
-14
-2
15
37
51
63
73
80
77
72
61
43
27
12
5
-1
-3
-6
1
3
0
3
6
11
14
18
18
21
17
22
29
29
27
25
27
28
34
44
55
66
74
69
64
53
51
45
33
28
26
28
34
39
44
52
44
38
29
12
5
-6
-11
-14
-16
-12
-11
-9
-16
-15
-23
-32
-38
-46
-42
-45
-38
-36
-29
-22
-20
-10
-15
-12
-19
-23
-23
-26
-16
-20
-16
-11
-17
-15
-18
-14
-9
-11
-3
-7
-14
-11
-7
-5
-11
-14
-20
-29
-35
-38
-36
-36
-38
-43
-46
-46
-48
-39
-33
-22
-16
-16
-12
-9
0
4
5
3
1
1
-8
-6
-14
-17
-12
-14
-14
-18
-17
-8
1
7
17
15
7
13
7
7
2
-7
-1
0
4
18
28
42
45
51
54
50
48
44
46
39
37
36
34
31
26
26
21
21
15
15
22
25
33
38
42
47
43
33
26
18
15
15
14
26
29
29
42
41
45
43
32
33
19
8
7
2
9
12
6
3
-16
-33
-43
-60
-63
-60
-48
-31
-21
-13
-1
0
-4
-11
-23
-29
-40
-43
-40
-43
-43
-42
-39
-42
-49
-45
-43
-41
-42
-44
-34
-38
-36
-32
-31
-30
-33
-32
-36
-39
-46
-42
-42
-52
-53
-55
-56
-52
-49
-43
-33
-26
-11
-3
-2
18
31
48
58
54
52
39
18
1
-12
-19
-10
-4
11
26
31
46
54
47
39
28
13
5
-3
-5
1
11
17
30
44
50
53
52
48
40
37
32
27
18
15
14
9
19
20
28
43
44
55
48
36
35
23
19
19
21
30
37
45
45
44
37
29
31
20
12
7
6
5
-5
-6
-13
-22
-28
-29
-27
-21
-9
-7
-1
-4
-15
-18
-30
-29
-21
-16
-5
-6
-7
-9
-20
-19
-25
-25
-29
-42
-35
-32
-27
-26
-24
-21
-34
-42
-46
-44
-47
-43
-34
-38
-36
-27
-14
-8
-3
3
1
2
-8
-13
-4
-12
-12
-15
-20
-17
-24
-27
-25
-28
-33
-36
-27
-25
-21
-12
-4
8
8
13
10
3
1
4
12
18
29
34
38
41
37
40
45
44
40
34
26
17
8
-1
-1
-2
-6
-5
-10
-7
2
2
4
11
18
29
40
47
55
58
67
69
68
67
58
51
31
14
2
-14
-19
-25
-23
-17
-15
-8
-3
-8
-8
-9
-16
-9
1
7
18
31
41
55
59
50
49
44
21
5
-7
-27
-36
-38
-47
-52
-47
-50
-53
-57
-64
-65
-66
-62
-56
-31
-18
-10
2
5
10
4
0
-2
-15
-19
-28
-36
-39
-43
-36
-35
-30
-25
-28
-22
-22
-17
-12
-13
-7
-4
-6
-3
-2
-8
-12
-15
-18
-17
-15
-15
-12
-11
-6
1
8
13
19
25
23
26
28
30
29
28
27
26
19
19
20
22
25
25
24
22
22
17
13
14
14
16
19
14
16
8
-3
-4
-10
-9
-4
3
13
24
30
41
41
42
34
26
18
1
-11
-19
-14
-3
11
25
33
31
31
23
12
8
2
4
6
10
11
14
10
3
0
-9
-19
-18
-16
-3
10
18
31
26
22
10
-11
-18
-31
-40
-39
-45
-45
-46
-44
-35
-27
-15
-9
-10
-8
-12
-19
-24
-37
-41
-41
-39
-31
-33
-32
-31
-32
-36
-37
-39
-38
-34
-32
-22
-14
-3
2
2
1
-2
-9
-14
-12
-12
-7
-2
2
7
3
-1
-3
-2
-5
-9
-7
-3
1
13
30
40
48
48
44
39
29
21
17
19
22
30
40
48
52
51
49
38
34
31
31
40
43
48
54
47
41
25
16
10
4
14
22
32
46
54
52
48
38
29
25
24
29
33
40
46
40
36
26
16
13
6
4
2
-1
-1
-1
-7
-11
-22
-28
-34
-44
-47
-54
-55
-57
-60
-62
-62
-59
-61
-58
-60
-57
-59
-65
-63
-69
-70
-73
-75
-82
-91
-93
-95
-89
-86
-81
-70
-66
-62
-59
-60
-56
-59
-58
-59
-58
-54
-50
-41
-42
-39
-37
-36
-36
-36
-32
-24
-13
-5
9
16
21
29
29
34
34
35
45
46
51
57
60
71
79
86
94
101
103
105
108
114
114
122
126
126
133
136
134
136
133
125
123
114
103
98
88
83
79
72
67
63
66
70
66
70
74
73
78
75
74
68
60
53
38
21
1
-18
-32
-41
-41
-35
-31
-31
-32
-39
-44
-48
-56
-52
-61
-71
-74
-89
-92
-103
-112
-112
-121
-122
-127
-138
-143
-154
-158
-166
-173
-167
-169
-160
-155
-152
-144
-146
-139
-132
-130
-121
-111
-112
-112
-109
-107
-90
-77
-67
-54
-46
-32
-25
-14
-5
0
8
6
3
-5
-10
-14
-16
-8
-1
12
27
42
56
68
78
88
97
98
101
107
110
113
117
111
112
104
101
100
105
114
116
125
125
127
137
136
135
137
130
128
132
133
138
140
142
139
130
119
104
87
76
63
58
57
55
58
49
42
30
19
11
-1
-9
-23
-31
-40
-48
-51
-49
-50
-46
-43
-46
-46
-53
-62
-73
-84
-93
-91
-91
-93
-89
-95
-103
-109
-117
-116
-112
-105
-94
-85
-80
-78
-75
-78
-80
-82
-81
-83
-85
-91
-93
-91
-88
-87
-85
-82
-76
-75
-74
-66
-58
-39
-19
2
18
22
7
-8
-28
-46
-47
-44
-35
-22
-9
0
14
27
27
31
34
24
26
26
25
41
46
63
84
91
97
95
83
62
47
31
24
34
44
57
79
86
96
103
100
97
89
79
69
68
59
62
68
64
66
55
55
53
51
55
58
63
60
61
60
54
55
54
60
58
54
59
54
41
31
18
4
-2
-7
-17
-19
-29
-40
-37
-34
-35
-30
-32
-31
-30
-27
-25
-23
-26
-39
-39
-47
-58
-54
-66
-69
-70
-78
-74
-68
-79
-77
-70
-70
-69
-71
-78
-89
-93
-100
-95
-85
-89
-81
-75
-80
-77
-80
-91
-99
-114
-117
-109
-108
-100
-91
-84
-73
-69
-60
-53
-42
-31
-24
-14
3
13
20
30
41
44
56
67
67
74
69
60
52
40
36
34
32
32
31
36
45
50
56
63
62
56
54
55
53
52
52
51
63
75
80
96
109
113
113
113
106
103
107
114
118
113
113
113
112
108
111
105
102
89
69
56
41
41
50
45
44
47
49
58
55
60
64
58
53
46
39
34
31
20
0
-15
-29
-38
-43
-62
-74
-86
-97
-107
-114
-117
-118
-117
-112
-110
-117
-116
-113
-113
-120
-120
-120
-120
-128
-124
-119
-128
-128
-126
-127
-132
-124
-110
-101
-98
-97
-91
-89
-96
-100
-105
-115
-116
-120
-124
-127
-129
-120
-122
-118
-114
-110
-95
-86
-70
-56
-48
-35
-25
-13
-5
6
13
22
37
45
52
59
61
65
74
86
98
111
127
133
151
177
191
206
210
215
230
237
226
223
224
213
205
198
180
168
162
152
142
132
130
140
143
135
133
134
124
116
110
104
101
97
90
76
72
58
38
31
24
18
17
12
1
-8
-17
-26
-28
-30
-37
-42
-47
-53
-57
-66
-74
-93
-106
-113
-125
-134
-148
-160
-175
-196
-215
-227
-233
-227
-227
-229
-228
-240
-238
-230
-221
-210
-194
-180
-165
-150
-144
-138
-127
-121
-116
-104
-91
-76
-63
-54
-42
-37
-38
-32
-26
-11
-2
19
41
48
64
64
62
62
52
48
52
53
63
68
71
78
72
74
79
71
80
76
80
76
71
68
58
69
69
88
103
116
130
136
142
137
134
126
122
117
112
117
123
134
135
135
133
116
103
89
74
71
64
66
68
68
70
65
58
48
35
23
11
7
4
1
5
2
3
-2
-17
-22
-40
-46
-43
-41
-32
-33
-34
-32
-35
-33
-37
-41
-48
-65
-77
-89
-100
-99
-96
-96
-100
-98
-96
-88
-76
-78
-82
-96
-114
-123
-133
-130
-123
-118
-108
-111
-108
-108
-103
-88
-85
-69
-67
-56
-45
-39
-26
-23
-18
-17
-17
-16
-12
-6
9
16
19
26
21
33
38
46
60
61
68
67
60
58
59
56
57
52
52
52
54
63
67
77
83
81
76
67
58
55
53
53
57
57
57
56
53
42
38
27
27
39
47
65
73
77
75
58
41
19
1
-12
-25
-27
-23
-20
-11
-6
-7
-4
-11
-13
-14
-19
-20
-25
-34
-39
-42
-35
-27
-23
-17
-14
-13
-21
-25
-30
-31
-33
-34
-33
-36
-33
-24
-17
-13
-5
0
3
0
-2
-6
-13
-21
-29
-29
-27
-19
-11
-2
0
-1
-9
-19
-31
-49
-47
-49
-50
-32
-26
-19
-15
-20
-17
-23
-31
-26
-21
-8
-6
-2
0
-13
-12
-20
-13
-6
-7
7
3
-5
-9
-19
-14
-5
0
21
28
28
31
28
29
17
14
11
11
13
11
18
22
23
24
31
28
31
43
47
60
60
63
61
55
59
67
66
62
50
38
26
12
8
11
20
26
33
40
43
41
32
35
24
11
9
-8
-15
-21
-35
-34
-42
-50
-43
-33
-30
-30
-27
-31
-34
-37
-39
-32
-23
-14
-2
-9
-17
-28
-39
-40
-42
-40
-39
-42
-46
-51
-55
-54
-53
-49
-44
-43
-38
-35
-33
-32
-33
-30
-29
-23
-22
-27
-33
-43
-50
-51
-48
-40
-34
-24
-17
-18
-14
-15
-8
-2
12
24
30
43
45
49
54
51
44
37
32
19
13
14
17
28
33
38
45
43
47
44
45
49
49
61
68
72
73
71
71
59
46
42
36
37
39
38
37
31
33
38
40
45
52
55
53
52
50
41
33
21
12
6
1
1
1
6
1
4
-2
-13
-14
-20
-20
-17
-10
-7
1
0
-4
-8
-22
-33
-54
-66
-72
-81
-79
-76
-72
-62
-52
-48
-45
-53
-65
-72
-83
-90
-91
-86
-79
-67
-61
-60
-52
-56
-58
-57
-71
-69
-80
-84
-76
-72
-60
-45
-34
-32
-22
-22
-26
-33
-42
-42
-45
-41
-34
-24
-11
0
8
7
11
3
-2
0
-12
-9
-8
-1
18
32
53
69
76
82
76
74
71
71
81
87
104
120
128
142
138
139
134
120
115
107
114
119
129
139
142
146
146
145
138
134
122
110
103
90
82
72
70
64
65
67
60
59
47
30
19
5
-4
-16
-16
-14
-12
-6
-1
0
-8
-25
-40
-60
-76
-89
-99
-99
-98
-89
-77
-70
-73
-82
-93
-110
-128
-139
-144
-145
-144
-143
-144
-147
-146
-145
-140
-134
-133
-130
-125
-125
-128
-130
-132
-139
-138
-140
-137
-134
-132
-129
-133
-132
-129
-122
-108
-95
-82
-69
-61
-49
-39
-33
-31
-28
-28
-22
-17
-10
-1
6
16
23
31
45
54
63
75
79
86
100
105
115
118
118
121
107
104
101
94
97
93
101
113
123
137
139
141
143
136
134
129
124
124
119
115
110
102
95
86
76
73
68
72
79
85
92
93
101
108
119
126
121
120
107
97
89
88
90
85
83
71
58
45
39
40
37
36
41
38
36
40
26
14
-5
-39
-60
-89
-106
-110
-114
-110
-108
-108
-113
-119
-123
-124
-131
-136
-141
-150
-152
-153
-151
-141
-138
-137
-142
-142
-145
-148
-143
-141
-134
-130
-126
-125
-119
-108
-102
-94
-94
-101
-102
-107
-108
-108
-104
-99
-88
-81
-71
-58
-47
-29
-23
-16
-17
-24
-26
-35
-34
-40
-39
-34
-42
-32
-26
-15
4
14
35
39
55
72
90
118
139
157
157
