SAMPLES:	21572
BITSPERSAMPLE:	16
CHANNELS:	1
SAMPLERATE:	16000
NORMALIZED:	FALSE
12
14
15
15
15
12
10
6
4
2
1
-4
-8
-10
-7
-2
6
9
11
10
8
3
-3
-7
-5
3
10
12
9
4
4
3
-1
-9
-17
-18
-13
-6
0
7
13
21
25
18
8
0
-7
-7
-9
-12
-13
-9
1
8
12
10
6
2
-4
-9
-14
-13
-7
-2
4
5
5
4
1
0
-6
-11
-13
-14
-12
-8
-3
4
7
7
4
1
-2
-3
-7
-8
-9
-7
-6
-3
-1
-1
-2
-4
-8
-12
-15
-15
-14
-11
-9
-6
0
4
8
10
8
6
4
1
-2
-3
-3
-2
-3
-3
-2
-2
0
2
2
3
3
2
4
4
7
9
11
13
13
13
13
12
8
4
2
-1
-1
0
1
4
6
7
8
8
8
6
7
5
2
0
0
0
2
4
2
3
0
0
0
-2
-2
-3
-1
1
1
3
3
3
4
2
0
-1
-4
-7
-7
-8
-6
-4
-2
0
1
2
2
1
-2
-3
-5
-5
-5
-6
-3
-2
-3
-1
-3
-4
-6
-8
-7
-8
-8
-9
-10
-11
-9
-10
-9
-5
-3
-1
2
4
5
2
0
-1
-1
-2
0
2
3
6
7
5
3
2
1
4
5
8
7
6
6
3
2
1
0
1
0
0
-1
0
3
6
7
6
6
4
3
3
0
-1
-1
0
-1
-6
-5
-3
-3
1
3
4
8
6
6
4
2
1
0
-3
-3
-4
-3
-3
-5
-5
-6
-4
-2
-2
-1
2
3
3
2
1
3
2
3
2
0
-1
-3
-5
-6
-5
-4
-2
-2
1
4
5
8
6
6
4
2
-1
-5
-7
-7
-6
-7
-8
-7
-4
-3
-4
-3
-4
-1
-2
-1
-2
2
2
2
0
-2
-2
-1
1
0
1
2
3
3
3
4
5
6
5
4
4
4
0
-3
-6
-6
-4
-3
-3
1
2
3
3
3
-1
-1
-4
-5
-3
-3
0
-1
0
1
1
1
-3
-5
-4
-3
-1
2
4
4
3
0
2
2
2
3
2
3
3
2
3
3
7
9
11
13
13
13
13
9
7
3
0
-1
-1
-1
1
1
0
-2
-5
-7
-11
-11
-11
-8
-9
-7
-6
-5
-7
-9
-11
-10
-7
-7
-5
-6
-8
-9
-8
-6
-4
0
2
3
3
2
1
0
-1
1
3
4
5
5
2
3
2
-2
-2
-3
-2
0
2
4
7
8
10
11
9
8
9
8
7
6
7
5
4
3
-1
-3
-3
0
1
3
1
2
1
-1
-2
-4
-4
-3
-4
-2
-3
-3
-4
-5
-5
-5
-6
-6
-7
-6
-5
-6
-4
0
3
5
5
5
3
2
2
-1
-1
-1
0
4
4
6
7
8
6
3
0
-3
-6
-6
-4
-3
1
3
3
2
-2
-7
-10
-11
-9
-7
-5
-1
2
5
6
6
4
1
0
-1
-4
-5
-6
-3
1
4
7
10
10
10
10
7
3
3
0
-1
-1
-4
-3
-3
-1
-2
-4
-6
-7
-7
-8
-7
-4
0
2
5
6
6
5
3
2
-1
-3
-6
-8
-8
-9
-6
-2
2
6
6
6
5
4
4
5
6
6
6
5
6
5
3
-1
-4
-6
-8
-10
-10
-9
-7
-5
-2
2
5
8
9
9
7
4
0
-3
-5
-5
-4
-4
-3
-1
-2
0
0
0
-1
-2
-2
-1
1
2
3
3
3
2
1
0
2
2
1
-2
-2
-5
-5
-4
-3
1
4
7
9
8
7
6
5
4
2
-1
-2
-3
-2
-2
-1
0
-1
-1
-2
-4
-4
-8
-7
-5
-2
0
3
4
2
-1
-5
-9
-10
-10
-9
-8
-5
-1
0
4
7
8
10
11
11
9
8
5
4
3
3
6
6
8
5
1
-3
-8
-9
-9
-7
-6
-4
-3
0
2
2
0
-1
-3
-6
-7
-8
-9
-6
-4
-1
2
1
0
0
0
1
5
7
4
3
3
3
1
1
1
1
-1
0
2
3
3
1
-2
-3
-3
-4
-3
-3
-1
-1
-2
0
-1
0
2
4
5
4
3
0
-2
-4
-3
-1
1
0
-1
-1
0
0
2
5
5
7
8
9
9
6
4
0
-5
-8
-10
-10
-8
-7
-3
1
3
7
8
9
8
5
3
0
0
-3
-4
-4
-6
-6
-6
-7
-8
-7
-4
-2
-1
2
3
4
3
2
2
-1
-3
-6
-11
-14
-16
-18
-17
-14
-11
-8
-3
2
6
9
11
12
8
4
1
-2
-4
-5
-5
-6
-5
-5
-2
0
4
8
13
17
17
18
17
16
14
12
7
3
-1
-5
-4
-5
-4
0
1
4
7
8
10
12
13
15
16
16
12
10
8
3
0
0
-1
-2
-1
-1
-2
0
2
4
7
11
13
13
12
10
6
2
-1
-2
-1
-1
0
1
-2
-3
-6
-7
-8
-9
-6
-5
-4
-2
-2
-4
-7
-10
-14
-15
-15
-17
-18
-18
-18
-19
-17
-15
-14
-12
-10
-8
-6
-6
-1
-1
-1
-1
-2
-3
-4
-5
-5
-6
-5
-4
-7
-6
-5
-3
-1
2
7
7
8
7
6
5
3
3
3
1
0
-1
-4
-6
-5
-6
-5
-1
2
6
9
12
15
15
14
10
8
6
5
5
3
1
3
5
7
7
7
6
6
6
4
4
6
6
6
5
4
2
1
0
-1
-4
-6
-6
-8
-9
-9
-8
-6
-3
-2
-1
1
2
3
1
1
2
3
2
1
1
0
0
0
-1
-3
-4
-4
-5
-5
-2
0
2
6
8
8
7
6
3
0
-5
-9
-11
-12
-12
-11
-10
-8
-6
-3
-3
-3
0
2
3
5
8
10
10
9
8
4
1
-1
-2
-3
-7
-6
-5
-6
-2
0
3
6
10
12
10
7
6
4
5
2
0
-1
-4
-5
-8
-11
-12
-11
-10
-9
-6
-2
1
4
6
7
8
6
6
3
0
-3
-5
-6
-8
-8
-6
-4
-1
1
3
4
4
6
7
8
8
7
7
4
2
0
-2
-4
-7
-6
-8
-8
-8
-6
-3
1
4
6
7
3
1
1
-2
-3
-3
-4
-5
-6
-5
-4
-3
-2
-1
0
-1
1
3
6
7
8
9
10
8
6
3
1
-2
-3
-2
-2
-1
2
5
6
6
7
9
8
6
5
4
2
1
1
1
1
0
-1
-1
-3
-6
-7
-6
-4
-5
-1
1
3
4
4
4
3
0
-2
-6
-8
-9
-13
-11
-11
-11
-10
-10
-11
-10
-9
-7
-9
-8
-7
-5
-5
-5
-5
-7
-9
-13
-15
-17
-18
-19
-18
-17
-16
-14
-10
-6
-2
1
1
3
4
3
1
1
1
0
-1
0
2
3
5
7
7
9
10
15
20
24
27
28
29
30
31
31
31
30
30
28
29
30
32
35
37
35
37
41
43
46
48
49
48
44
41
40
36
31
31
29
28
30
28
30
31
30
27
23
17
14
11
7
4
0
-4
-7
-11
-15
-21
-26
-31
-35
-38
-43
-45
-44
-46
-46
-49
-56
-60
-65
-74
-79
-85
-89
-90
-93
-93
-91
-93
-95
-96
-97
-98
-100
-99
-97
-95
-91
-89
-84
-82
-81
-81
-82
-82
-82
-80
-78
-77
-72
-66
-57
-52
-45
-33
-27
-20
-14
-7
0
5
13
17
21
25
31
34
35
37
39
44
51
58
71
82
95
111
120
132
143
148
143
130
121
111
99
86
77
77
76
81
95
108
124
146
163
172
176
181
185
184
178
171
162
150
140
130
118
111
106
102
94
87
82
76
66
59
49
32
18
6
-6
-18
-27
-37
-46
-63
-75
-88
-103
-114
-125
-139
-158
-179
-196
-204
-210
-213
-216
-218
-221
-222
-219
-219
-217
-213
-221
-233
-242
-245
-249
-251
-248
-249
-246
-238
-221
-204
-190
-176
-169
-172
-176
-176
-170
-162
-151
-142
-132
-123
-110
-105
-101
-92
-85
-71
-49
-23
5
32
56
67
79
101
119
124
117
122
141
156
168
185
201
219
244
278
308
319
332
341
324
283
260
254
237
214
209
250
357
502
633
740
857
993
1086
1100
1068
1010
902
746
587
413
235
111
66
42
0
12
97
175
189
172
167
144
75
-36
-158
-277
-375
-438
-476
-508
-525
-499
-434
-375
-339
-303
-274
-272
-311
-378
-449
-501
-539
-597
-646
-653
-617
-572
-515
-436
-374
-350
-346
-331
-330
-364
-399
-427
-460
-498
-495
-448
-387
-320
-251
-198
-167
-148
-154
-174
-204
-244
-299
-367
-414
-418
-393
-356
-315
-260
-223
-208
-179
-146
-123
-115
-99
-80
-74
-55
-3
55
89
102
118
138
132
129
143
130
80
35
25
18
0
0
9
6
16
75
148
209
285
383
459
520
596
658
679
687
708
701
668
653
667
640
578
547
561
567
568
609
653
679
792
1039
1283
1435
1580
1758
1840
1793
1699
1570
1335
1042
758
458
142
-99
-236
-356
-493
-573
-569
-550
-561
-592
-619
-680
-753
-829
-951
-1118
-1238
-1258
-1268
-1296
-1272
-1185
-1100
-1011
-895
-772
-694
-644
-611
-633
-700
-736
-718
-709
-726
-714
-666
-611
-547
-474
-393
-329
-277
-260
-255
-242
-209
-165
-136
-115
-90
-56
-16
10
32
56
77
90
77
49
27
25
14
-14
-48
-75
-91
-95
-112
-144
-160
-164
-179
-205
-222
-231
-220
-203
-184
-144
-100
-44
31
107
168
212
247
246
225
212
195
162
126
98
77
74
89
99
114
155
222
294
315
335
377
422
476
526
576
620
678
765
835
881
928
977
1011
992
941
905
853
819
817
812
821
933
1184
1429
1567
1694
1921
2148
2214
2138
2015
1823
1541
1193
798
358
-42
-305
-493
-692
-866
-907
-857
-836
-870
-893
-903
-946
-1042
-1203
-1416
-1615
-1743
-1849
-2015
-2172
-2227
-2185
-2096
-1984
-1842
-1669
-1464
-1251
-1084
-980
-868
-733
-669
-711
-765
-750
-705
-672
-619
-557
-510
-448
-377
-317
-269
-224
-168
-141
-153
-167
-155
-110
-30
73
153
212
306
429
506
535
559
588
560
468
395
343
263
163
104
41
-30
-51
-27
5
9
59
137
177
198
227
265
286
282
297
327
338
357
393
431
467
486
514
524
514
497
450
379
294
228
162
95
53
46
57
103
217
338
425
489
590
716
753
734
745
784
784
761
749
750
761
789
836
856
899
952
1000
994
949
932
942
1007
1120
1215
1245
1296
1442
1574
1574
1491
1401
1260
1022
764
505
173
-179
-406
-596
-875
-1103
-1159
-1179
-1308
-1451
-1514
-1561
-1692
-1853
-2020
-2225
-2417
-2487
-2473
-2500
-2499
-2373
-2179
-1987
-1757
-1486
-1267
-1131
-994
-889
-895
-942
-938
-941
-1028
-1120
-1085
-989
-938
-877
-758
-644
-557
-444
-327
-249
-190
-122
-58
-6
79
243
416
549
693
863
999
1103
1219
1270
1223
1161
1104
1000
836
719
685
615
526
495
518
514
500
529
548
504
464
445
386
309
304
383
437
452
534
669
776
839
860
853
795
665
503
299
66
-134
-319
-485
-623
-670
-632
-562
-493
-400
-261
-83
91
227
321
390
471
572
621
643
690
755
794
799
834
862
833
777
781
720
602
518
500
468
393
394
469
562
774
1099
1339
1463
1616
1918
2117
2077
1955
1841
1625
1339
1017
605
143
-254
-477
-758
-1157
-1426
-1547
-1676
-1879
-2041
-2099
-2179
-2258
-2270
-2325
-2425
-2395
-2255
-2147
-2141
-2090
-1898
-1740
-1624
-1501
-1378
-1281
-1218
-1154
-1133
-1196
-1210
-1168
-1218
-1337
-1404
-1349
-1276
-1236
-1140
-994
-876
-718
-518
-325
-152
29
266
437
511
633
791
917
987
1060
1165
1208
1229
1281
1297
1242
1196
1175
1127
1015
918
847
749
653
566
499
441
418
446
477
485
532
622
696
737
788
853
853
838
836
813
741
657
604
537
430
307
206
94
-43
-178
-280
-388
-507
-568
-586
-596
-547
-431
-263
-86
92
316
535
731
902
1022
1081
1068
1011
964
858
728
650
563
488
446
471
511
515
582
701
741
761
801
830
885
1008
1187
1306
1352
1493
1700
1775
1730
1659
1580
1391
1076
733
323
-172
-565
-908
-1316
-1732
-2058
-2245
-2418
-2599
-2673
-2663
-2673
-2674
-2663
-2624
-2579
-2510
-2394
-2356
-2375
-2311
-2185
-2064
-1933
-1792
-1611
-1459
-1340
-1195
-1119
-1078
-1008
-988
-1028
-1110
-1159
-1125
-1095
-1048
-935
-783
-615
-465
-324
-152
-1
142
275
362
455
591
755
926
1093
1285
1503
1700
1860
1943
1999
2030
1981
1858
1686
1489
1307
1148
981
842
771
767
805
835
884
956
1034
1109
1125
1102
1037
924
799
653
486
378
334
294
248
247
294
351
397
383
310
212
83
-77
-244
-393
-544
-671
-717
-669
-551
-334
-39
223
458
670
878
1004
991
912
844
750
616
499
373
273
237
326
465
581
720
892
984
966
941
886
791
608
463
394
326
318
367
465
550
637
744
855
826
772
680
418
60
-390
-780
-1158
-1564
-1905
-2195
-2468
-2626
-2697
-2696
-2647
-2633
-2529
-2451
-2447
-2406
-2396
-2405
-2410
-2428
-2388
-2342
-2269
-2057
-1838
-1605
-1336
-1104
-867
-719
-643
-559
-568
-645
-737
-882
-1006
-1083
-1091
-991
-918
-818
-642
-456
-204
70
334
589
796
1004
1211
1374
1567
1779
1961
2114
2181
2225
2260
2246
2215
2136
1995
1847
1691
1552
1436
1341
1310
1290
1283
1300
1311
1326
1356
1356
1306
1211
1089
969
843
720
600
485
397
358
363
402
478
584
643
631
590
524
413
264
116
-38
-232
-450
-635
-728
-728
-626
-474
-323
-190
-35
135
240
273
222
157
112
79
20
-65
-116
-84
-18
29
123
258
376
445
467
387
259
146
58
-93
-351
-418
-261
-22
183
306
481
700
851
970
951
769
576
243
-206
-803
-1384
-1694
-1928
-2170
-2379
-2535
-2500
-2344
-2183
-2001
-1940
-1906
-1865
-1955
-2122
-2292
-2425
-2484
-2611
-2746
-2758
-2668
-2381
-1989
-1667
-1359
-1069
-756
-473
-372
-291
-207
-168
-185
-311
-405
-338
-180
30
181
278
436
639
842
986
1063
1139
1232
1293
1335
1397
1530
1734
1953
2130
2275
2448
2679
2855
2882
2778
2607
2417
2223
2016
1781
1564
1380
1285
1245
1210
1191
1250
1338
1367
1272
1124
986
791
541
255
-33
-272
-417
-468
-423
-314
-138
82
247
327
346
312
229
48
-231
-576
-919
-1142
-1264
-1318
-1269
-1126
-913
-664
-418
-137
131
296
349
261
70
-136
-342
-516
-679
-826
-886
-897
-847
-656
-414
-173
14
125
241
314
325
296
129
-129
-398
-545
-464
-381
-301
-193
-64
142
347
478
575
528
394
195
-149
-545
-929
-1191
-1342
-1520
-1719
-1810
-1782
-1623
-1465
-1353
-1260
-1236
-1272
-1341
-1457
-1596
-1753
-1908
-2025
-2161
-2198
-2121
-1919
-1592
-1288
-998
-675
-365
-34
265
484
692
831
905
902
828
794
786
760
712
608
566
582
642
751
850
948
1076
1244
1425
1605
1792
2024
2221
2376
2505
2593
2630
2593
2458
2261
2044
1858
1710
1524
1293
1107
999
938
865
800
787
749
682
584
459
291
82
-110
-303
-538
-764
-868
-881
-885
-891
-823
-681
-576
-485
-392
-329
-328
-400
-499
-623
-765
-862
-898
-894
-902
-860
-716
-539
-401
-275
-139
-44
-47
-156
-303
-471
-629
-780
-943
-1054
-1111
-1104
-1024
-889
-670
-437
-241
-75
71
176
210
174
82
-42
-221
-403
-488
-395
-207
-17
168
385
692
1001
1207
1313
1258
1086
876
575
153
-348
-715
-889
-1075
-1307
-1434
-1372
-1174
-1004
-897
-810
-779
-754
-782
-928
-1145
-1382
-1488
-1517
-1604
-1620
-1465
-1163
-797
-477
-136
239
558
846
1008
988
927
853
743
581
363
201
101
59
111
151
186
303
425
539
668
769
881
979
1085
1188
1244
1385
1595
1789
1980
2122
2228
2292
2252
2198
2130
1944
1690
1399
1095
823
622
539
457
303
212
175
95
-22
-178
-337
-573
-868
-1112
-1355
-1566
-1688
-1706
-1640
-1527
-1322
-984
-640
-394
-176
36
126
48
-83
-238
-438
-626
-786
-890
-952
-948
-836
-693
-520
-350
-213
-115
-135
-245
-363
-523
-711
-885
-1060
-1149
-1194
-1177
-1001
-780
-532
-241
2
242
417
517
617
586
487
391
249
126
-14
15
315
550
747
1006
1285
1622
1801
1868
1879
1683
1474
1173
715
227
-253
-529
-661
-896
-1076
-1117
-1064
-908
-853
-757
-610
-596
-567
-592
-683
-730
-799
-827
-884
-1035
-1051
-973
-916
-791
-699
-569
-397
-282
-131
-29
17
146
230
226
153
12
-48
-81
-150
-171
-190
-194
-104
-21
101
272
490
795
1035
1235
1463
1657
1839
1966
2027
2020
1931
1814
1665
1442
1259
1167
1074
954
799
726
758
750
679
577
432
243
2
-265
-597
-953
-1222
-1426
-1644
-1846
-1969
-1954
-1844
-1717
-1487
-1191
-894
-607
-369
-168
-38
45
78
28
-81
-203
-295
-376
-466
-536
-528
-482
-418
-347
-299
-240
-207
-242
-300
-395
-529
-638
-729
-817
-861
-832
-736
-629
-462
-202
92
387
640
863
1069
1217
1310
1357
1332
1220
1077
943
840
863
958
1096
1204
1271
1402
1543
1586
1552
1414
1189
930
608
286
-98
-457
-635
-735
-819
-858
-832
-695
-560
-462
-325
-311
-415
-530
-696
-871
-1085
-1292
-1399
-1542
-1676
-1708
-1689
-1562
-1377
-1176
-928
-761
-639
-490
-404
-344
-344
-410
-473
-572
-666
-651
-556
-413
-275
-145
23
207
423
671
873
1015
1122
1190
1232
1287
1390
1497
1562
1592
1609
1613
1602
1590
1598
1591
1525
1432
1321
1163
1013
951
922
818
579
302
58
-213
-507
-783
-1052
-1345
-1650
-1883
-2008
-2063
-2003
-1821
-1598
-1353
-1071
-733
-377
-122
66
232
318
315
239
144
79
-11
-95
-137
-187
-204
-213
-251
-321
-419
-472
-521
-650
-782
-887
-936
-886
-794
-671
-518
-352
-94
154
346
567
805
1050
1176
1179
1214
1238
1225
1227
1184
1106
974
823
838
937
1026
1154
1182
1216
1281
1280
1257
1103
854
691
498
275
-30
-414
-571
-608
-646
-685
-834
-882
-786
-732
-648
-666
-751
-748
-832
-956
-1095
-1274
-1315
-1360
-1504
-1617
-1736
-1712
-1580
-1508
-1409
-1315
-1165
-911
-737
-607
-463
-359
-220
-171
-211
-184
-113
26
172
259
386
552
714
899
1024
1119
1235
1296
1322
1318
1288
1319
1344
1356
1371
1370
1420
1481
1524
1577
1596
1594
1562
1459
1357
1258
1110
896
598
268
-60
-395
-700
-1006
-1348
-1671
-1904
-2046
-2105
-2085
-1979
-1808
-1627
-1386
-1047
-701
-440
-249
-91
33
71
59
27
-44
-131
-225
-308
-403
-498
-546
-591
-644
-721
-763
-737
-715
-721
-742
-735
-662
-549
-435
-316
-202
-35
158
362
581
770
951
1130
1236
1276
1293
1350
1425
1404
1339
1278
1207
1124
1108
1176
1260
1253
1193
1201
1193
1138
1033
878
706
519
362
204
-25
-243
-332
-336
-388
-500
-575
-550
-512
-558
-619
-693
-796
-912
-1036
-1154
-1310
-1466
-1539
-1598
-1696
-1763
-1764
-1686
-1549
-1408
-1239
-1058
-891
-687
-497
-336
-184
-83
-5
32
-9
-22
2
64
143
167
210
270
342
468
584
703
814
877
980
1095
1162
1221
1303
1410
1501
1537
1582
1616
1600
1605
1561
1475
1405
1293
1175
1041
891
743
524
310
98
-204
-552
-891
-1235
-1581
-1898
-2141
-2295
-2390
-2389
-2260
-2051
-1776
-1450
-1084
-735
-456
-245
-47
97
141
109
53
-2
-109
-252
-383
-467
-542
-603
-645
-671
-634
-574
-475
-340
-253
-187
-108
-18
37
55
110
195
249
310
398
508
642
804
1009
1150
1252
1416
1581
1697
1739
1690
1619
1531
1493
1541
1488
1335
1184
1109
1087
947
844
814
711
601
517
416
227
-3
-66
-57
-231
-446
-549
-579
-619
-732
-793
-837
-948
-1016
-1100
-1256
-1379
-1437
-1474
-1608
-1798
-1859
-1861
-1837
-1730
-1586
-1402
-1189
-950
-659
-425
-248
-12
179
243
235
205
189
162
116
72
5
-36
0
65
125
193
321
503
622
724
879
1020
1147
1278
1387
1494
1596
1662
1664
1589
1513
1483
1458
1372
1244
1119
975
835
705
519
259
-54
-387
-732
-1115
-1514
-1872
-2198
-2467
-2634
-2714
-2679
-2524
-2287
-1975
-1624
-1228
-811
-457
-191
3
112
141
118
54
-28
-179
-354
-445
-489
-531
-497
-370
-215
-70
28
173
344
433
496
514
469
423
335
258
208
138
170
278
398
594
836
1086
1334
1549
1764
1929
1940
1926
1875
1704
1499
1325
1284
1253
1110
999
931
915
949
948
922
804
634
545
436
219
-12
-160
-207
-297
-435
-468
-444
-409
-368
-373
-408
-522
-678
-798
-1001
-1264
-1484
-1674
-1867
-2100
-2272
-2273
-2175
-1997
-1767
-1546
-1250
-919
-593
-310
-162
-34
80
65
-57
-227
-342
-416
-507
-563
-584
-603
-591
-530
-401
-228
-46
172
391
568
773
1031
1322
1598
1801
1955
2036
2046
2023
1940
1809
1664
1516
1345
1104
848
676
599
516
333
85
-164
-430
-729
-1041
-1355
-1675
-2018
-2330
-2550
-2660
-2617
-2444
-2218
-1960
-1635
-1186
-668
-216
107
311
440
487
428
324
199
-2
-233
-423
-530
-528
-449
-312
-160
-45
98
299
486
585
560
500
443
320
184
88
22
-15
-13
106
351
658
1043
1425
1715
1963
2193
2382
2434
2316
2147
1921
1581
1203
932
843
808
728
680
712
826
1015
1194
1264
1181
1041
926
745
418
54
-184
-333
-568
-849
-1007
-1016
-949
-893
-864
-872
-919
-950
-1023
-1200
-1439
-1667
-1829
-2000
-2230
-2390
-2393
-2268
-2078
-1896
-1688
-1447
-1175
-860
-597
-437
-306
-206
-175
-245
-370
-427
-433
-455
-510
-559
-553
-511
-439
-296
-109
102
353
635
908
1152
1433
1744
1983
2105
2145
2142
2105
2021
1897
1756
1592
1397
1159
941
779
652
556
421
234
25
-210
-490
-816
-1158
-1491
-1818
-2116
-2336
-2483
-2510
-2416
-2219
-1924
-1552
-1108
-651
-260
56
303
476
526
435
275
78
-137
-351
-536
-644
-671
-599
-444
-249
-44
170
416
671
813
819
763
701
659
572
451
361
283
228
243
357
594
884
1182
1468
1695
1896
2069
2145
2079
1917
1709
1455
1099
685
358
173
127
151
208
296
415
627
907
1088
1066
959
864
728
455
48
-357
-638
-810
-919
-1000
-1062
-1048
-935
-781
-693
-685
-720
-778
-898
-1102
-1319
-1522
-1685
-1842
-2009
-2126
-2134
-2015
-1799
-1554
-1317
-1059
-810
-585
-423
-311
-203
-113
-68
-138
-242
-305
-339
-317
-341
-415
-416
-360
-198
42
274
515
746
1059
1367
1584
1836
2063
2183
2202
2114
2035
1970
1837
1716
1545
1298
1118
989
867
696
522
420
210
-134
-446
-754
-1081
-1443
-1861
-2237
-2573
-2805
-2845
-2806
-2688
-2449
-2123
-1716
-1305
-886
-477
-170
35
166
184
80
-49
-172
-288
-412
-526
-534
-457
-311
-115
95
330
517
687
861
970
1016
990
909
811
716
631
583
596
626
738
907
1112
1357
1578
1814
2020
2117
2122
2068
1952
1752
1469
1138
822
492
196
-5
-196
-263
-167
32
276
452
666
938
1113
1193
1186
1050
819
534
254
-50
-465
-786
-933
-1045
-1109
-1144
-1099
-986
-917
-781
-646
-648
-706
-808
-937
-1098
-1304
-1430
-1524
-1667
-1733
-1733
-1702
-1624
-1533
-1377
-1213
-1148
-1083
-982
-916
-879
-851
-846
-864
-918
-924
-864
-798
-677
-482
-220
56
327
631
967
1299
1560
1720
1835
1920
1976
1997
1968
1928
1892
1840
1809
1801
1767
1714
1596
1432
1238
960
619
228
-220
-696
-1214
-1745
-2217
-2610
-2892
-3030
-3051
-2966
-2804
-2560
-2233
-1829
-1364
-918
-536
-230
-25
133
231
219
127
-3
-81
-135
-219
-213
-99
30
179
355
558
754
919
1089
1193
1179
1127
1041
913
771
644
546
457
423
491
628
818
1060
1346
1612
1758
1864
1937
1894
1757
1543
1307
1065
774
518
320
133
39
19
31
85
114
259
510
674
797
863
902
913
775
626
475
251
80
-76
-215
-372
-572
-599
-531
-538
-557
-548
-491
-453
-526
-574
-624
-810
-978
-1134
-1333
-1534
-1735
-1828
-1929
-2117
-2173
-2120
-2017
-1890
-1776
-1609
-1471
-1391
-1257
-1118
-1043
-993
-911
-808
-745
-704
-581
-390
-204
11
245
535
830
1040
1223
1396
1507
1588
1650
1684
1701
1734
1800
1852
1886
1928
1975
1981
1921
1777
1510
1134
679
144
-453
-1099
-1750
-2312
-2750
-3058
-3219
-3224
-3076
-2831
-2514
-2112
-1693
-1295
-913
-618
-439
-330
-253
-183
-170
-186
-167
-100
20
165
335
551
743
896
1071
1204
1250
1222
1157
1074
944
781
660
560
485
459
475
565
679
830
1030
1241
1425
1584
1727
1833
1882
1892
1874
1784
1632
1508
1405
1269
1116
960
805
640
491
392
286
154
31
-92
-167
-155
-40
153
304
417
570
751
898
996
1026
991
868
657
386
50
-275
-531
-782
-1024
-1258
-1441
-1500
-1496
-1492
-1546
-1652
-1763
-1853
-1938
-2036
-2144
-2227
-2317
-2415
-2446
-2375
-2222
-2045
-1895
-1783
-1688
-1590
-1454
-1316
-1238
-1187
-1123
-1053
-954
-794
-575
-323
-93
125
355
590
816
1022
1175
1261
1313
1387
1490
1566
1648
1775
1932
2057
2147
2240
2291
2271
2173
1936
1542
1038
493
-65
-662
-1278
-1821
-2251
-2536
-2649
-2618
-2469
-2202
-1867
-1508
-1165
-810
-451
-185
-44
13
56
83
138
230
323
398
496
697
949
1146
1254
1320
1333
1248
1103
935
736
521
320
138
2
-91
-107
-41
76
258
473
698
939
1193
1456
1709
1901
2033
2090
2109
2073
1944
1781
1601
1402
1142
859
588
343
116
-89
-262
-410
-481
-510
-549
-628
-668
-646
-520
-279
-34
216
411
598
856
1025
1105
1104
943
743
478
116
-244
-636
-967
-1215
-1502
-1718
-1870
-2006
-2051
-2091
-2102
-2097
-2164
-2175
-2177
-2205
-2169
-2110
-2018
-1950
-1972
-1915
-1781
-1673
-1541
-1488
-1442
-1367
-1311
-1170
-1017
-864
-666
-467
-264
-43
176
434
695
865
978
1066
1152
1227
1272
1325
1371
1424
1523
1679
1873
2065
2250
2432
2560
2579
2493
2312
2028
1622
1063
429
-186
-795
-1345
-1791
-2102
-2285
-2342
-2247
-2029
-1750
-1432
-1084
-737
-429
-197
-45
9
19
-4
-13
-5
-6
27
121
268
442
635
816
991
1091
1105
1070
963
793
547
268
12
-210
-350
-403
-397
-298
-110
147
491
879
1270
1600
1845
2020
2138
2189
2167
2037
1809
1561
1274
988
710
460
260
89
-72
-202
-287
-340
-355
-378
-408
-459
-507
-516
-501
-494
-455
-326
-121
102
286
480
711
903
1014
1050
953
751
523
228
-145
-620
-1083
-1417
-1734
-2026
-2264
-2422
-2434
-2390
-2324
-2210
-2085
-1921
-1752
-1637
-1521
-1464
-1431
-1406
-1461
-1547
-1602
-1617
-1563
-1499
-1438
-1319
-1185
-983
-747
-555
-321
-78
143
321
424
546
689
796
913
1015
1086
1180
1273
1427
1598
1731
1896
2041
2160
2262
2305
2320
2273
2117
1894
1582
1214
790
269
-234
-682
-1067
-1341
-1545
-1654
-1661
-1605
-1455
-1233
-989
-715
-478
-288
-134
-47
14
49
41
26
6
8
68
147
280
468
638
785
887
937
982
945
847
701
460
219
-5
-199
-303
-372
-350
-226
-89
130
394
693
1031
1269
1445
1585
1651
1691
1613
1403
1164
898
650
403
145
-61
-250
-412
-507
-579
-598
-599
-591
-556
-550
-543
-516
-474
-448
-462
-460
-337
-44
272
525
739
963
1254
1468
1553
1521
1339
1113
779
312
-207
-763
-1206
-1562
-1909
-2183
-2354
-2381
-2255
-2084
-1896
-1691
-1505
-1291
-1169
-1182
-1217
-1260
-1297
-1401
-1619
-1766
-1777
-1705
-1550
-1422
-1280
-1064
-798
-491
-266
-90
121
306
410
423
409
500
642
768
894
998
1149
1354
1559
1723
1825
1894
1924
1892
1815
1707
1599
1499
1355
1140
896
676
495
320
95
-173
-417
-614
-796
-965
-1076
-1111
-1057
-964
-891
-801
-650
-427
-232
-146
-149
-197
-226
-239
-260
-264
-263
-265
-193
-26
182
380
588
822
977
1010
994
957
902
738
520
320
111
-41
-101
-63
23
104
230
422
625
822
987
1097
1098
995
836
637
421
208
28
-149
-306
-395
-394
-325
-248
-179
-85
14
77
124
145
117
57
-9
-118
-201
-216
-125
71
250
503
805
1081
1356
1533
1666
1661
1439
1186
839
364
-176
-719
-1110
-1443
-1802
-2003
-2055
-2007
-1871
-1704
-1477
-1280
-1213
-1160
-1138
-1223
-1357
-1546
-1710
-1900
-2149
-2264
-2260
-2200
-2047
-1866
-1614
-1322
-1029
-664
-329
-47
196
382
544
641
692
778
885
1024
1173
1261
1364
1487
1579
1635
1614
1541
1456
1345
1228
1120
1011
898
793
702
648
629
616
601
559
457
293
116
-24
-168
-327
-438
-498
-537
-574
-574
-521
-464
-431
-412
-424
-452
-451
-456
-449
-410
-357
-277
-160
17
256
500
737
952
1112
1205
1234
1201
1082
908
701
499
316
116
-32
-109
-145
-135
-119
-62
54
135
168
175
147
118
63
-1
-85
-167
-195
-205
-165
-89
-36
43
162
265
320
318
334
343
234
75
-75
-222
-310
-402
-495
-476
-321
-29
279
533
821
1139
1396
1553
1581
1484
1302
1048
722
311
-149
-530
-829
-1079
-1278
-1417
-1456
-1419
-1350
-1280
-1242
-1229
-1239
-1283
-1382
-1544
-1728
-1884
-2026
-2151
-2209
-2204
-2123
-1957
-1727
-1451
-1135
-775
-428
-165
48
274
472
615
717
792
876
949
1049
1200
1308
1369
1402
1410
1393
1337
1243
1103
938
779
653
567
529
549
616
719
846
947
1007
1047
1053
978
808
560
297
43
-201
-406
-605
-775
-889
-939
-913
-851
-760
-678
-614
-559
-514
-456
-377
-267
-153
-53
56
207
406
612
796
916
987
1005
959
879
745
543
293
-1
-277
-495
-664
-751
-806
-841
-819
-757
-637
-491
-331
-167
-59
36
120
193
275
319
350
367
363
400
429
432
442
393
323
241
100
-30
-149
-267
-344
-446
-491
-437
-276
54
405
738
1060
1363
1687
1897
1973
1968
1807
1579
1299
937
533
113
-192
-396
-634
-831
-948
-1030
-1036
-1045
-1069
-1098
-1207
-1295
-1387
-1570
-1723
-1859
-1944
-2017
-2137
-2142
-2063
-1942
-1720
-1476
-1207
-928
-681
-393
-138
54
269
461
615
728
791
902
1004
1053
1079
1045
983
921
856
807
715
570
436
317
216
163
194
294
419
571
780
987
1156
1298
1397
1389
1258
1046
784
471
110
-244
-560
-848
-1103
-1279
-1349
-1335
-1272
-1157
-1014
-860
-704
-554
-414
-294
-162
-17
101
189
289
425
572
678
733
747
685
586
483
349
181
14
-136
-298
-478
-605
-672
-699
-679
-646
-608
-555
-450
-288
-140
-5
146
281
371
435
516
594
624
617
608
580
522
457
389
283
144
58
0
-83
-170
-236
-233
-172
-45
219
503
761
1021
1308
1638
1884
2035
2137
2090
1953
1768
1524
1233
866
569
353
92
-155
-343
-512
-666
-800
-885
-992
-1201
-1411
-1576
-1783
-2001
-2177
-2252
-2325
-2459
-2477
-2358
-2198
-1986
-1720
-1443
-1197
-970
-682
-402
-199
21
223
353
423
443
510
575
597
616
566
481
417
370
344
278
196
165
106
55
65
113
250
411
559
715
850
1023
1203
1282
1296
1241
1099
877
568
243
-47
-347
-624
-885
-1116
-1227
-1244
-1210
-1142
-1061
-925
-778
-640
-479
-361
-255
-135
-20
112
227
333
474
608
707
765
800
840
806
723
636
506
355
205
68
-55
-195
-300
-371
-453
-493
-512
-499
-449
-418
-346
-237
-135
6
139
253
350
438
563
650
690
742
767
757
748
720
676
604
521
486
410
303
255
220
294
464
631
855
1049
1257
1516
1682
1824
1899
1828
1763
1633
1428
1209
934
726
523
265
78
-108
-296
-440
-647
-840
-1062
-1353
-1571
-1792
-2057
-2289
-2503
-2638
-2731
-2796
-2711
-2604
-2494
-2286
-2085
-1867
-1607
-1358
-1086
-866
-703
-520
-368
-234
-111
-22
74
121
136
188
191
166
150
127
116
103
128
171
182
227
323
452
616
767
922
1061
1156
1260
1347
1356
1312
1217
1050
816
508
216
-53
-322
-559
-775
-946
-1022
-1026
-986
-907
-797
-656
-489
-322
-184
-36
129
262
363
473
587
690
777
843
877
868
866
847
800
775
735
657
575
468
370
279
165
45
-111
-267
-408
-550
-648
-711
-752
-709
-604
-452
-278
-108
104
334
532
720
857
936
992
977
942
885
770
706
653
563
467
361
329
323
258
291
411
535
657
710
810
991
1139
1282
1355
1324
1336
1318
1283
1175
921
777
659
441
222
-52
-282
-485
-785
-1060
-1344
-1661
-1875
-2082
-2305
-2494
-2675
-2723
-2728
-2761
-2683
-2572
-2429
-2264
-2174
-2015
-1819
-1643
-1412
-1247
-1135
-986
-821
-606
-452
-371
-234
-112
-10
72
116
203
281
347
441
517
623
765
880
1001
1116
1228
1355
1425
1460
1478
1466
1463
1427
1362
1302
1216
1100
953
780
600
423
216
-5
-227
-430
-585
-710
-783
-812
-805
-730
-621
-488
-317
-150
43
235
372
477
563
649
735
785
812
815
810
830
814
787
743
671
616
498
336
153
-91
-300
-473
-688
-885
-1045
-1150
-1187
-1178
-1055
-869
-678
-422
-181
31
261
461
653
793
850
883
860
816
780
696
641
605
525
468
386
273
213
151
135
163
179
235
281
369
579
767
917
1066
1159
1258
1339
1382
1350
1155
994
902
727
528
312
88
-129
-383
-600
-808
-1079
-1293
-1471
-1715
-1984
-2228
-2345
-2402
-2541
-2619
-2615
-2597
-2530
-2423
-2264
-2094
-1954
-1771
-1578
-1443
-1257
-995
-773
-641
-552
-399
-227
-94
49
198
310
396
485
612
776
924
1052
1155
1211
1258
1332
1417
1476
1480
1449
1430
1425
1407
1397
1382
1346
1259
1088
887
693
492
281
-2
-334
-630
-839
-943
-998
-1026
-983
-867
-707
-507
-293
-57
168
304
352
380
446
537
612
648
643
643
706
826
958
1039
1035
986
892
744
551
317
51
-244
-552
-844
-1100
-1281
-1344
-1323
-1271
-1176
-983
-695
-395
-110
145
340
484
600
685
733
740
699
629
546
508
529
554
553
500
420
348
235
116
14
-83
-96
-62
-34
16
165
456
762
988
1168
1315
1460
1580
1589
1455
1222
1008
839
623
345
87
-123
-301
-463
-631
-801
-976
-1163
-1367
-1592
-1810
-1994
-2134
-2270
-2424
-2558
-2614
-2574
-2489
-2380
-2242
-2108
-1963
-1803
-1652
-1480
-1297
-1122
-975
-889
-776
-597
-391
-158
52
276
524
748
977
1177
1352
1522
1613
1644
1655
1642
1623
1584
1512
1449
1393
1358
1360
1377
1373
1316
1213
1080
916
713
497
244
-74
-397
-684
-880
-963
-980
-927
-826
-686
-487
-267
-60
114
206
242
245
210
184
166
155
165
183
265
426
609
783
889
920
891
793
643
423
138
-179
-511
-840
-1103
-1266
-1352
-1344
-1259
-1110
-899
-644
-348
-63
169
344
452
477
467
421
333
239
145
117
132
164
263
394
516
610
643
633
597
495
360
185
-9
-102
-87
5
161
354
651
1002
1310
1602
1816
1934
1974
1902
1722
1438
1114
865
606
303
56
-141
-272
-360
-466
-569
-732
-928
-1104
-1330
-1576
-1823
-2073
-2283
-2477
-2635
-2690
-2696
-2654
-2556
-2464
-2359
-2241
-2089
-1901
-1760
-1627
-1456
-1286
-1101
-892
-643
-381
-123
181
470
708
920
1111
1270
1345
1353
1370
1371
1351
1323
1305
1323
1363
1448
1539
1586
1636
1676
1647
1524
1322
1089
820
510
184
-146
-420
-617
-744
-780
-748
-649
-468
-261
-64
79
176
259
282
234
147
35
-56
-97
-113
-78
17
164
365
581
775
937
1039
1047
940
718
416
54
-348
-746
-1103
-1392
-1606
-1708
-1678
-1528
-1279
-956
-595
-239
62
311
500
586
591
499
347
199
70
-7
-52
-40
71
231
428
659
887
1067
1137
1117
1016
801
534
280
49
-159
-258
-193
-12
239
575
1000
1415
1767
2048
2216
2255
2134
1879
1543
1104
652
258
-78
-347
-589
-749
-780
-775
-791
-847
-948
-1083
-1262
-1503
-1770
-2048
-2314
-2566
-2817
-3013
-3103
-3094
-3013
-2898
-2778
-2631
-2455
-2215
-1944
-1696
-1444
-1171
-898
-633
-370
-89
234
545
798
1002
1176
1340
1446
1483
1508
1508
1463
1429
1428
1450
1512
1606
1726
1831
1904
1965
1978
1892
1702
1414
1100
781
413
46
-274
-520
-661
-713
-669
-531
-358
-141
64
203
299
342
323
224
51
-131
-256
-318
-312
-247
-127
63
299
544
767
928
1003
965
776
476
88
-348
-745
-1123
-1464
-1709
-1852
-1856
-1716
-1457
-1123
-777
-418
-90
146
299
380
380
293
132
-38
-178
-251
-258
-192
-63
128
372
610
828
1020
1149
1213
1183
1032
809
546
290
53
-125
-167
-55
191
536
914
1298
1709
2107
2404
2527
2490
2342
2072
1689
1235
738
298
-47
-323
-531
-681
-751
-737
-710
-734
-855
-1045
-1248
-1510
-1842
-2201
-2551
-2853
-3114
-3325
-3429
-3426
-3304
-3103
-2876
-2617
-2348
-2039
-1710
-1416
-1149
-899
-646
-386
-176
13
230
465
693
877
1028
1182
1301
1391
1441
1460
1493
1519
1539
1535
1538
1604
1716
1813
1865
1852
1810
1742
1583
1324
997
680
396
79
-248
-495
-609
-601
-549
-465
-330
-159
15
149
219
218
160
75
-37
-194
-346
-410
-367
-285
-196
-61
145
375
553
645
662
597
443
194
-140
-510
-860
-1147
-1353
-1494
-1529
-1414
-1193
-925
-651
-368
-54
198
345
386
315
211
69
-98
-258
-387
-413
-333
-208
-24
210
483
766
957
1072
1128
1093
996
818
605
399
194
58
-2
9
169
503
929
1348
1687
2007
2342
2572
2651
2579
2377
2110
1771
1364
905
418
46
-186
-373
-538
-676
-767
-841
-968
-1125
-1319
-1587
-1895
-2205
-2529
-2829
-3068
-3227
-3326
-3414
-3404
-3267
-3077
-2856
-2609
-2351
-2085
-1841
-1600
-1340
-1103
-843
-552
-310
-97
105
331
585
804
994
1146
1232
1302
1361
1397
1432
1464
1514
1562
1558
1588
1688
1769
1801
1787
1761
1724
1630
1484
1281
1015
749
520
330
180
69
25
26
28
36
80
160
225
217
149
34
-91
-193
-279
-345
-396
-407
-373
-292
-167
-29
113
235
295
263
140
-4
-156
-370
-607
-822
-1008
-1139
-1219
-1223
-1141
-1038
-909
-752
-592
-436
-310
-234
-218
-257
-274
-258
-265
-274
-266
-213
-106
28
194
379
556
709
824
893
898
884
885
851
764
676
598
529
502
538
628
770
1018
1343
1612
1809
1997
2210
2411
2473
2411
2271
2053
1800
1472
1087
674
285
6
-233
-518
-817
-1094
-1299
-1452
-1643
-1865
-2109
-2371
-2598
-2816
-3037
-3209
-3305
-3334
-3366
-3388
-3298
-3122
-2899
-2641
-2383
-2088
-1752
-1410
-1070
-785
-512
-227
27
248
413
553
727
877
990
1087
1158
1235
1316
1379
1429
1463
1506
1541
1552
1579
1608
1634
1664
1650
1611
1581
1520
1425
1274
1083
916
745
578
413
277
177
79
-7
-60
-118
-176
-214
-259
-300
-337
-370
-378
-374
-354
-300
-232
-161
-102
-40
21
34
8
-22
-86
-170
-257
-356
-471
-592
-678
-721
-766
-815
-821
-817
-825
-835
-829
-778
-716
-657
-586
-502
-401
-266
-127
23
173
312
456
569
658
719
724
730
705
642
610
566
550
549
536
592
659
722
822
890
981
1101
1209
1367
1545
1717
1891
2025
2183
2357
2443
2457
2352
2150
1925
1601
1176
696
185
-262
-679
-1100
-1493
-1840
-2062
-2215
-2382
-2511
-2644
-2777
-2845
-2941
-3058
-3147
-3242
-3288
-3307
-3324
-3255
-3103
-2878
-2578
-2266
-1932
-1567
-1189
-803
-499
-259
-5
210
378
483
565
714
858
968
1084
1186
1299
1402
1453
1511
1553
1572
1620
1634
1627
1640
1684
1788
1865
1865
1860
1838
1798
1704
1523
1295
1037
775
520
255
15
-171
-296
-379
-444
-456
-409
-342
-272
-234
-215
-189
-192
-214
-268
-353
-408
-457
-490
-508
-514
-465
-394
-325
-248
-193
-147
-122
-150
-231
-367
-530
-682
-831
-961
-1051
-1126
-1129
-1056
-923
-698
-450
-189
61
230
395
530
592
601
509
379
248
93
-19
-100
-123
-45
61
196
367
557
778
961
1079
1166
1206
1210
1222
1210
1269
1447
1627
1836
2046
2286
2586
2808
2922
2901
2697
2431
2067
1562
970
289
-320
-811
-1297
-1739
-2105
-2359
-2459
-2539
-2629
-2702
-2801
-2876
-2978
-3159
-3307
-3423
-3495
-3537
-3584
-3539
-3335
-3016
-2611
-2193
-1786
-1362
-961
-570
-237
1
182
317
406
453
463
539
693
849
997
1145
1327
1524
1689
1812
1865
1866
1854
1796
1706
1611
1574
1625
1688
1727
1750
1788
1855
1896
1843
1675
1419
1143
851
540
226
-71
-310
-500
-646
-707
-692
-623
-543
-487
-441
-438
-449
-466
-524
-632
-763
-851
-878
-861
-804
-710
-577
-420
-256
-94
47
124
130
64
-79
-272
-486
-683
-819
-932
-1028
-1049
-990
-838
-607
-350
-89
123
265
359
392
380
321
201
76
-47
-139
-176
-166
-95
14
156
357
535
685
840
955
1058
1138
1180
1226
1253
1288
1388
1552
1779
2047
2286
2526
2753
2908
2972
2899
2699
2407
2012
1538
994
403
-145
-638
-1089
-1484
-1844
-2132
-2329
-2476
-2597
-2740
-2911
-3076
-3229
-3358
-3467
-3556
-3591
-3600
-3584
-3498
-3295
-2980
-2611
-2227
-1854
-1516
-1186
-842
-508
-199
62
277
468
603
700
814
955
1112
1236
1334
1410
1456
1481
1501
1507
1490
1451
1430
1413
1377
1395
1464
1581
1706
1798
1875
1924
1913
1823
1650
1424
1148
826
512
210
-68
-296
-462
-562
-630
-654
-609
-532
-467
-447
-476
-523
-593
-663
-715
-774
-825
-857
-854
-780
-656
-496
-318
-161
-32
63
111
128
117
45
-75
-234
-392
-497
-574
-608
-612
-586
-510
-401
-289
-168
-52
22
65
48
4
-39
-111
-157
-209
-264
-274
-258
-176
-20
159
345
515
680
838
959
1086
1208
1277
1309
1313
1330
1399
1556
1796
2026
2216
2402
2590
2749
2830
2849
2760
2526
2195
1757
1245
676
115
-369
-854
-1337
-1771
-2126
-2374
-2563
-2723
-2832
-2937
-3048
-3162
-3279
-3366
-3425
-3454
-3422
-3384
-3338
-3221
-3007
-2688
-2345
-2000
-1624
-1252
-907
-580
-279
-11
192
335
475
586
666
777
887
993
1093
1175
1289
1385
1436
1489
1510
1505
1506
1511
1523
1538
1566
1637
1708
1740
1767
1775
1758
1697
1565
1385
1164
904
639
392
166
-36
-207
-333
-422
-485
-507
-491
-464
-465
-511
-580
-674
-773
-825
-864
-897
-907
-907
-841
-731
-580
-390
-239
-94
41
101
137
128
61
-44
-203
-339
-438
-520
-555
-555
-540
-502
-445
-350
-216
-101
-14
25
12
3
-22
-53
-63
-99
-101
-67
-14
107
201
311
471
594
747
874
955
1052
1083
1108
1174
1191
1241
1329
1495
1751
1940
2120
2324
2486
2660
2754
2748
2646
2406
2120
1753
1284
781
272
-208
-672
-1147
-1595
-1983
-2278
-2481
-2677
-2883
-3059
-3201
-3333
-3439
-3514
-3555
-3572
-3569
-3525
-3465
-3370
-3179
-2908
-2594
-2261
-1917
-1555
-1179
-824
-500
-199
63
299
487
623
750
876
973
1047
1120
1199
1273
1346
1438
1499
1519
1540
1571
1605
1614
1617
1660
1696
1707
1730
1769
1812
1840
1822
1751
1627
1464
1281
1090
899
702
487
263
80
-69
-199
-297
-357
-389
-442
-514
-582
-660
-750
-834
-888
-917
-945
-946
-906
-833
-726
-581
-432
-308
-208
-112
-25
14
8
-31
-102
-187
-284
-387
-468
-524
-537
-502
-453
-395
-339
-286
-224
-171
-141
-118
-93
-72
-69
-74
-68
-46
16
117
236
348
458
568
668
748
823
910
955
946
943
966
1017
1104
1253
1432
1601
1782
2011
2262
2439
2527
2546
2479
2318
2060
1722
1310
845
403
-17
-469
-919
-1329
-1679
-1975
-2245
-2456
-2656
-2881
-3072
-3234
-3373
-3488
-3576
-3602
-3593
-3561
-3463
-3305
-3098
-2834
-2540
-2206
-1844
-1488
-1117
-763
-446
-161
73
301
499
657
831
986
1096
1180
1230
1312
1412
1484
1576
1654
1702
1734
1719
1720
1719
1714
1755
1788
1790
1772
1760
1784
1795
1762
1704
1600
1461
1282
1065
864
679
479
268
52
-139
-298
-429
-504
-549
-615
-695
-785
-895
-1003
-1086
-1136
-1179
-1205
-1174
-1103
-1012
-889
-730
-544
-385
-267
-145
-46
-8
-33
-92
-149
-216
-314
-405
-466
-508
-522
-497
-436
-389
-358
-283
-196
-147
-133
-160
-177
-161
-160
-153
-126
-85
0
112
234
369
508
665
790
858
926
979
1019
1047
1017
981
974
986
1105
1298
1503
1737
1961
2211
2454
2590
2641
2590
2438
2232
1902
1485
1035
578
180
-234
-665
-1030
-1387
-1685
-1916
-2157
-2349
-2548
-2772
-2935
-3114
-3282
-3396
-3503
-3543
-3549
-3540
-3419
-3229
-2966
-2650
-2352
-1993
-1629
-1292
-930
-615
-311
-14
217
450
641
799
978
1129
1260
1347
1408
1495
1536
1557
1611
1633
1616
1594
1585
1578
1553
1573
1627
1644
1645
1653
1694
1726
1709
1680
1603
1471
1321
1115
891
671
446
234
2
-203
-361
-504
-588
-647
-722
-786
-862
-936
-1004
-1099
-1141
-1170
-1208
-1187
-1145
-1067
-962
-841
-674
-517
-375
-237
-124
-30
27
42
44
16
-39
-97
-159
-200
-234
-273
-312
-350
-349
-337
-339
-338
-353
-371
-373
-366
-324
-294
-244
-138
-30
101
228
378
557
680
799
897
923
956
968
951
961
940
960
1018
1087
1268
1464
1659
1885
2080
2289
2430
2469
2479
2345
2151
1928
1588
1212
791
388
51
-313
-664
-980
-1303
-1551
-1793
-2063
-2298
-2588
-2858
-3074
-3308
-3481
-3596
-3668
-3661
-3596
-3450
-3228
-2961
-2640
-2326
-2006
-1653
-1339
-1031
-736
-459
-187
35
245
433
603
788
952
1111
1241
1315
1393
1467
1521
1570
1583
1586
1567
1551
1552
1546
1568
1636
1709
1782
1856
1922
1967
1969
1941
1863
1706
1483
1209
910
631
364
92
-145
-339
-493
-601
-691
-755
-798
-875
-962
-1047
-1141
-1245
-1328
-1370
-1390
-1372
-1294
-1154
-961
-740
-486
-235
-35
138
270
357
399
379
316
205
51
-91
-212
-296
-353
-407
-431
-432
-433
-442
-438
-421
-408
-398
-412
-414
-396
-375
-308
-216
-97
39
165
324
479
615
760
867
939
972
974
978
965
959
949
950
1006
1110
1292
1484
1662
1850
2042
2240
2354
2382
2342
2187
1988
1721
1371
978
561
205
-146
-519
-871
-1214
-1502
-1729
-1957
-2192
-2459
-2721
-2956
-3188
-3391
-3531
-3596
-3572
-3480
-3359
-3192
-2975
-2693
-2365
-2062
-1760
-1463
-1213
-965
-738
-513
-271
-51
169
372
554
769
962
1134
1295
1410
1520
1609
1662
1687
1674
1656
1635
1607
1610
1648
1721
1812
1887
1959
2020
2077
2122
2092
1989
1811
1532
1213
873
522
198
-99
-325
-497
-640
-720
-758
-752
-714
-684
-693
-748
-843
-957
-1080
-1174
-1214
-1232
-1210
-1116
-974
-776
-541
-286
-28
186
370
475
492
466
373
235
67
-118
-272
-409
-502
-561
-627
-638
-619
-587
-544
-529
-512
-510
-559
-600
-619
-610
-563
-497
-392
-263
-120
78
303
519
739
918
1066
1180
1218
1210
1173
1150
1137
1091
1077
1084
1143
1313
1496
1702
1915
2102
2310
2424
2439
2372
2166
1921
1606
1206
796
350
-54
-398
-749
-1055
-1330
-1574
-1763
-1983
-2200
-2413
-2652
-2822
-2972
-3123
-3197
-3223
-3163
-3062
-2974
-2813
-2619
-2411
-2167
-1965
-1770
-1547
-1329
-1092
-882
-659
-373
-76
229
509
753
1000
1229
1431
1570
1620
1638
1676
1701
1646
1563
1512
1501
1527
1590
1680
1771
1872
2003
2086
2076
2025
1956
1824
1597
1282
954
633
323
40
-214
-410
-519
-551
-569
-596
-602
-585
-605
-680
-788
-928
-1084
-1235
-1363
-1462
-1508
-1457
-1319
-1126
-886
-603
-304
-11
238
430
551
586
559
479
318
107
-80
-260
-421
-553
-649
-692
-703
-696
-653
-612
-571
-536
-535
-543
-587
-603
-583
-593
-547
-459
-356
-191
-7
197
408
599
838
1035
1151
1258
1324
1358
1360
1320
1293
1261
1240
1272
1326
1459
1649
1824
1993
2121
2244
2338
2321
2233
2042
1774
1488
1146
744
293
-109
-417
-718
-1025
-1308
-1570
-1764
-1923
-2091
-2288
-2496
-2644
-2749
-2856
-2919
-2928
-2870
-2767
-2709
-2631
-2498
-2312
-2069
-1876
-1729
-1563
-1381
-1136
-863
-608
-328
-52
227
493
708
923
1130
1302
1421
1454
1460
1473
1475
1464
1452
1463
1475
1469
1514
1579
1632
1715
1812
1876
1840
1732
1644
1512
1305
1059
775
498
225
-19
-213
-387
-501
-564
-608
-642
-687
-741
-795
-867
-975
-1112
-1247
-1334
-1395
-1401
-1347
-1242
-1081
-881
-637
-376
-113
158
390
526
562
524
466
372
231
57
-145
-323
-458
-558
-618
-645
-622
-548
-487
-437
-394
-368
-346
-358
-372
-405
-446
-452
-420
-351
-232
-56
152
382
636
901
1138
1328
1489
1606
1654
1648
1590
1521
1443
1348
1279
1263
1347
1490
1652
1826
1994
2140
2242
2289
2255
2117
1872
1550
1151
685
203
-226
-594
-924
-1231
-1501
-1721
-1885
-2001
-2094
-2203
-2354
-2506
-2639
-2759
-2871
-2934
-2943
-2924
-2890
-2826
-2708
-2532
-2298
-2045
-1814
-1590
-1361
-1107
-842
-586
-331
-101
103
272
431
612
797
971
1102
1195
1252
1300
1360
1409
1446
1454
1442
1418
1411
1447
1501
1568
1651
1724
1747
1738
1712
1656
1535
1344
1105
828
544
278
26
-190
-373
-498
-572
-648
-715
-772
-801
-836
-907
-995
-1093
-1179
-1230
-1256
-1251
-1197
-1080
-891
-661
-415
-165
74
309
506
632
692
683
629
537
400
235
45
-140
-304
-431
-497
-533
-558
-562
-551
-528
-512
-511
-512
-528
-543
-550
-564
-558
-525
-426
-245
-37
189
409
646
913
1162
1369
1495
1552
1568
1528
1452
1347
1251
1199
1217
1344
1498
1645
1813
2008
2227
2365
2402
2369
2225
1997
1669
1235
754
271
-131
-484
-829
-1147
-1427
-1629
-1783
-1896
-1988
-2110
-2245
-2390
-2534
-2671
-2782
-2846
-2850
-2836
-2831
-2803
-2726
-2560
-2326
-2078
-1860
-1639
-1404
-1164
-931
-710
-473
-254
-54
126
293
462
659
862
1026
1139
1212
1275
1340
1406
1432
1399
1323
1243
1212
1222
1270
1350
1437
1521
1599
1657
1696
1701
1647
1527
1330
1075
788
509
242
-6
-212
-402
-547
-652
-707
-718
-721
-735
-778
-844
-930
-1009
-1066
-1109
-1135
-1127
-1072
-946
-767
-547
-286
-17
252
501
698
819
862
829
739
597
420
234
23
-180
-365
-501
-568
-596
-593
-582
-557
-534
-522
-522
-536
-558
-589
-624
-656
-646
-572
-427
-222
8
251
510
789
1067
1304
1465
1566
1608
1598
1543
1455
1368
1318
1339
1420
1529
1657
1806
1985
2163
2255
2237
2126
1951
1716
1376
948
471
3
-389
-721
-1008
-1246
-1444
-1574
-1653
-1716
-1790
-1896
-2008
-2137
-2304
-2479
-2634
-2736
-2793
-2834
-2841
-2801
-2679
-2478
-2241
-2001
-1775
-1558
-1342
-1136
-941
-758
-571
-383
-210
-62
86
268
481
699
881
1020
1122
1212
1295
1351
1370
1361
1329
1298
1276
1276
1330
1423
1529
1626
1698
1752
1788
1795
1753
1632
1443
1190
886
574
276
5
-234
-418
-559
-682
-759
-784
-776
-772
-787
-815
-863
-924
-976
-999
-987
-940
-866
-753
-593
-390
-160
85
333
553
722
829
875
867
805
687
530
348
141
-74
-274
-433
-548
-633
-696
-741
-757
-745
-722
-701
-688
-688
-692
-684
-666
-631
-565
-462
-322
-149
53
283
532
784
1006
1179
1298
1378
1409
1400
1386
1355
1330
1335
1408
1544
1687
1834
1997
2159
2272
2283
2209
2059
1814
1490
1111
696
255
-155
-498
-790
-1040
-1240
-1383
-1489
-1564
-1625
-1718
-1861
-2034
-2205
-2381
-2568
-2728
-2840
-2911
-2949
-2925
-2833
-2687
-2485
-2235
-1970
-1723
-1481
-1239
-1018
-831
-642
-451
-302
-158
9
190
368
551
763
960
1119
1260
1371
1447
1484
1500
1480
1421
1363
1328
1313
1317
1371
1448
1518
1582
1661
1729
1712
1614
1471
1267
990
679
395
128
-151
-394
-567
-694
-793
-845
-850
-832
-812
-810
-833
-880
-916
-928
-924
-894
-833
-735
-599
-413
-170
102
363
618
848
1028
1134
1165
1136
1045
897
710
477
211
-58
-304
-487
-628
-739
-808
-856
-868
-853
-848
-853
-868
-874
-863
-861
-862
-848
-794
-682
-516
-304
-56
217
497
755
975
1138
1248
1338
1387
1395
1378
1353
1356
1403
1512
1659
1824
1997
2161
2272
2284
2208
2059
1848
1591
1254
860
446
27
-329
-611
-835
-1004
-1158
-1272
-1366
-1492
-1629
-1785
-1957
-2124
-2309
-2504
-2690
-2844
-2915
-2924
-2879
-2760
-2586
-2379
-2152
-1929
-1720
-1525
-1334
-1134
-950
-777
-599
-427
-241
-42
168
403
650
892
1108
1257
1345
1398
1421
1441
1438
1408
1366
1299
1237
1219
1249
1336
1447
1556
1664
1740
1789
1797
1742
1633
1450
1180
857
518
181
-149
-433
-632
-759
-850
-911
-921
-884
-836
-808
-802
-795
-799
-814
-825
-838
-834
-793
-686
-505
-266
3
281
549
780
967
1097
1171
1191
1130
983
764
500
228
-38
-281
-488
-664
-808
-925
-1001
-1029
-1001
-963
-946
-939
-933
-927
-934
-950
-939
-875
-771
-646
-492
-295
-66
185
450
698
910
1078
1202
1280
1298
1274
1248
1242
1278
1373
1511
1669
1849
2032
2199
2303
2319
2284
2175
1985
1719
1372
1000
613
247
-62
-351
-598
-800
-979
-1134
-1290
-1460
-1658
-1891
-2131
-2357
-2585
-2784
-2922
-3010
-3030
-2992
-2886
-2721
-2521
-2284
-2031
-1790
-1578
-1386
-1200
-1032
-869
-685
-491
-317
-147
42
254
482
699
902
1064
1164
1232
1272
1283
1280
1267
1246
1226
1204
1199
1238
1330
1465
1610
1734
1842
1915
1937
1885
1751
1556
1286
974
648
325
19
-260
-474
-629
-749
-807
-814
-794
-765
-750
-764
-787
-812
-830
-839
-833
-787
-692
-555
-372
-146
109
375
641
882
1042
1136
1176
1145
1046
879
661
412
140
-117
-338
-535
-713
-861
-970
-1039
-1089
-1103
-1089
-1074
-1055
-1051
-1041
-1034
-1023
-983
-917
-821
-701
-566
-399
-192
35
283
506
689
851
972
1058
1104
1128
1156
1199
1262
1366
1518
1685
1873
2052
2227
2379
2444
2447
2356
2183
1962
1644
1290
928
588
304
1
-293
-539
-783
-991
-1196
-1406
-1623
-1902
-2182
-2428
-2658
-2850
-2994
-3064
-3049
-2983
-2868
-2705
-2526
-2310
-2067
-1847
-1647
-1470
-1298
-1129
-983
-817
-630
-444
-243
-38
175
412
633
828
987
1087
1168
1217
1228
1225
1196
1169
1166
1166
1198
1263
1359
1478
1589
1695
1787
1853
1872
1837
1747
1581
1339
1043
743
459
181
-62
-272
-448
-581
-679
-732
-760
-772
-760
-765
-797
-825
-852
-871
-870
-825
-722
-594
-445
-256
-29
218
447
648
809
907
940
922
852
735
579
390
169
-75
-287
-461
-616
-748
-891
-1002
-1066
-1098
-1088
-1078
-1058
-1035
-1028
-1001
-968
-932
-864
-772
-648
-512
-375
-199
10
240
460
640
791
902
992
1077
1127
1156
1187
1237
1342
1480
1643
1831
2006
2170
2302
2360
2373
2307
2171
2003
1756
1465
1155
842
586
321
58
-176
-417
-643
-875
-1124
-1354
-1631
-1923
-2183
-2449
-2681
-2863
-2978
-3000
-2990
-2930
-2794
-2628
-2424
-2197
-1982
-1776
-1599
-1422
-1236
-1079
-921
-749
-563
-368
-182
3
202
410
606
771
899
981
1020
1056
1092
1111
1114
1118
1140
1172
1213
1283
1380
1495
1606
1699
1774
1810
1790
1731
1627
1444
1197
926
664
405
143
-93
-279
-428
-552
-629
-674
-701
-721
-747
-774
-800
-826
-837
-828
-793
-726
-643
-514
-336
-138
90
328
542
708
803
842
828
758
655
520
348
147
-93
-317
-499
-671
-823
-950
-1028
-1063
-1078
-1052
-1012
-997
-993
-978
-958
-938
-907
-840
-746
-649
-528
-374
-191
19
245
454
627
755
855
933
1003
1069
1112
1147
1192
1288
1432
1584
1748
1931
2113
2248
2310
2316
2275
2196
2067
1881
1633
1340
1077
836
570
286
24
-199
-426
-681
-949
-1237
-1538
-1829
-2104
-2368
-2597
-2762
-2861
-2918
-2944
-2907
-2788
-2609
-2403
-2203
-2015
-1834
-1652
-1469
-1314
-1168
-989
-782
-595
-438
-274
-89
115
316
482
615
717
790
841
860
871
902
952
1005
1040
1074
1136
1228
1329
1429
1514
1591
1658
1673
1643
1577
1486
1364
1192
985
769
566
374
169
-27
-187
-299
-388
-471
-545
-596
-630
-667
-711
-755
-780
-774
-729
-669
-616
-531
-382
-203
-28
131
299
463
576
631
644
631
589
500
377
218
29
-142
-297
-469
-629
-755
-848
-918
-989
-1023
-1020
-1013
-989
-972
-962
-939
-898
-823
-738
-657
-534
-362
-190
-20
168
379
590
760
891
984
1037
1099
1149
1161
1223
1327
1447
1562
1639
1787
1974
2112
2216
2242
2218
2166
2035
1863
1612
1306
1080
857
580
294
6
-218
-428
-675
-903
-1164
-1440
-1682
-1950
-2226
-2465
-2647
-2740
-2820
-2886
-2849
-2772
-2651
-2472
-2319
-2165
-2005
-1847
-1669
-1539
-1409
-1222
-1052
-888
-726
-538
-291
-64
151
358
505
637
754
844
923
955
993
1050
1075
1102
1151
1221
1313
1400
1475
1546
1606
1656
1679
1666
1636
1569
1434
1269
1072
855
640
408
203
3
-191
-311
-403
-475
-503
-522
-520
-517
-524
-520
-520
-514
-499
-491
-472
-414
-318
-201
-73
69
213
353
468
560
602
592
572
512
414
286
102
-82
-256
-436
-570
-699
-824
-912
-984
-1003
-989
-991
-978
-965
-961
-946
-943
-916
-850
-781
-677
-545
-389
-190
6
229
477
679
866
1015
1108
1177
1190
1228
1321
1410
1502
1563
1634
1784
1926
2035
2100
2089
2067
2008
1869
1674
1421
1183
978
718
476
239
-3
-189
-395
-596
-802
-1045
-1256
-1466
-1708
-1944
-2164
-2329
-2440
-2561
-2643
-2653
-2620
-2537
-2446
-2351
-2236
-2122
-1984
-1862
-1774
-1640
-1477
-1306
-1148
-983
-761
-519
-258
8
247
447
627
788
927
1038
1111
1175
1235
1282
1314
1348
1414
1489
1549
1596
1636
1672
1692
1684
1668
1607
1512
1369
1158
939
727
536
328
93
-106
-259
-348
-372
-379
-371
-342
-309
-268
-249
-250
-256
-276
-293
-311
-332
-332
-296
-219
-113
-6
119
256
385
478
513
501
469
418
322
188
27
-137
-293
-444
-578
-703
-805
-882
-932
-965
-993
-1008
-1009
-1012
-1024
-1049
-1062
-1066
-1039
-963
-860
-721
-538
-323
-91
122
328
534
698
827
924
985
1013
1027
1081
1164
1260
1390
1537
1701
1867
2011
2112
2130
2107
2061
1952
1781
1539
1276
1042
795
553
315
81
-89
-254
-407
-559
-765
-968
-1159
-1377
-1604
-1856
-2065
-2212
-2363
-2468
-2520
-2533
-2469
-2383
-2300
-2206
-2114
-1985
-1871
-1797
-1689
-1551
-1393
-1216
-1026
-808
-564
-294
1
265
480
680
870
1031
1155
1256
1333
1371
1388
1401
1428
1455
1489
1535
1571
1600
1635
1664
1664
1630
1561
1466
1312
1094
838
569
311
59
-180
-371
-497
-556
-555
-516
-444
-357
-257
-160
-102
-80
-84
-114
-162
-229
-281
-304
-300
-246
-176
-104
-7
104
224
321
374
382
338
256
161
35
-114
-252
-381
-506
-627
-724
-780
-814
-826
-830
-845
-868
-894
-932
-991
-1054
-1093
-1101
-1086
-1046
-960
-812
-611
-378
-127
126
358
574
752
871
952
1006
1049
1098
1165
1273
1404
1540
1708
1892
2074
2235
2347
2390
2342
2223
2054
1832
1563
1289
1018
751
497
263
66
-115
-272
-408
-563
-747
-960
-1175
-1403
-1651
-1876
-2058
-2219
-2355
-2439
-2468
-2452
-2413
-2348
-2280
-2225
-2162
-2098
-2043
-1996
-1921
-1789
-1628
-1464
-1253
-986
-705
-412
-107
199
465
678
875
1038
1152
1240
1308
1358
1396
1418
1453
1500
1533
1582
1615
1638
1651
1639
1607
1525
1404
1253
1058
822
568
333
122
-77
-253
-371
-427
-435
-398
-334
-262
-202
-145
-91
-61
-64
-81
-92
-128
-175
-198
-190
-154
-90
-1
88
180
260
324
366
369
346
281
182
78
-28
-143
-261
-378
-477
-570
-651
-699
-740
-774
-813
-850
-878
-914
-955
-1005
-1045
-1052
-1038
-1006
-946
-848
-699
-517
-334
-141
48
224
385
521
633
725
795
854
914
990
1121
1295
1478
1665
1844
2033
2198
2299
2330
2284
2184
2038
1833
1586
1301
1020
794
591
387
193
22
-119
-259
-402
-571
-780
-991
-1210
-1420
-1625
-1834
-1997
-2115
-2221
-2299
-2350
-2386
-2391
-2374
-2355
-2340
-2325
-2289
-2218
-2121
-1981
-1788
-1550
-1285
-996
-678
-351
-33
272
541
765
948
1073
1168
1237
1273
1305
1340
1390
1437
1483
1543
1605
1670
1727
1743
1728
1669
1553
1409
1244
1044
824
585
359
164
-24
-183
-296
-356
-359
-342
-312
-268
-233
-194
-163
-146
-114
-90
-73
-58
-69
-65
-51
-31
16
70
127
190
239
254
251
232
199
146
84
15
-85
-180
-262
-355
-443
-528
-600
-660
-730
-794
-836
-881
-906
-925
-948
-965
-984
-980
-982
-972
-925
-861
-765
-647
-512
-356
-195
-10
175
337
501
642
767
869
935
1016
1107
1215
1375
1560
1743
1912
2038
2156
2235
2252
2225
2110
1934
1726
1476
1213
939
658
440
245
65
-76
-221
-344
-490
-648
-795
-1006
-1234
-1445
-1668
-1876
-2059
-2227
-2357
-2456
-2501
-2511
-2517
-2492
-2452
-2387
-2294
-2182
-2049
-1878
-1681
-1470
-1210
-916
-616
-317
-27
234
470
681
855
985
1084
1165
1220
1258
1304
1353
1418
1484
1549
1617
1665
1691
1702
1681
1611
1486
1336
1168
970
772
574
372
188
34
-91
-184
-239
-260
-262
-251
-225
-189
-146
-112
-74
-38
-8
14
23
41
56
63
80
94
101
101
109
117
111
102
87
55
14
-20
-53
-96
-144
-188
-249
-332
-428
-538
-658
-781
-893
-985
-1061
-1108
-1122
-1108
-1075
-1030
-969
-904
-840
-769
-704
-651
-590
-512
-426
-323
-194
-38
131
302
469
615
747
870
973
1063
1159
1263
1368
1483
1615
1765
1914
2042
2138
2195
2201
2135
2015
1842
1612
1353
1080
805
525
268
66
-99
-234
-349
-480
-628
-783
-941
-1107
-1298
-1494
-1686
-1891
-2088
-2252
-2376
-2458
-2511
-2534
-2528
-2492
-2412
-2286
-2117
-1925
-1713
-1479
-1239
-988
-718
-441
-178
62
270
456
615
767
921
1057
1160
1227
1280
1347
1410
1475
1531
1560
1574
1565
1533
1482
1410
1317
1210
1075
921
754
587
443
304
168
46
-56
-135
-203
-260
-296
-317
-334
-350
-355
-349
-325
-285
-251
-225
-192
-150
-99
-54
-16
19
50
66
69
61
53
37
19
0
-26
-63
-104
-137
-173
-221
-276
-354
-454
-557
-654
-739
-818
-891
-945
-974
-985
-980
-942
-888
-829
-778
-724
-662
-611
-557
-489
-410
-326
-219
-83
71
239
405
579
739
883
1020
1145
1263
1362
1456
1556
1654
1760
1867
1970
2068
2155
2206
2203
2143
2041
1901
1706
1484
1223
942
674
421
192
-25
-220
-382
-536
-698
-858
-1007
-1166
-1338
-1509
-1686
-1879
-2069
-2229
-2363
-2469
-2533
-2544
-2522
-2475
-2366
-2209
-2040
-1862
-1655
-1425
-1208
-1002
-786
-572
-376
-186
10
198
376
543
708
854
963
1063
1155
1213
1246
1273
1275
1255
1230
1205
1182
1156
1123
1077
1024
960
887
794
677
559
435
303
162
47
-39
-128
-192
-209
-211
-224
-217
-188
-154
-132
-117
-90
-69
-70
-78
-63
-45
-49
-34
-12
3
24
33
35
29
13
5
-15
-58
-100
-130
-171
-233
-315
-387
-452
-531
-597
-661
-717
-755
-788
-799
-791
-764
-724
-675
-628
-577
-520
-472
-433
-398
-349
-299
-239
-149
-35
112
273
426
600
777
916
1044
1173
1289
1392
1490
1575
1659
1745
1823
1882
1935
1980
1983
1976
1951
1864
1747
1586
1390
1162
905
638
370
121
-112
-340
-549
-738
-916
-1066
-1196
-1328
-1454
-1591
-1732
-1873
-2035
-2176
-2300
-2400
-2455
-2484
-2476
-2413
-2296
-2132
-1957
-1774
-1584
-1398
-1206
-1024
-862
-674
-481
-305
-119
60
242
422
597
758
886
997
1072
1107
1113
1088
1046
989
939
908
897
891
884
902
927
947
953
930
896
840
760
665
550
426
299
196
109
53
24
5
21
51
79
117
153
173
174
157
118
73
38
19
6
-1
-13
-14
2
20
38
46
45
34
2
-53
-129
-216
-314
-404
-486
-568
-626
-669
-705
-717
-724
-725
-713
-706
-690
-684
-693
-697
-692
-674
-646
-608
-551
-478
-375
-250
-114
33
180
321
459
587
702
817
924
1028
1128
1236
1348
1451
1556
1653
1738
1813
1861
1890
1890
1842
1770
1663
1529
1375
1193
1003
804
584
366
149
-71
-267
-465
-660
-842
-1017
-1190
-1361
-1527
-1683
-1829
-1962
-2083
-2195
-2275
-2328
-2357
-2338
-2294
-2213
-2090
-1952
-1789
-1619
-1444
-1260
-1085
-903
-732
-581
-429
-279
-131
30
182
322
465
586
701
800
864
913
937
947
944
931
923
916
915
935
954
972
1005
1024
1033
1030
1007
962
894
805
702
598
506
419
349
296
250
226
223
225
228
231
223
194
145
89
34
-31
-92
-143
-187
-196
-199
-185
-154
-124
-90
-70
-62
-74
-112
-162
-234
-331
-430
-530
-620
-681
-730
-756
-768
-765
-747
-729
-710
-702
-711
-728
-750
-777
-793
-806
-786
-726
-648
-537
-392
-228
-46
144
330
505
659
790
897
998
1089
1165
1247
1329
1411
1507
1607
1703
1792
1867
1915
1929
1912
1860
1770
1645
1491
1315
1122
917
712
512
312
115
-79
-277
-471
-659
-849
-1044
-1236
-1425
-1606
-1775
-1919
-2045
-2141
-2203
-2238
-2232
-2194
-2122
-2012
-1889
-1753
-1598
-1438
-1279
-1125
-977
-833
-706
-576
-441
-308
-168
-31
104
227
340
448
535
597
640
653
657
651
639
639
638
642
654
669
695
733
770
801
820
823
816
792
762
717
650
587
516
449
406
370
343
329
322
318
317
319
321
315
280
226
154
75
6
-58
-110
-152
-192
-206
-199
-172
-128
-91
-67
-59
-69
-97
-141
-201
-279
-373
-463
-547
-620
-672
-706
-736
-755
-769
-785
-789
-789
-784
-783
-793
-794
-788
-764
-707
-626
-527
-400
-262
-104
73
248
430
586
718
848
966
1073
1169
1262
1357
1447
1532
1626
1713
1792
1856
1897
1915
1913
1893
1840
1754
1642
1500
1331
1146
950
744
534
295
39
-211
-464
-709
-938
-1162
-1367
-1547
-1712
-1855
-1961
-2047
-2114
-2153
-2178
-2172
-2144
-2088
-2011
-1915
-1792
-1671
-1526
-1367
-1204
-1036
-877
-723
-577
-443
-317
-193
-78
23
112
194
272
346
415
475
519
543
563
565
562
554
543
540
535
533
541
552
565
579
588
595
599
592
585
574
547
525
500
482
486
491
506
518
530
534
527
514
482
443
389
333
270
203
144
90
51
25
9
8
17
29
41
53
56
48
27
-11
-59
-124
-204
-290
-384
-477
-569
-652
-726
-788
-843
-890
-916
-927
-923
-908
-879
-846
-805
-756
-701
-633
-549
-457
-351
-235
-119
11
147
290
438
572
712
842
967
1092
1208
1329
1440
1545
1651
1744
1816
1873
1907
1915
1893
1841
1773
1668
1532
1378
1197
1004
796
579
363
133
-102
-329
-549
-757
-959
-1145
-1312
-1479
-1641
-1786
-1914
-2025
-2112
-2176
-2214
-2227
-2213
-2159
-2085
-1978
-1843
-1691
-1515
-1333
-1157
-985
-828
-676
-531
-400
-274
-158
-54
45
132
219
301
366
429
474
504
523
525
526
524
517
518
521
523
535
549
569
593
617
648
667
673
662
637
610
579
552
538
525
519
528
542
565
597
627
643
643
624
588
537
470
394
321
264
217
181
155
133
128
132
139
150
145
128
101
64
16
-48
-121
-191
-259
-334
-427
-509
-584
-663
-735
-804
-879
-943
-996
-1034
-1050
-1061
-1050
-1013
-962
-892
-801
-692
-576
-456
-335
-206
-58
89
226
352
465
581
716
853
991
1135
1275
1397
1505
1609
1698
1772
1839
1870
1858
1816
1741
1650
1531
1381
1214
1035
842
641
432
207
-23
-255
-476
-695
-905
-1083
-1245
-1389
-1536
-1675
-1777
-1868
-1935
-1983
-2022
-2020
-2002
-1963
-1893
-1818
-1715
-1585
-1441
-1289
-1139
-974
-807
-649
-502
-381
-258
-137
-40
47
130
208
280
334
384
432
477
519
551
583
606
612
620
623
629
637
650
665
672
678
687
692
691
685
668
641
613
575
546
516
496
500
513
541
566
587
618
634
628
593
540
482
412
334
258
185
134
93
52
31
26
36
43
42
43
29
1
-28
-64
-111
-172
-236
-297
-376
-471
-562
-650
-740
-834
-927
-1002
-1062
-1097
-1114
-1116
-1092
-1047
-981
-899
-809
-704
-587
-470
-364
-255
-148
-46
52
153
262
381
509
636
777
926
1080
1229
1368
1499
1605
1686
1737
1757
1753
1722
1663
1578
1474
1357
1216
1058
889
718
533
330
112
-105
-318
-534
-746
-936
-1115
-1288
-1441
-1575
-1679
-1755
-1818
-1859
-1874
-1863
-1831
-1776
-1702
-1616
-1513
-1396
-1276
-1141
-994
-850
-706
-561
-415
-281
-164
-57
43
134
213
277
330
369
403
439
473
504
533
557
567
571
571
574
581
577
567
553
544
545
547
541
531
522
519
506
493
489
482
483
488
490
494
510
526
532
531
520
504
473
435
395
346
295
250
215
179
144
112
83
74
61
37
10
-13
-29
-47
-69
-98
-131
-161
-205
-253
-314
-382
-452
-535
-625
-724
-822
-900
-962
-1014
-1062
-1088
-1090
-1076
-1043
-1003
-938
-846
-751
-653
-545
-421
-294
-167
-37
90
213
341
472
599
726
851
976
1106
1233
1354
1454
1550
1634
1685
1717
1721
1698
1650
1571
1477
1360
1226
1075
902
719
521
319
111
-110
-324
-526
-725
-911
-1079
-1223
-1348
-1455
-1534
-1586
-1624
-1640
-1643
-1628
-1596
-1566
-1514
-1443
-1364
-1273
-1174
-1057
-935
-805
-671
-542
-413
-296
-185
-83
11
102
184
252
308
358
404
439
470
497
509
513
513
509
495
488
487
480
472
475
480
475
474
478
476
467
456
452
446
435
434
448
459
470
478
486
495
494
489
474
443
404
356
307
261
217
175
136
101
72
51
39
35
24
10
-6
-22
-39
-58
-78
-99
-134
-174
-217
-269
-323
-383
-448
-520
-603
-685
-756
-825
-889
-940
-976
-999
-1006
-1001
-980
-938
-882
-813
-735
-646
-544
-431
-312
-186
-57
68
190
313
440
566
682
802
918
1025
1124
1218
1309
1388
1453
1503
1527
1530
1511
1472
1414
1333
1237
1116
973
826
671
498
314
128
-56
-245
-433
-607
-770
-923
-1060
-1176
-1274
-1357
-1421
-1457
-1477
-1484
-1476
-1452
-1414
-1369
-1304
-1217
-1132
-1041
-935
-817
-702
-592
-473
-355
-251
-155
-62
23
109
185
256
318
375
420
461
491
514
531
537
527
513
501
490
470
461
466
465
471
480
495
505
514
520
522
521
517
508
498
486
476
470
463
461
452
441
423
396
365
326
285
237
187
144
102
68
38
19
10
3
2
-1
-6
-11
-25
-46
-67
-95
-126
-167
-214
-265
-319
-373
-436
-502
-576
-649
-719
-795
-875
-944
-993
-1034
-1067
-1075
-1066
-1044
-1004
-939
-864
-776
-675
-568
-460
-354
-251
-149
-49
49
150
256
364
473
585
695
809
928
1041
1151
1247
1320
1372
1406
1428
1433
1424
1394
1344
1275
1183
1087
985
875
754
626
488
331
166
-5
-187
-365
-528
-685
-843
-977
-1091
-1192
-1270
-1322
-1352
-1353
-1333
-1301
-1260
-1211
-1149
-1070
-977
-877
-768
-667
-581
-482
-375
-278
-185
-89
-1
78
147
214
272
326
373
413
453
474
473
467
453
435
421
407
393
387
382
383
398
419
442
469
489
497
494
480
463
445
422
398
373
346
321
296
266
241
214
186
155
120
89
63
39
23
16
11
14
25
31
28
29
32
33
28
18
1
-22
-47
-74
-109
-149
-194
-253
-322
-400
-487
-578
-673
-768
-857
-947
-1026
-1092
-1145
-1187
-1204
-1204
-1183
-1136
-1069
-983
-877
-753
-618
-477
-332
-185
-42
89
207
319
424
530
629
735
845
951
1062
1173
1274
1370
1449
1500
1525
1520
1487
1434
1360
1266
1154
1043
935
829
721
617
517
411
299
176
43
-96
-246
-403
-559
-714
-855
-982
-1084
-1160
-1207
-1229
-1224
-1191
-1140
-1076
-999
-913
-817
-721
-636
-549
-461
-380
-309
-245
-185
-124
-59
7
75
138
186
231
274
308
335
344
345
334
310
277
248
231
218
209
215
232
251
275
302
330
346
348
338
321
295
264
228
202
173
147
131
121
116
105
101
94
87
66
34
8
-19
-51
-77
-99
-104
-98
-92
-74
-46
-10
25
60
100
138
170
190
197
189
157
109
57
-20
-120
-236
-354
-476
-609
-737
-852
-952
-1041
-1118
-1172
-1209
-1227
-1216
-1179
-1112
-1023
-921
-804
-672
-527
-372
-212
-62
77
205
322
444
566
673
770
869
969
1063
1153
1234
1306
1370
1418
1450
1465
1446
1406
1357
1289
1203
1108
1009
909
801
688
580
474
362
241
118
6
-97
-214
-351
-489
-605
-710
-810
-902
-975
-1026
-1059
-1070
-1060
-1038
-1003
-946
-877
-807
-742
-673
-601
-530
-458
-387
-310
-240
-179
-117
-47
17
77
126
160
178
191
203
200
173
140
117
99
78
56
44
48
67
92
111
127
151
176
193
201
206
212
213
207
204
206
212
220
230
237
246
251
244
224
189
144
95
51
-2
-59
-102
-122
-125
-121
-100
-61
-12
47
102
150
190
222
244
244
231
203
162
102
25
-60
-146
-237
-335
-442
-555
-663
-769
-869
-959
-1033
-1089
-1126
-1134
-1118
-1078
-1009
-910
-794
-666
-522
-365
-208
-53
94
230
352
464
568
663
750
834
920
997
1068
1141
1214
1272
1308
1318
1301
1267
1213
1137
1044
941
832
729
632
545
471
408
343
276
204
131
60
-30
-135
-252
-374
-496
-610
-706
-789
-856
-904
-932
-940
-932
-904
-864
-829
-795
-757
-718
-680
-640
-594
-538
-485
-428
-358
-270
-181
-95
-7
80
152
203
242
266
268
253
223
187
154
123
103
85
66
63
74
89
104
112
121
121
118
116
110
104
93
77
64
58
62
84
114
146
181
211
235
249
257
253
231
190
140
85
33
-11
-40
-52
-53
-35
15
79
154
230
298
352
387
410
411
390
345
277
185
79
-30
-140
-261
-386
-509
-628
-735
-834
-927
-1008
-1078
-1126
-1154
-1160
-1145
-1106
-1039
-947
-828
-689
-536
-371
-203
-33
129
274
411
533
642
738
820
892
960
1027
1090
1150
1197
1234
1256
1256
1237
1189
1114
1028
928
822
710
600
498
406
325
251
183
116
52
-17
-94
-178
-270
-361
-451
-536
-608
-665
-704
-726
-732
-732
-725
-705
-680
-656
-637
-621
-609
-603
-590
-572
-545
-509
-468
-415
-352
-273
-193
-113
-28
46
104
147
179
196
204
201
186
163
144
132
126
124
126
129
131
138
142
149
149
138
121
104
84
64
49
36
31
36
42
51
70
101
135
154
161
165
166
160
146
124
100
74
53
42
39
51
72
107
152
201
256
304
347
379
396
391
372
344
297
224
130
34
-65
-169
-282
-399
-511
-618
-720
-813
-900
-973
-1026
-1074
-1111
-1126
-1115
-1076
-1018
-936
-831
-705
-560
-410
-254
-94
64
213
347
473
595
709
809
893
961
1019
1078
1134
1174
1196
1200
1182
1144
1089
1012
924
833
735
631
527
430
340
249
157
67
-20
-101
-183
-259
-332
-402
-460
-512
-558
-585
-601
-605
-595
-579
-551
-526
-500
-473
-456
-443
-433
-417
-398
-385
-369
-347
-323
-286
-247
-202
-153
-99
-46
-5
31
66
94
113
126
132
135
135
129
122
122
129
137
142
147
150
145
133
117
94
67
36
6
-25
-54
-76
-93
-88
-80
-68
-41
-15
16
48
73
93
107
114
113
109
103
96
95
91
104
123
151
188
222
256
295
333
363
384
397
395
378
352
306
255
195
124
43
-50
-146
-248
-354
-450
-545
-642
-734
-819
-889
-951
-991
-1021
-1024
-1007
-971
-909
-835
-740
-631
-514
-381
-247
-108
34
168
297
422
543
646
739
826
904
978
1035
1081
1116
1132
1137
1124
1093
1043
980
905
812
715
607
498
391
274
166
60
-42
-140
-224
-294
-361
-419
-467
-505
-527
-540
-543
-541
-527
-507
-486
-461
-436
-410
-389
-374
-357
-342
-329
-314
-298
-278
-256
-233
-211
-183
-147
-106
-71
-48
-24
4
22
30
35
38
38
30
28
36
44
56
67
80
92
97
95
88
79
66
44
9
-31
-68
-99
-129
-150
-158
-163
-161
-145
-120
-95
-71
-55
-38
-14
-3
-2
9
18
34
52
74
112
171
230
290
359
420
468
504
529
542
546
527
482
431
376
315
250
174
96
13
-78
-173
-263
-347
-432
-509
-580
-644
-710
-775
-821
-847
-861
-864
-854
-829
-773
-702
-625
-523
-410
-287
-167
-53
71
195
313
419
526
630
720
796
856
915
973
1014
1034
1036
1024
996
949
888
827
752
670
595
518
437
343
237
133
31
-76
-182
-279
-366
-434
-490
-542
-570
-572
-569
-567
-561
-550
-535
-528
-522
-508
-487
-461
-444
-433
-415
-380
-343
-311
-286
-260
-238
-219
-197
-177
-150
-118
-82
-50
-28
-6
8
21
33
35
34
42
55
65
79
96
122
156
180
195
209
216
218
201
171
138
110
82
48
20
-4
-20
-22
-14
-6
-1
14
26
27
23
21
24
40
50
53
68
97
145
197
241
287
337
383
413
433
438
438
428
400
371
336
300
255
193
129
68
9
-59
-139
-220
-304
-386
-465
-541
-613
-673
-718
-751
-774
-783
-776
-747
-705
-656
-604
-543
-467
-384
-302
-227
-143
-45
52
148
240
335
437
540
630
709
780
833
863
874
868
845
806
756
706
652
593
531
462
392
318
241
160
75
-14
-109
-201
-282
-358
-427
-484
-517
-532
-532
-521
-509
-500
-484
-465
-454
-448
-445
-429
-405
-384
-364
-341
-306
-261
-219
-180
-143
-105
-66
-31
-6
13
29
41
45
52
66
87
101
112
120
130
139
135
127
116
112
114
110
108
105
103
101
91
74
64
48
36
24
8
-1
-2
2
6
9
11
13
23
35
46
58
73
85
101
123
143
168
198
230
266
308
345
376
404
411
409
410
404
389
368
335
301
262
210
156
88
12
-64
-149
-232
-311
-395
-473
-546
-615
-677
-723
-759
-786
-797
-790
-763
-723
-667
-601
-526
-443
-358
-275
-184
-96
-16
72
156
239
331
422
509
592
662
725
778
809
825
819
805
771
725
672
604
540
476
414
349
289
224
158
83
0
-81
-161
-240
-309
-367
-426
-465
-494
-520
-533
-538
-534
-515
-496
-481
-462
-441
-419
-401
-383
-363
-334
-301
-267
-225
-178
-128
-82
-33
12
50
85
113
129
141
142
137
134
120
105
97
90
89
90
93
98
102
101
96
92
87
81
76
67
54
40
34
29
21
17
8
10
12
12
13
17
21
26
36
46
65
89
120
149
179
210
246
280
307
330
351
366
370
370
368
370
366
355
341
328
313
290
255
204
145
76
4
-77
-169
-268
-365
-447
-522
-593
-659
-718
-755
-782
-794
-803
-795
-763
-719
-661
-596
-522
-434
-342
-250
-161
-78
-4
61
126
197
267
334
389
448
512
578
633
672
698
710
707
689
654
603
544
478
411
348
286
225
168
115
64
9
-50
-109
-162
-212
-260
-312
-358
-391
-414
-431
-446
-452
-453
-453
-448
-440
-424
-405
-383
-362
-337
-305
-271
-232
-197
-159
-111
-63
-15
32
77
116
148
171
187
198
205
201
188
170
154
146
146
152
154
155
159
164
165
158
142
122
95
62
27
-9
-36
-55
-64
-64
-54
-36
-11
13
34
53
71
84
88
88
85
84
87
94
107
126
151
180
213
241
266
290
311
326
331
327
319
305
289
267
239
210
177
140
91
34
-32
-103
-178
-256
-338
-421
-495
-560
-616
-659
-683
-694
-691
-673
-642
-603
-555
-502
-450
-396
-339
-273
-202
-133
-66
8
86
161
234
302
364
419
469
511
546
569
582
586
578
555
527
494
456
414
369
320
269
215
167
120
72
23
-26
-72
-117
-156
-194
-228
-264
-296
-320
-342
-361
-372
-383
-392
-395
-391
-389
-388
-380
-369
-353
-334
-314
-286
-248
-206
-167
-128
-85
-40
5
50
92
125
152
177
198
214
227
236
243
245
244
241
238
233
226
216
203
188
176
166
146
120
95
66
35
6
-21
-41
-53
-62
-63
-53
-36
-17
6
26
40
55
68
79
88
95
103
111
127
142
156
172
194
220
245
264
281
300
315
322
315
308
295
274
242
205
166
116
56
-13
-87
-164
-247
-332
-421
-510
-591
-660
-715
-756
-786
-797
-788
-766
-731
-686
-629
-565
-495
-420
-349
-278
-206
-132
-62
1
64
132
202
262
314
363
415
467
507
535
554
569
578
576
562
540
507
473
436
392
345
295
252
210
160
106
53
2
-48
-101
-150
-195
-234
-264
-290
-317
-333
-343
-352
-365
-376
-379
-376
-370
-364
-351
-329
-300
-264
-224
-177
-128
-85
-42
4
48
88
126
158
183
203
221
239
257
268
274
278
277
271
259
243
224
205
184
155
127
102
75
48
15
-19
-47
-74
-98
-121
-135
-140
-135
-125
-109
-83
-54
-23
10
36
59
79
103
127
146
163
182
202
224
247
266
285
299
312
318
318
314
302
285
268
242
210
177
133
88
36
-26
-91
-155
-227
-302
-369
-434
-499
-554
-604
-646
-676
-695
-699
-696
-682
-658
-624
-586
-538
-483
-424
-361
-295
-227
-159
-91
-25
41
105
170
232
285
335
384
428
467
496
519
533
540
543
535
520
500
477
451
418
379
338
296
253
207
158
106
55
10
-34
-81
-126
-166
-200
-230
-258
-278
-297
-313
-328
-342
-351
-359
-359
-354
-345
-325
-302
-278
-248
-212
-171
-134
-99
-58
-20
17
58
98
128
157
179
198
213
227
237
240
245
249
248
242
227
204
184
156
123
86
48
16
-17
-51
-81
-108
-130
-145
-156
-160
-159
-151
-137
-119
-96
-72
-46
-20
4
22
44
69
94
119
140
164
187
206
230
249
265
283
294
296
290
285
274
254
228
197
165
128
88
50
2
-49
-98
-151
-200
-249
-299
-343
-383
-416
-452
-475
-491
-508
-516
-511
-501
-480
-449
-415
-373
-325
-272
-219
-166
-112
-60
-6
45
93
138
182
226
265
300
334
371
400
424
446
462
472
477
474
466
449
421
392
355
318
277
236
196
153
110
67
30
-6
-42
-79
-120
-156
-192
-226
-258
-288
-314
-340
-360
-377
-392
-401
-398
-392
-378
-357
-332
-300
-263
-222
-180
-138
-98
-58
-18
19
53
85
113
140
161
177
195
203
213
222
225
224
221
212
202
187
166
143
117
85
53
17
-18
-53
-85
-110
-134
-153
-167
-175
-172
-165
-154
-138
-123
-98
-72
-41
-9
20
54
89
124
156
185
215
246
271
291
309
322
327
329
324
315
298
276
246
213
178
133
88
43
-7
-59
-112
-168
-218
-263
-310
-351
-390
-425
-452
-473
-491
-504
-511
-506
-500
-490
-473
-450
-417
-381
-340
-296
-248
-198
-145
-92
-41
9
57
103
144
185
224
259
295
329
359
384
408
427
441
452
455
453
448
438
420
397
375
348
314
278
239
200
157
115
71
28
-12
-52
-90
-125
-159
-187
-217
-248
-272
-291
-308
-323
-335
-345
-347
-344
-338
-323
-301
-276
-239
-200
-167
-130
-87
-45
-6
30
64
101
132
158
182
198
214
225
229
233
232
227
225
216
198
179
158
134
111
82
51
27
-1
-28
-55
-77
-95
-111
-124
-137
-144
-147
-145
-137
-126
-113
-90
-64
-37
-5
27
65
108
145
178
213
244
272
294
305
305
304
294
276
259
232
204
178
141
98
57
13
-34
-78
-131
-185
-235
-284
-330
-377
-421
-458
-488
-509
-526
-531
-526
-515
-501
-482
-460
-425
-385
-340
-294
-244
-194
-142
-89
-39
11
61
110
154
195
232
268
305
336
367
395
412
424
438
445
450
457
458
456
446
431
414
395
362
320
277
227
177
131
85
44
7
-27
-62
-89
-120
-150
-180
-218
-255
-291
-321
-347
-365
-378
-387
-384
-372
-349
-317
-281
-244
-205
-167
-130
-92
-57
-29
3
26
48
76
96
117
136
155
171
181
188
190
189
186
179
170
155
142
127
112
100
88
76
58
37
17
-6
-30
-54
-75
-94
-112
-122
-134
-138
-131
-119
-100
-78
-49
-18
16
53
91
127
161
190
211
227
235
235
232
224
207
188
171
147
114
77
45
5
-32
-68
-106
-145
-187
-226
-261
-295
-321
-341
-363
-388
-411
-427
-438
-439
-436
-423
-407
-392
-364
-335
-299
-257
-214
-167
-122
-79
-38
2
44
82
120
156
192
229
264
298
328
354
382
404
425
441
449
453
451
449
444
436
424
405
384
360
336
309
279
244
209
178
145
112
77
43
15
-15
-47
-81
-117
-154
-193
-226
-262
-296
-317
-336
-347
-351
-344
-331
-309
-282
-249
-215
-184
-155
-127
-99
-72
-53
-36
-23
-19
-11
-4
4
10
12
9
5
-1
-6
-7
-4
0
4
5
6
6
10
7
3
-7
-24
-39
-58
-76
-91
-103
-109
-111
-111
-105
-94
-77
-54
-33
-9
20
51
84
120
153
180
204
224
243
257
264
265
260
246
225
205
178
148
112
72
34
-5
-40
-75
-107
-136
-164
-189
-214
-236
-253
-268
-282
-293
-302
-309
-309
-305
-296
-284
-270
-254
-234
-211
-183
-152
-119
-84
-47
-9
30
70
106
143
175
208
242
270
297
318
335
351
365
377
383
387
386
385
380
372
366
353
337
317
292
268
238
210
180
147
113
84
54
22
-6
-37
-68
-101
-133
-165
-198
-229
-263
-298
-330
-358
-380
-393
-400
-402
-394
-376
-354
-324
-287
-251
-215
-182
-151
-119
-92
-64
-39
-24
-12
-3
6
15
17
15
10
7
7
8
11
20
31
38
46
49
48
46
38
32
19
5
-9
-21
-35
-48
-54
-59
-61
-59
-52
-39
-18
6
32
59
91
127
161
188
209
225
237
249
255
254
254
246
235
221
198
172
144
113
81
49
19
-5
-37
-72
-102
-133
-161
-186
-216
-241
-261
-276
-283
-289
-296
-294
-287
-281
-271
-256
-238
-212
-183
-152
-118
-87
-50
-13
20
49
80
109
141
167
187
213
236
256
276
291
305
317
325
328
326
321
320
314
304
289
272
252
236
216
192
173
153
131
105
76
49
27
1
-27
-56
-85
-113
-141
-170
-202
-228
-247
-266
-285
-298
-308
-311
-311
-308
-298
-287
-272
-255
-240
-221
-193
-168
-146
-129
-113
-94
-78
-61
-48
-38
-24
-11
-2
1
2
3
3
2
-1
-3
-3
-6
-7
-10
-14
-14
-14
-17
-22
-25
-27
-28
-29
-26
-24
-16
-6
8
18
33
55
82
105
124
144
165
187
206
230
252
270
285
296
299
295
291
281
270
251
231
208
181
152
123
90
56
22
-9
-45
-83
-118
-152
-183
-211
-236
-258
-281
-296
-308
-316
-318
-315
-315
-312
-305
-300
-287
-270
-250
-220
-191
-164
-134
-99
-65
-27
18
54
91
127
162
194
220
247
267
287
306
320
332
338
342
341
339
335
325
312
291
267
241
211
183
156
125
89
55
24
-7
-36
-69
-100
-131
-160
-188
-213
-235
-257
-269
-283
-294
-304
-306
-303
-299
-290
-277
-260
-240
-221
-198
-175
-153
-131
-105
-79
-54
-31
-11
5
21
32
41
49
57
59
56
53
49
43
35
28
23
19
15
9
-1
-12
-21
-32
-40
-42
-44
-45
-40
-32
-22
-8
9
24
44
72
97
118
146
174
201
222
241
264
287
307
319
328
333
332
327
317
301
288
277
254
229
200
163
127
90
51
11
-30
-71
-106
-143
-189
-230
-262
-291
-317
-344
-364
-373
-384
-393
-394
-393
-386
-375
-366
-352
-328
-300
-272
-242
-213
-172
-132
-96
-58
-16
26
68
107
143
180
215
250
284
311
333
351
371
379
376
372
365
359
341
317
292
268
243
207
170
132
95
63
23
-19
-59
-94
-125
-157
-188
-215
-242
-265
-288
-309
-325
-339
-339
-336
-331
-316
-299
-275
-252
-229
-198
-166
-135
-98
-69
-41
-8
22
46
67
82
97
113
119
121
125
121
112
103
94
82
74
63
49
40
27
10
-6
-26
-45
-58
-72
-82
-90
-96
-97
-93
-86
-81
-70
-56
-38
-11
17
42
73
114
152
186
218
253
285
312
332
352
373
378
381
379
377
370
352
331
310
281
247
211
171
126
83
38
-11
-54
-100
-145
-189
-234
-268
-306
-339
-370
-395
-416
-438
-451
-458
-458
-460
-458
-444
-421
-394
-368
-339
-304
-261
-218
-176
-131
-82
-34
14
61
106
147
184
221
256
292
318
341
359
370
381
383
379
372
360
341
322
298
270
239
201
164
128
91
50
8
-27
-57
-90
-122
-154
-182
-203
-227
-250
-265
-275
-281
-287
-290
-284
-280
-272
-259
-243
-219
-190
-159
-132
-107
-74
-38
-7
17
36
54
76
90
96
98
96
100
103
98
93
84
83
84
76
73
68
63
54
40
26
19
7
-10
-24
-36
-41
-48
-54
-55
-54
-46
-30
-12
4
20
44
72
103
128
147
166
187
201
209
212
214
222
225
224
222
217
209
200
184
173
163
150
129
106
84
58
26
-8
-45
-83
-117
-151
-185
-217
-249
-279
-301
-322
-341
-358
-373
-379
-381
-387
-388
-382
-368
-350
-333
-314
-289
-259
-227
-194
-159
-121
-82
-47
-12
29
72
113
153
193
233
274
309
341
371
393
407
417
417
411
399
384
369
347
322
289
259
223
184
143
102
63
28
-9
-43
-79
-115
-147
-175
-200
-221
-233
-246
-257
-264
-266
-259
-249
-239
-226
-210
-188
-161
-136
-107
-80
-58
-32
-3
18
34
49
63
72
76
80
86
91
97
103
107
109
102
101
97
84
73
59
45
30
13
-1
-13
-25
-41
-49
-52
-54
-52
-52
-55
-61
-57
-49
-40
-36
-23
-1
19
41
59
75
92
106
113
118
125
131
135
140
143
148
152
154
159
159
152
141
126
111
94
66
40
12
-19
-49
-79
-104
-124
-141
-162
-180
-200
-218
-236
-257
-278
-291
-305
-325
-337
-339
-336
-327
-315
-295
-268
-235
-200
-166
-129
-94
-62
-25
11
46
80
116
153
191
230
264
296
329
355
380
397
406
414
411
398
381
359
329
297
260
225
191
153
111
70
32
-8
-50
-89
-122
-152
-182
-210
-234
-254
-265
-272
-273
-269
-268
-265
-257
-247
-231
-216
-200
-179
-155
-134
-113
-90
-63
-33
-10
9
28
42
52
57
62
72
83
84
89
95
98
99
100
98
96
89
75
60
45
28
8
-5
-16
-21
-26
-32
-31
-30
-27
-24
-21
-14
-11
-6
1
5
17
26
36
51
67
81
96
106
111
118
119
121
123
122
120
116
110
107
104
94
86
78
72
63
51
37
21
1
-23
-41
-61
-80
-99
-120
-142
-163
-186
-206
-225
-238
-248
-256
-260
-262
-261
-259
-257
-250
-238
-222
-203
-175
-146
-121
-94
-68
-41
-7
25
57
88
119
149
178
207
235
264
290
315
338
357
365
363
352
338
315
287
261
228
195
162
127
91
59
31
5
-22
-49
-72
-96
-120
-142
-164
-184
-202
-213
-217
-218
-216
-213
-208
-197
-184
-170
-153
-134
-115
-98
-81
-69
-57
-45
-33
-21
-13
-11
-14
-13
-9
-5
-3
2
5
6
12
18
21
23
24
19
12
6
1
-3
-4
-4
-1
4
12
17
24
36
51
63
72
80
86
89
93
96
96
94
99
109
121
131
134
135
133
127
116
105
97
90
85
78
68
57
46
34
21
11
1
-9
-19
-27
-34
-45
-53
-62
-75
-87
-100
-110
-119
-129
-142
-153
-166
-175
-182
-191
-192
-190
-190
-186
-179
-172
-162
-149
-134
-119
-101
-86
-71
-51
-30
-5
21
44
69
92
114
133
151
171
190
203
209
217
227
230
234
235
232
227
215
196
172
146
118
92
64
36
10
-12
-29
-47
-71
-89
-102
-115
-126
-139
-150
-155
-155
-155
-153
-146
-131
-113
-99
-87
-71
-56
-47
-42
-37
-31
-23
-13
-9
-11
-15
-17
-23
-27
-27
-26
-24
-22
-21
-22
-20
-14
-10
-8
-7
-7
-6
-8
-7
-6
-4
3
14
21
28
43
55
67
75
78
79
87
95
96
100
103
103
102
95
88
84
79
71
60
50
39
33
26
22
19
17
16
17
13
5
0
-1
-8
-12
-15
-20
-25
-27
-32
-38
-45
-55
-68
-79
-95
-113
-128
-146
-164
-177
-186
-193
-196
-198
-193
-187
-178
-170
-162
-148
-133
-111
-91
-70
-51
-31
-9
10
28
49
74
94
114
138
155
174
191
204
215
223
226
222
216
209
196
188
171
153
134
109
87
65
42
18
-5
-31
-56
-78
-106
-129
-143
-150
-156
-155
-151
-143
-130
-120
-110
-93
-76
-53
-28
-5
18
41
61
78
90
105
117
123
126
121
111
96
83
67
53
40
24
10
-6
-24
-40
-52
-61
-72
-83
-94
-104
-114
-124
-129
-128
-121
-112
-103
-95
-84
-67
-54
-40
-20
-1
20
42
59
69
82
93
101
110
118
127
138
142
145
146
145
143
139
132
124
115
107
96
86
75
63
55
44
32
20
6
-1
-10
-21
-33
-45
-60
-81
-103
-128
-152
-173
-189
-205
-221
-233
-246
-251
-252
-248
-241
-225
-204
-185
-160
-136
-115
-96
-74
-50
-25
-2
19
43
62
81
100
122
143
167
189
211
230
241
246
246
245
240
230
222
218
209
196
179
158
134
106
78
53
25
-4
-28
-55
-82
-106
-126
-145
-158
-165
-165
-162
-149
-139
-127
-113
-99
-81
-64
-42
-22
-2
17
33
43
52
62
70
74
71
64
56
45
33
23
14
7
1
-9
-20
-35
-49
-61
-72
-85
-94
-100
-102
-107
-113
-122
-126
-127
-124
-115
-104
-94
-84
-70
-59
-49
-36
-17
3
25
47
73
91
109
122
133
138
138
143
147
151
151
156
159
159
154
145
141
136
132
123
116
106
92
76
58
37
16
-4
-21
-39
-61
-85
-109
-132
-157
-183
-205
-217
-229
-240
-250
-260
-268
-273
-273
-265
-251
-231
-210
-187
-168
-145
-124
-97
-66
-35
1
33
67
91
117
141
165
190
212
235
252
268
280
284
283
275
268
257
247
231
212
190
168
141
111
82
54
33
13
-10
-32
-57
-83
-103
-119
-130
-135
-136
-136
-132
-125
-121
-115
-108
-97
-83
-61
-36
-10
13
33
52
63
72
78
84
95
100
102
96
91
81
68
55
35
18
1
-16
-38
-58
-81
-108
-129
-148
-163
-174
-182
-182
-183
-179
-177
-172
-164
-155
-141
-129
-115
-100
-78
-56
-36
-17
-2
13
26
41
56
71
86
99
109
116
120
122
127
132
134
132
126
120
116
115
109
100
96
88
81
76
66
56
42
26
8
-11
-29
-43
-57
-78
-101
-128
-151
-169
-181
-189
-194
-196
-200
-199
-198
-193
-181
-165
-147
-128
-108
-84
-59
-32
-2
28
53
79
108
137
167
192
214
230
239
249
258
268
275
279
274
263
248
229
210
194
177
157
133
102
73
44
12
-22
-52
-75
-96
-117
-141
-160
-177
-192
-203
-209
-207
-195
-178
-164
-154
-145
-133
-118
-101
-82
-57
-32
-7
11
23
31
38
43
44
45
48
50
48
40
27
14
1
-12
-23
-30
-35
-43
-52
-66
-84
-96
-106
-113
-118
-121
-114
-113
-115
-117
-119
-115
-106
-93
-75
-53
-35
-16
2
14
30
51
76
97
117
136
153
165
168
170
174
180
185
191
189
182
175
164
153
142
136
130
121
107
84
66
48
32
25
17
10
5
-2
-17
-38
-65
-91
-114
-133
-143
-151
-156
-164
-172
-188
-202
-205
-205
-204
-200
-188
-173
-157
-140
-118
-94
-73
-51
-30
-13
9
34
57
78
96
114
132
152
165
179
189
190
188
188
184
174
164
155
143
130
115
97
82
64
43
24
2
-19
-38
-56
-69
-80
-89
-97
-102
-106
-109
-111
-113
-115
-111
-106
-100
-88
-72
-56
-42
-30
-21
-16
-12
-7
-4
1
6
7
10
10
8
5
-1
-7
-10
-13
-15
-14
-15
-19
-23
-27
-31
-35
-39
-37
-35
-35
-31
-30
-32
-32
-31
-28
-21
-12
-3
7
13
21
29
35
45
52
58
63
68
75
84
90
92
95
96
95
99
98
95
96
94
87
85
82
79
71
66
63
59
53
46
35
25
17
8
-4
-18
-30
-40
-50
-62
-75
-88
-101
-112
-126
-134
-143
-149
-153
-153
-152
-152
-150
-145
-138
-125
-109
-96
-77
-61
-43
-23
-2
18
35
56
74
92
109
124
139
147
152
154
154
154
154
152
145
130
116
98
82
62
41
18
-2
-24
-51
-73
-93
-106
-119
-122
-128
-128
-125
-125
-120
-121
-114
-100
-80
-58
-40
-21
-2
15
31
43
51
64
74
82
89
93
91
87
80
67
56
45
36
22
10
-3
-13
-25
-36
-42
-54
-61
-67
-76
-79
-83
-84
-80
-77
-74
-66
-57
-46
-45
-36
-27
-13
4
18
35
50
62
70
77
79
86
91
98
103
109
112
111
106
90
78
70
63
57
50
40
35
32
25
15
5
-2
-6
-6
-11
-15
-17
-17
-21
-31
-41
-46
-50
-54
-58
-65
-70
-78
-82
-91
-101
-111
-117
-120
-125
-127
-126
-125
-126
-129
-123
-115
-103
-91
-81
-65
-46
-26
-8
10
27
49
70
87
102
118
132
140
144
144
144
147
147
149
142
134
127
118
103
81
61
42
28
11
-6
-19
-40
-60
-71
-83
-91
-94
-93
-94
-93
-89
-84
-76
-69
-58
-44
-23
-6
9
23
37
52
64
75
85
92
99
103
101
93
84
74
64
53
39
25
11
-1
-15
-29
-44
-56
-68
-77
-83
-86
-87
-89
-89
-94
-93
-90
-91
-86
-84
-80
-70
-57
-47
-39
-32
-20
-6
7
23
38
49
61
69
74
79
84
88
93
96
96
89
79
69
62
57
51
45
43
39
35
29
17
7
0
0
-1
-5
-10
-15
-21
-29
-37
-43
-46
-50
-55
-59
-66
-74
-82
-87
-88
-92
-93
-94
-96
-96
-96
-93
-89
-83
-76
-64
-52
-40
-25
-11
7
23
37
50
61
77
88
101
114
119
126
132
134
134
131
127
120
111
99
86
74
58
42
23
6
-11
-26
-35
-45
-51
-59
-68
-73
-76
-75
-72
-68
-61
-54
-46
-39
-34
-27
-20
-11
-4
6
13
17
22
30
35
37
40
37
37
33
26
17
7
0
-13
-19
-30
-41
-48
-56
-62
-67
-72
-80
-85
-89
-90
-88
-88
-84
-85
-82
-77
-79
-72
-68
-59
-49
-39
-25
-15
3
19
35
50
59
69
79
93
105
115
121
122
127
128
131
133
132
131
127
125
117
106
93
79
67
59
52
42
31
14
1
-11
-23
-30
-41
-49
-58
-69
-79
-90
-96
-96
-95
-92
-91
-90
-91
-86
-81
-76
-68
-61
-51
-44
-37
-28
-27
-21
-13
-5
9
25
31
39
46
50
62
72
83
91
93
98
100
95
91
83
76
70
60
48
33
18
4
-8
-24
-38
-48
-59
-67
-75
-84
-87
-92
-92
-87
-87
-83
-82
-85
-84
-81
-76
-69
-65
-59
-50
-38
-29
-17
-4
7
20
30
42
50
55
60
63
65
62
57
50
45
38
28
19
13
6
2
-6
-11
-16
-23
-29
-35
-39
-42
-46
-49
-55
-64
-70
-72
-72
-75
-73
-67
-62
-56
-50
-34
-17
2
20
39
58
75
90
104
120
131
142
151
163
170
173
176
177
174
174
172
166
155
142
127
113
95
77
59
39
20
2
-19
-38
-61
-87
-108
-123
-138
-147
-160
-169
-172
-177
-179
-178
-173
-163
-154
-138
-121
-104
-93
-83
-66
-46
-30
-14
2
18
31
43
54
62
67
70
72
78
84
86
85
81
74
66
60
48
34
21
10
-1
-14
-30
-47
-62
-75
-84
-93
-95
-94
-95
-95
-93
-90
-87
-80
-72
-64
-52
-42
-34
-26
-23
-19
-13
-5
3
11
18
29
35
37
40
38
38
34
33
30
31
33
34
37
36
34
35
35
35
37
39
44
48
49
49
48
48
47
47
49
48
48
43
36
28
21
17
16
15
16
19
19
16
11
11
13
21
27
32
35
35
36
35
39
45
51
60
64
71
71
72
71
68
63
58
55
50
40
30
19
6
-4
-17
-33
-45
-56
-66
-78
-92
-107
-118
-130
-139
-146
-154
-157
-159
-158
-156
-151
-142
-135
-128
-120
-109
-92
-81
-66
-55
-43
-26
-13
2
16
29
39
49
57
64
68
74
76
77
79
76
75
71
65
58
48
36
21
5
-8
-20
-28
-36
-45
-52
-57
-62
-64
-62
-58
-52
-40
-29
-20
-7
4
16
27
37
47
61
73
83
91
96
97
99
98
94
91
87
85
79
71
59
46
36
26
22
16
13
10
4
-1
-8
-16
-22
-28
-30
-29
-26
-23
-23
-23
-27
-33
-37
-38
-38
-32
-25
-18
-12
-10
-5
-4
-1
5
10
16
24
32
41
49
53
57
63
63
68
76
81
87
90
94
99
100
99
98
93
90
85
77
68
56
41
24
5
-13
-33
-52
-70
-91
-112
-138
-158
-178
-196
-212
-226
-234
-244
-250
-252
-249
-240
-233
-221
-206
-189
-168
-148
-125
-105
-83
-60
-37
-15
6
27
44
64
79
94
108
117
129
135
143
148
150
148
144
139
129
119
109
100
91
79
69
57
46
36
27
21
12
10
4
-2
-3
-5
-3
-1
3
5
8
14
20
26
33
38
44
52
59
62
68
69
68
66
62
59
52
45
37
28
23
15
6
1
-3
-9
-15
-19
-19
-23
-26
-32
-32
-34
-41
-42
-43
-43
-41
-40
-36
-35
-36
-36
-35
-31
-30
-27
-28
-26
-22
-20
-20
-20
-19
-17
-11
-5
-3
0
2
8
12
14
16
21
29
34
36
36
36
36
35
34
31
28
27
26
21
13
9
0
-9
-24
-34
-40
-47
-55
-66
-79
-85
-93
-105
-115
-124
-129
-130
-128
-125
-123
-118
-109
-100
-93
-85
-70
-54
-42
-26
-13
4
19
27
38
52
68
82
92
98
104
117
126
128
129
126
127
132
130
123
117
111
105
91
79
68
57
47
37
26
18
11
5
4
5
7
6
6
5
1
-1
0
-1
-4
-8
-10
-7
-6
-10
-13
-11
-6
-3
-2
-3
-5
-5
-9
-17
-24
-28
-35
-37
-38
-41
-41
-40
-38
-41
-43
-40
-36
-34
-33
-34
-37
-38
-39
-43
-48
-50
-47
-45
-46
-47
-45
-42
-40
-41
-39
-34
-32
-34
-34
-36
-32
-28
-26
-24
-17
-8
0
7
12
19
30
38
46
50
51
58
63
63
64
65
65
69
73
73
70
70
63
55
48
38
30
21
7
-6
-16
-26
-34
-40
-44
-46
-49
-52
-58
-63
-66
-67
-68
-65
-62
-56
-53
-47
-38
-25
-15
-4
9
19
27
36
41
46
52
52
54
56
53
55
54
50
51
49
47
47
43
35
23
14
3
-6
-13
-20
-23
-27
-33
-34
-34
-32
-28
-23
-17
-10
-4
-1
0
3
5
11
15
22
27
27
28
26
27
30
30
28
25
20
16
10
2
-5
-10
-11
-15
-18
-17
-19
-21
-23
-22
-21
-20
-18
-21
-24
-27
-34
-38
-34
-35
-34
-34
-36
-41
-44
-48
-49
-49
-51
-52
-53
-54
-54
-50
-42
-40
-33
-28
-19
-8
2
11
20
29
40
53
60
71
76
79
81
82
84
83
85
83
79
77
76
74
72
65
59
50
40
28
14
1
-12
-24
-35
-45
-55
-61
-68
-71
-74
-78
-80
-78
-75
-70
-67
-60
-55
-53
-49
-47
-44
-38
-30
-19
-11
-2
9
19
26
34
46
54
61
66
68
70
69
69
70
69
68
66
62
53
44
32
22
12
3
-3
-6
-7
-7
-13
-20
-23
-24
-28
-28
-26
-24
-22
-18
-18
-17
-15
-13
-11
-8
-8
-9
-8
-13
-13
-14
-14
-12
-14
-15
-18
-24
-29
-31
-30
-29
-29
-26
-21
-19
-20
-19
-17
-13
-13
-12
-8
-3
0
-1
-3
-2
-1
1
-1
-1
-1
0
0
-3
-6
-5
-6
-5
-6
-9
-14
-17
-18
-17
-15
-10
1
7
12
17
24
31
35
39
42
44
45
42
39
43
49
54
57
58
58
57
53
48
44
37
31
24
15
10
1
-10
-15
-22
-30
-36
-41
-44
-44
-49
-52
-51
-50
-48
-48
-48
-46
-46
-45
-44
-42
-36
-29
-23
-18
-10
-3
2
9
12
16
17
19
21
21
22
24
26
32
37
40
40
40
41
37
30
23
13
4
0
-3
-6
-6
-8
-9
-8
-3
2
1
0
0
0
-3
-7
-7
-8
-7
-4
-1
3
7
10
13
16
15
8
4
-2
-7
-10
-13
-16
-17
-16
-15
-15
-14
-12
-15
-20
-22
-25
-28
-27
-26
-24
-20
-18
-18
-18
-16
-14
-14
-14
-12
-12
-12
-10
-5
-6
-4
-2
-2
1
3
1
-2
-1
-1
-3
0
5
7
11
15
18
21
26
32
35
40
42
40
40
41
44
43
45
47
47
49
48
46
43
41
39
34
31
24
18
12
4
-2
-7
-11
-17
-24
-28
-31
-38
-44
-48
-52
-55
-58
-61
-63
-62
-60
-56
-52
-49
-44
-38
-33
-27
-23
-18
-15
-10
-2
4
7
12
17
20
25
27
29
29
34
37
38
36
33
30
25
20
15
11
9
8
7
7
7
8
8
9
11
13
14
12
8
3
-3
-6
-5
-4
-4
-3
2
1
5
5
6
6
3
0
-2
-3
-3
-5
-6
-5
-7
-10
-12
-15
-20
-25
-29
-32
-35
-37
-40
-38
-37
-34
-27
-23
-19
-13
-12
-12
-12
-10
-8
-6
-6
-5
-5
-1
1
3
4
6
7
10
11
10
12
15
18
18
20
23
26
31
35
37
38
44
48
50
49
47
46
45
45
45
43
40
35
31
25
16
8
1
-7
-13
-21
-31
-36
-42
-44
-48
-49
-49
-51
-50
-49
-51
-51
-49
-50
-50
-48
-44
-40
-33
-26
-18
-13
-10
-2
4
10
14
18
19
21
24
26
30
33
33
35
35
33
34
31
27
25
19
15
10
6
0
-3
-11
-15
-16
-20
-21
-21
-23
-23
-21
-21
-19
-17
-15
-11
-6
-2
3
7
10
14
18
22
24
29
35
36
36
36
36
33
33
31
26
24
19
16
10
5
2
-3
-9
-12
-15
-19
-22
-24
-25
-28
-32
-35
-36
-37
-39
-38
-38
-35
-35
-35
-33
-33
-33
-32
-32
-32
-33
-32
-29
-26
-21
-15
-11
-7
-3
4
8
15
22
29
36
42
48
56
61
65
67
69
71
74
73
70
66
59
53
47
40
36
32
28
26
17
8
-1
-12
-22
-30
-38
-45
-50
-54
-59
-64
-68
-70
-68
-68
-70
-66
-61
-56
-53
-49
-45
-38
-30
-22
-16
-9
-3
2
6
7
8
9
13
16
20
24
30
35
38
39
39
42
40
38
34
29
26
23
19
14
10
7
7
6
7
7
7
9
8
5
3
3
3
2
1
4
8
10
11
10
9
8
7
3
0
-1
1
4
6
4
2
-1
-4
-10
-18
-25
-29
-30
-34
-35
-34
-33
-33
-31
-27
-23
-20
-17
-13
-10
-7
-2
-1
-1
-2
-1
0
0
1
3
5
7
7
5
3
0
0
0
-1
1
3
4
6
7
5
7
7
9
11
15
18
20
23
21
22
23
26
29
29
32
35
33
33
29
24
21
16
12
9
3
-1
-7
-15
-23
-29
-34
-40
-45
-51
-55
-59
-57
-56
-55
-52
-48
-45
-41
-37
-34
-28
-20
-11
-4
2
8
15
21
28
33
41
46
51
58
62
65
65
64
65
61
57
53
46
38
28
17
7
-2
-10
-18
-29
-36
-43
-50
-53
-54
-55
-54
-53
-51
-48
-44
-38
-28
-20
-15
-9
-4
-1
3
9
15
20
26
30
30
33
34
34
34
36
35
32
30
26
23
18
12
7
1
-4
-9
-14
-18
-20
-20
-20
-23
-25
-29
-29
-28
-29
-28
-30
-31
-29
-27
-28
-27
-28
-26
-26
-24
-22
-22
-18
-14
-8
-4
0
3
8
14
19
24
27
32
37
42
47
52
54
58
59
61
62
61
61
59
60
58
54
49
43
35
28
18
7
-3
-14
-22
-28
-36
-43
-50
-56
-59
-62
-68
-72
-74
-75
-75
-72
-70
-62
-56
-48
-39
-29
-19
-9
0
9
20
28
32
37
41
44
47
49
52
54
59
60
59
58
55
51
44
36
24
15
5
-3
-10
-18
-24
-31
-39
-44
-49
-56
-60
-63
-65
-64
-63
-60
-57
-54
-48
-41
-32
-24
-16
-9
-2
4
7
12
15
17
21
25
29
31
35
35
35
34
32
31
31
31
29
25
21
17
13
10
8
7
5
2
-2
-6
-9
-9
-9
-10
-8
-9
-11
-10
-12
-11
-9
-7
-6
-5
-5
-1
0
0
-1
-1
3
5
10
10
14
18
20
25
30
33
35
34
31
30
31
32
32
30
30
28
29
27
23
16
10
4
-1
-6
-11
-15
-18
-22
-27
-32
-36
-40
-45
-51
-56
-61
-61
-60
-60
-59
-59
-58
-59
-60
-57
-52
-47
-42
-37
-31
-19
-10
1
8
16
23
30
36
43
50
58
66
69
70
71
72
70
66
59
50
44
37
28
21
13
6
1
-6
-13
-20
-24
-30
-36
-41
-44
-45
-46
-45
-46
-45
-44
-41
-37
-32
-26
-19
-11
-3
4
13
21
26
33
35
41
47
49
49
49
47
48
46
40
33
27
21
16
7
1
-4
-10
-12
-18
-23
-27
-31
-36
-42
-47
-50
-51
-48
-47
-45
-44
-42
-43
-41
-39
-35
-28
-21
-15
-8
-3
3
10
15
22
30
37
45
51
56
57
59
59
59
60
60
58
56
51
45
40
33
27
20
13
8
4
0
-3
-9
-17
-20
-26
-30
-32
-36
-38
-42
-47
-51
-55
-59
-63
-64
-65
-63
-58
-54
-50
-45
-41
-36
-31
-24
-17
-9
-4
0
8
14
17
22
23
27
28
29
35
39
41
43
44
44
44
43
42
40
37
34
33
31
28
26
23
19
15
12
6
3
0
-3
-6
-6
-7
-5
-5
-4
-2
-4
-3
-4
-5
-6
-5
-4
-4
-3
-3
-5
-6
-8
-7
-6
-3
0
2
4
3
4
3
1
2
2
4
3
2
4
5
5
7
7
6
4
1
-3
-6
-9
-11
-14
-17
-22
-27
-31
-36
-37
-38
-40
-41
-42
-40
-39
-38
-36
-33
-29
-27
-22
-18
-12
-6
-1
4
9
13
15
17
19
23
25
25
26
28
30
30
31
30
29
30
29
25
20
17
12
8
3
-2
-6
-10
-16
-20
-25
-27
-27
-29
-29
-28
-27
-26
-23
-19
-16
-12
-8
-5
-3
-1
5
8
11
16
20
25
30
33
36
38
39
44
45
46
44
43
41
38
34
31
27
24
19
15
12
8
5
2
-1
-5
-7
-11
-13
-15
-18
-18
-17
-19
-21
-23
-24
-24
-22
-21
-22
-21
-19
-18
-16
-13
-13
-12
-13
-12
-10
-9
-8
-7
-6
-5
-5
-6
-9
-10
-12
-14
-15
-16
-16
-16
-17
-16
-16
-14
-12
-9
-6
-7
-5
-4
-1
0
1
0
0
1
1
1
3
3
4
3
4
4
5
9
11
13
16
16
17
15
15
15
15
17
16
16
14
16
16
15
13
12
12
13
12
13
12
10
11
10
7
7
5
4
2
2
4
1
-2
-6
-10
-15
-19
-19
-21
-20
-20
-20
-19
-17
-15
-14
-11
-8
-5
-4
-5
-6
-6
-6
-7
-5
-2
0
4
6
8
10
13
15
18
20
19
17
16
17
15
12
7
4
1
-1
-3
-6
-6
-6
-7
-8
-9
-9
-12
-12
-13
-13
-14
-12
-10
-7
-8
-4
-5
-4
-1
0
0
0
1
2
1
0
0
0
-1
-1
-2
-2
-2
-2
-2
-2
-1
-2
-2
0
0
-1
0
0
0
2
4
5
5
6
7
6
7
7
5
3
5
4
3
3
3
2
1
2
-1
0
1
-1
-1
0
-1
2
2
2
4
5
6
4
5
5
5
7
9
14
16
19
22
22
20
19
16
12
10
7
3
0
-4
-7
-10
-10
-13
-13
-11
-11
-12
-12
-12
-14
-16
-17
-19
-20
-19
-19
-19
-17
-17
-15
-16
-15
-12
-12
-8
-4
-1
2
4
8
10
11
11
11
13
16
18
19
20
20
18
15
11
7
4
1
-6
-11
-14
-16
-20
-23
-26
-26
-26
-24
-22
-22
-19
-16
-16
-14
-11
-9
-7
-6
-5
-4
-2
1
6
10
15
19
23
27
28
30
32
35
36
35
34
33
32
29
26
20
19
17
13
9
2
-2
-7
-10
-15
-19
-23
-24
-25
-28
-29
-28
-24
-21
-19
-15
-13
-9
-7
-6
-6
-6
-6
-6
-5
-3
1
4
9
11
14
17
19
18
18
18
19
21
22
20
19
17
15
13
9
7
5
4
2
-2
-4
-5
-7
-11
-14
-19
-21
-23
-24
-26
-26
-25
-23
-22
-21
-21
-19
-18
-19
-18
-16
-11
-8
-5
-3
-3
1
5
5
7
9
10
12
14
15
15
15
15
14
14
14
13
13
12
11
10
10
10
7
5
4
0
0
-2
-6
-8
-10
-11
-12
-14
-14
-12
-13
-12
-12
-12
-10
-7
-5
-4
1
5
10
12
15
17
17
20
21
21
19
21
21
22
21
23
23
21
21
18
15
12
10
8
5
5
2
0
-2
-5
-8
-9
-12
-14
-17
-19
-20
-21
-21
-23
-22
-21
-22
-21
-19
-19
-16
-14
-13
-12
-10
-10
-8
-8
-7
-8
-7
-5
-3
-1
1
4
6
8
8
10
10
10
10
8
8
9
10
9
11
9
8
5
1
-3
-7
-10
-12
-14
-17
-21
-22
-26
-26
-28
-27
-25
-25
-25
-25
-24
-23
-19
-17
-15
-10
-6
-5
-2
3
6
13
16
20
22
23
24
25
26
27
30
30
29
29
27
26
26
25
23
22
22
20
17
14
10
8
6
5
3
1
3
1
2
3
3
4
4
3
2
1
3
3
7
5
6
6
7
7
7
8
7
9
8
9
9
9
8
5
3
0
2
1
-1
0
0
1
1
0
0
-3
-7
-9
-11
-14
-15
-17
-17
-18
-20
-18
-16
-17
-15
-15
-13
-14
-15
-13
-16
-18
-19
-21
-26
-27
-28
-28
-26
-27
-24
-22
-19
-19
-17
-14
-10
-7
-5
-1
4
7
10
12
14
14
16
17
18
16
15
12
8
3
-2
-4
-7
-9
-11
-11
-10
-10
-10
-11
-12
-12
-12
-10
-9
-8
-6
-6
-6
-6
-7
-4
-2
1
5
9
15
20
24
27
32
34
37
40
40
40
42
39
37
34
30
25
22
18
15
12
9
7
5
4
4
5
6
3
3
3
3
2
1
-1
-3
-4
-3
-5
-6
-8
-8
-7
-7
-6
-6
-4
-3
-2
-2
-2
0
2
4
4
6
5
4
3
2
1
0
-2
-4
-3
-5
-7
-8
-11
-13
-15
-16
-17
-17
-19
-19
-21
-22
-23
-24
-23
-24
-23
-21
-19
-18
-17
-16
-16
-16
-17
-18
-20
-21
-23
-24
-25
-26
-26
-25
-23
-18
-13
-8
-3
3
8
13
15
15
16
17
16
16
14
12
9
8
7
6
8
10
12
16
16
18
19
18
19
16
15
13
10
9
5
2
0
-4
-4
-6
-7
-8
-7
-7
-5
-5
-3
0
2
6
8
11
12
15
18
20
23
26
26
27
27
29
29
29
29
29
28
26
24
23
21
20
19
17
15
12
9
7
4
1
-1
-4
-8
-10
-14
-14
-16
-17
-18
-19
-20
-21
-22
-20
-19
-17
-12
-10
-7
-6
-7
-8
-8
-11
-11
-11
-12
-11
-10
-11
-12
-12
-12
-12
-11
-10
-9
-9
-9
-7
-10
-11
-16
-19
-23
-25
-27
-27
-26
-25
-24
-23
-23
-23
-22
-19
-16
-13
-11
-10
-9
-8
-8
-9
-10
-7
-6
-6
-3
0
2
5
9
10
13
15
15
19
19
21
23
25
26
27
25
24
22
19
18
16
15
14
12
11
10
9
9
8
8
7
8
9
10
12
13
12
12
12
10
11
9
9
10
12
14
15
16
16
16
17
17
18
20
22
23
24
26
25
22
20
18
16
16
14
13
12
11
7
4
3
-2
-3
-4
-6
-8
-10
-12
-15
-17
-18
-20
-22
-23
-23
-22
-23
-22
-24
-26
-27
-29
-30
-29
-29
-30
-28
-28
-26
-24
-25
-26
-26
-25
-25
-24
-21
-19
-18
-18
-19
-21
-23
-23
-23
-23
-21
-19
-17
-14
-13
-13
-10
-9
-9
-7
-7
-3
-2
1
3
4
5
6
7
7
8
8
7
7
7
7
9
9
11
11
12
12
14
15
16
18
18
19
19
19
19
21
23
26
28
29
30
32
35
36
39
40
40
42
43
43
44
41
40
39
38
35
31
28
24
19
15
12
10
7
6
5
3
2
-2
-5
-9
-13
-16
-19
-21
-26
-27
-29
-30
-31
-30
-30
-31
-29
-30
-29
-28
-29
-28
-27
-24
-24
-24
-23
-21
-19
-17
-15
-15
-14
-14
-14
-13
-14
-15
-16
-16
-14
-15
-18
-18
-20
-21
-21
-21
-21
-19
-17
-16
-15
-12
-10
-8
-4
0
3
5
7
7
8
9
10
10
9
9
8
9
10
13
14
15
15
15
13
12
10
9
7
6
6
5
6
6
7
8
10
9
11
12
11
12
12
13
15
14
15
15
15
16
13
12
11
8
6
4
1
1
1
2
3
5
7
9
10
12
12
14
14
14
17
18
16
15
14
12
9
7
6
4
0
-2
-4
-6
-8
-9
-10
-10
-11
-12
-13
-15
-16
-19
-19
-18
-20
-20
-21
-20
-19
-18
-17
-16
-15
-12
-8
-6
-4
-1
2
3
3
2
2
1
-2
-4
-6
-6
-7
-8
-8
-7
-6
-5
-3
-3
-2
1
1
3
5
5
4
3
1
-1
-3
-4
-7
-7
-6
-8
-9
-7
-6
-5
-1
-1
-1
1
3
5
7
9
10
10
11
11
9
9
8
9
9
8
9
10
7
6
6
5
4
2
3
4
3
3
3
3
2
1
-1
-2
-1
0
1
1
2
1
3
3
4
5
6
5
4
3
3
2
2
0
-1
-1
-3
-5
-7
-8
-9
-9
-10
-9
-8
-7
-5
-4
-2
-3
-4
-2
1
2
3
3
4
3
4
4
3
4
5
5
4
3
2
1
2
1
1
1
0
-1
-1
-2
-1
0
-1
-1
0
0
1
-1
-2
-2
-3
-4
-4
-4
-3
-3
-4
-5
-4
-6
-5
-4
-3
-5
-5
-4
-4
-2
-1
0
-1
-1
-1
1
2
3
2
2
3
3
4
4
3
5
5
4
4
3
3
3
2
1
1
2
2
0
0
0
0
0
1
0
1
2
3
4
4
4
4
3
3
2
4
3
0
0
-2
-4
-3
-3
-4
-6
-6
-6
-7
-6
-7
-7
-6
-6
-5
-3
-3
0
1
1
2
4
4
4
5
6
6
6
5
