SAMPLES:	22179
BITSPERSAMPLE:	16
CHANNELS:	1
SAMPLERATE:	16000
NORMALIZED:	FALSE
-6
-7
-7
-9
-8
-8
-8
-6
-5
-3
-3
-3
-2
0
1
1
0
-2
-2
-3
-3
-3
-1
-1
-1
-3
-4
-4
-5
-7
-6
-6
-5
-2
-1
2
5
6
8
9
11
12
10
10
10
9
8
7
4
2
-1
-4
-6
-6
-8
-7
-5
-4
-1
0
1
3
4
4
6
4
6
5
4
4
4
4
3
4
2
1
1
2
1
1
2
3
3
3
4
4
2
2
2
2
3
2
4
4
3
2
1
0
-2
-2
0
-2
-1
-2
-3
-3
-5
-5
-5
-4
-3
-3
-1
-1
-1
2
2
2
3
3
1
2
1
-1
-1
-3
-4
-6
-4
-3
-3
-3
-2
-2
-3
-4
-2
-2
1
1
0
0
-2
-3
-1
0
2
3
3
1
-2
-2
-4
-4
-4
-5
-2
-2
-1
-1
-2
0
0
0
1
1
2
1
1
1
0
-1
0
1
1
4
4
4
1
-1
-2
-2
-2
-2
-2
0
0
1
1
1
3
2
3
2
1
1
-2
-2
-3
-2
-1
1
4
5
5
5
3
2
2
3
3
4
3
1
0
0
1
2
4
3
4
4
5
4
3
2
3
2
2
2
0
-1
-3
-4
-4
-4
-1
1
4
5
6
5
3
2
1
-1
-1
-3
-4
-3
-2
-3
-2
-3
-4
-4
-4
-4
-6
-7
-9
-8
-8
-9
-6
-3
-1
1
2
2
-1
-1
-3
-6
-7
-8
-7
-7
-7
-5
-5
-6
-7
-7
-8
-9
-9
-7
-7
-6
-4
-4
-4
-4
-5
-4
-4
-5
-4
-4
-1
0
1
3
2
3
3
1
0
0
-1
-1
-2
0
2
4
6
9
10
11
11
12
13
12
14
14
15
16
17
16
16
13
12
7
3
2
-2
-4
-6
-4
-4
-3
0
2
5
8
10
12
12
14
15
13
14
12
11
10
6
3
0
-4
-6
-10
-11
-14
-15
-14
-12
-11
-9
-6
-1
0
4
5
6
5
6
5
2
1
0
-3
-4
-6
-9
-11
-14
-13
-15
-16
-16
-14
-13
-10
-8
-5
-2
0
2
3
4
5
6
6
5
4
2
0
-1
-4
-7
-8
-8
-8
-7
-7
-8
-8
-7
-7
-5
-4
-2
0
1
1
3
1
1
0
0
0
0
-1
-3
-5
-6
-7
-9
-11
-12
-12
-12
-11
-9
-7
-3
-1
1
3
6
8
10
10
9
10
10
10
11
11
11
10
10
11
14
15
15
18
19
21
21
21
21
18
17
17
15
13
11
9
6
3
-1
-3
-6
-7
-9
-9
-11
-11
-9
-9
-10
-9
-8
-7
-6
-5
-5
-5
-5
-4
-5
-5
-5
-5
-4
-4
-5
-5
-5
-6
-5
-7
-8
-7
-8
-7
-6
-5
-5
-4
-4
-4
-4
-5
-4
-4
-5
-6
-4
-3
-1
1
1
1
1
1
1
1
2
2
2
3
4
5
7
7
9
9
7
6
4
2
2
2
2
1
0
1
0
0
-2
-3
-4
-3
-4
-5
-3
-3
-4
-5
-7
-8
-8
-10
-10
-10
-12
-11
-11
-10
-9
-8
-5
-4
-3
-1
0
3
6
6
7
7
6
5
5
5
4
3
3
5
5
7
7
8
8
10
11
10
12
12
13
14
15
16
15
15
14
12
11
8
6
6
2
0
-1
-3
-2
-3
-4
-4
-5
-5
-5
-5
-6
-6
-8
-6
-7
-8
-9
-8
-9
-10
-10
-9
-9
-8
-8
-9
-8
-8
-6
-7
-6
-6
-5
-4
-2
0
1
3
3
3
4
4
5
5
5
5
6
6
7
7
7
7
5
6
6
5
7
6
5
5
4
4
3
1
-1
-2
-3
-3
-4
-3
-5
-6
-6
-7
-7
-8
-8
-10
-10
-10
-10
-11
-11
-12
-11
-10
-10
-9
-8
-7
-6
-7
-5
-5
-3
-2
1
3
4
6
8
7
8
6
6
7
5
5
3
2
1
1
-1
1
0
0
3
4
5
6
7
9
9
9
9
8
7
6
3
1
-1
-3
-4
-5
-5
-3
-1
0
2
3
5
5
7
7
9
10
11
11
10
10
8
7
5
3
2
0
0
-2
-3
-3
-2
-2
-1
-1
0
-1
0
-1
0
-3
-3
-4
-3
-3
-2
-2
-2
-2
-3
-3
-4
-3
-2
-1
-1
1
1
2
2
1
1
0
-1
-1
-1
-3
-3
-5
-7
-6
-8
-6
-5
-5
-4
-6
-7
-8
-7
-6
-2
-2
-2
-1
-1
0
1
1
1
0
-2
-2
-3
-6
-5
-6
-6
-5
-5
-5
-5
-3
-3
-2
-3
-2
-1
1
5
6
4
6
5
3
2
0
-2
-1
-1
-2
-1
-3
-3
0
2
4
6
7
8
7
5
4
5
4
4
4
5
4
3
0
-3
-3
-5
-3
-4
-1
1
3
5
6
6
7
7
7
7
7
6
4
4
4
3
4
1
0
-3
-4
-5
-2
-2
-3
-1
1
3
5
6
7
7
8
7
6
5
6
5
3
1
-2
-2
-5
-5
-5
-6
-6
-7
-5
-5
-3
-3
-2
-3
-4
-3
-5
-5
-4
-3
-3
-3
-4
-4
-3
-3
-1
-1
-2
-3
-4
-3
-2
0
0
1
2
1
2
4
5
7
9
8
7
6
3
1
-1
-3
-5
-8
-11
-13
-14
-13
-11
-10
-8
-8
-7
-6
-2
-3
-3
-3
-3
-3
-1
-1
-1
-1
-1
-1
0
1
3
4
9
11
12
14
14
14
14
13
11
9
7
5
3
2
-1
-1
-2
-2
-1
0
0
2
2
1
-2
-5
-8
-11
-14
-16
-18
-18
-17
-16
-12
-9
-6
-1
6
9
13
16
16
18
18
18
17
16
14
12
9
7
6
5
5
3
4
4
3
4
2
2
1
-1
-2
-2
-5
-6
-7
-9
-10
-11
-11
-11
-13
-11
-11
-11
-12
-13
-14
-14
-15
-15
-11
-9
-6
-3
0
5
8
11
14
17
17
15
11
8
5
3
1
-3
-4
-5
-6
-4
-5
-4
-2
-2
0
2
1
1
-2
-2
-3
-5
-7
-9
-11
-12
-12
-11
-9
-7
-4
-2
1
3
3
5
6
5
4
4
4
5
5
6
8
8
9
10
12
12
11
9
8
7
5
5
4
3
2
1
-1
-1
-1
-1
1
4
6
6
7
7
8
8
7
8
8
6
4
3
3
0
-1
-1
-1
-1
-2
-1
-2
-2
-1
-2
-3
-2
-1
-1
-1
-1
-1
-2
-3
-4
-6
-7
-7
-8
-9
-9
-7
-7
-6
-6
-5
-5
-4
-5
-4
-3
-3
-4
-5
-7
-7
-5
-5
-3
-2
-1
0
0
1
0
1
1
2
2
1
-1
-2
-4
-3
-2
-3
0
1
1
2
2
5
4
6
6
6
4
3
1
-1
-4
-6
-9
-12
-12
-13
-13
-12
-12
-12
-12
-10
-9
-7
-5
-4
0
2
4
5
7
7
9
10
9
10
10
10
9
8
6
7
9
9
10
11
11
11
12
13
13
12
13
13
14
16
15
16
15
14
11
8
5
2
-2
-4
-7
-10
-12
-15
-13
-15
-16
-17
-19
-17
-16
-14
-11
-10
-8
-7
-6
-5
-4
-3
-2
-1
1
-1
0
-1
-3
-3
-4
-4
-3
-2
-1
2
2
4
7
9
11
12
11
11
9
8
6
6
4
2
1
-3
-4
-6
-7
-9
-9
-10
-11
-11
-11
-9
-7
-5
-4
0
0
1
2
1
3
2
3
3
4
5
4
4
3
3
5
4
4
2
2
0
-1
-1
-3
-2
-1
-1
1
1
2
3
1
2
0
-2
-3
-5
-4
-5
-7
-8
-7
-7
-8
-6
-5
-3
-1
-1
3
5
6
10
10
11
11
10
9
7
5
4
2
1
1
0
0
1
1
2
4
3
2
2
2
2
2
5
6
7
7
6
6
4
2
0
-3
-6
-7
-7
-8
-8
-7
-7
-4
-3
-3
-2
-4
-6
-9
-11
-11
-11
-10
-9
-9
-6
-5
-3
-1
-2
0
1
2
4
8
11
12
15
14
14
11
9
8
4
0
-5
-8
-9
-11
-10
-8
-7
-4
-3
-3
0
-1
0
0
0
2
2
1
1
1
1
0
-2
-2
-2
-3
-2
-3
-3
-1
0
5
6
7
10
11
11
11
11
11
12
11
11
10
7
6
2
0
-3
-7
-9
-11
-12
-13
-13
-14
-13
-12
-9
-7
-6
-4
-2
-1
-1
2
0
1
1
0
-1
-1
-1
1
1
3
5
6
7
9
9
10
11
13
15
15
15
14
12
9
5
3
1
-1
-5
-6
-9
-10
-11
-12
-10
-12
-11
-11
-10
-10
-8
-8
-8
-6
-6
-3
-2
3
5
6
8
10
9
10
10
8
8
5
4
6
5
6
5
6
3
3
3
2
0
-1
-2
-3
-4
-5
-8
-9
-11
-13
-14
-14
-14
-14
-14
-15
-16
-16
-14
-13
-12
-9
-7
-3
-1
3
5
8
9
10
10
9
10
11
11
13
14
14
16
14
11
7
2
-2
-4
-8
-9
-9
-9
-10
-9
-8
-6
-7
-6
-6
-4
-4
-4
-3
-3
-2
-2
-2
-1
-1
-1
1
-1
-1
-1
1
2
4
6
9
9
9
10
9
10
10
8
9
9
8
7
7
5
4
2
2
2
1
1
0
0
-2
-2
-4
-4
-4
-3
-3
-2
-2
-3
-4
-4
-3
-1
1
3
3
4
3
3
3
4
5
6
7
7
6
5
4
3
3
3
3
3
3
0
-2
-3
-5
-7
-5
-6
-6
-6
-8
-7
-9
-8
-7
-5
-2
-1
1
2
1
2
1
0
2
1
2
2
1
0
-1
-3
-2
-3
-3
-4
-4
-4
-5
-4
-3
-2
0
-1
-1
0
0
0
0
-1
-1
0
-1
-2
-3
-5
-5
-4
-4
-3
-2
-2
0
1
2
2
2
1
1
0
-1
-1
-2
-2
-3
-3
-2
-2
-1
0
0
1
1
0
2
2
2
3
3
4
2
4
5
6
7
7
8
8
6
5
3
1
-1
-2
-3
-3
-3
-2
-2
-1
0
0
3
3
4
4
5
6
6
8
8
9
9
7
6
2
-2
-4
-6
-6
-6
-6
-5
-3
-3
-2
-2
-1
2
3
4
3
2
2
2
2
2
2
1
-1
-3
-3
-3
-3
-1
-2
-2
-2
-4
-3
-3
-3
-3
-3
-2
-1
-1
-1
-1
-2
-2
-3
-5
-4
-7
-7
-7
-8
-9
-9
-9
-9
-9
-9
-9
-9
-9
-10
-7
-5
-2
1
3
5
4
3
2
-1
-3
-3
-2
-1
1
2
3
4
5
5
4
4
6
7
8
12
12
12
10
9
5
4
4
1
1
3
1
3
2
2
2
1
0
-1
1
0
1
2
1
3
2
2
1
0
-2
-4
-5
-5
-3
0
2
7
9
8
8
6
3
4
4
7
11
15
18
16
13
12
9
6
6
5
4
3
-2
-6
-6
-9
-10
-9
-9
-8
-11
-9
-10
-9
-10
-8
-7
-5
-4
-5
-6
-10
-11
-12
-12
-10
-9
-8
-9
-11
-12
-11
-10
-9
-6
-5
-6
-5
-5
-3
-2
1
1
3
3
4
2
2
1
-1
-2
-4
-3
-2
-2
-2
-2
-3
-5
-6
-5
-4
-3
-2
0
0
1
1
2
2
4
5
4
4
4
4
5
2
3
3
2
2
3
5
6
7
7
8
9
10
12
15
14
15
15
14
14
15
14
14
12
13
10
10
9
9
8
8
7
7
6
3
2
0
0
-1
0
-1
-3
-4
-5
-5
-6
-6
-7
-7
-8
-8
-9
-8
-9
-8
-8
-8
-8
-9
-10
-10
-9
-8
-7
-8
-8
-10
-8
-8
-8
-7
-5
-4
-3
-3
-2
-2
-1
0
2
4
4
5
3
4
3
5
5
4
5
6
5
5
3
2
1
0
-2
-2
-2
-3
-6
-7
-6
-6
-8
-9
-10
-10
-10
-10
-10
-9
-8
-5
-3
-2
0
0
2
5
5
7
8
9
9
10
10
11
8
7
7
5
4
3
2
1
2
0
-1
-3
-2
-3
-3
-2
-2
-2
-3
-4
-2
-1
0
1
1
2
4
3
4
2
3
4
4
4
3
1
0
2
1
1
4
4
5
4
4
3
4
4
5
3
3
2
1
3
0
0
-1
-1
-1
-4
-5
-7
-7
-7
-7
-6
-8
-7
-6
-6
-4
-5
-4
-3
-1
1
2
1
3
3
1
2
2
1
0
1
1
0
-1
-2
-2
-2
-3
-4
-3
-3
-1
-1
-1
-1
-1
0
0
0
1
3
4
4
4
3
6
6
7
8
6
6
6
5
4
3
1
0
-1
-4
-4
-4
-5
-4
-4
-4
-5
-5
-7
-8
-8
-8
-6
-6
-6
-4
-3
-2
2
3
5
7
6
7
5
5
4
3
2
1
-1
-1
-3
-2
-1
0
2
3
6
8
8
8
8
7
6
6
5
6
4
1
1
-1
-3
-3
-5
-3
-4
-6
-6
-6
-7
-7
-6
-3
0
1
5
6
7
8
7
7
5
3
1
-1
-2
-5
-6
-6
-5
-5
-3
-1
0
2
4
5
5
6
5
4
1
0
-1
-1
-3
-5
-5
-6
-8
-8
-8
-9
-11
-11
-9
-9
-7
-6
-5
-3
-1
-1
0
0
0
-2
-2
0
-1
-2
-1
0
-1
-2
-2
0
-2
-1
0
0
2
3
6
7
9
9
12
13
11
12
12
11
10
7
6
4
1
-1
-3
-4
-5
-6
-6
-4
-6
-6
-4
-4
-4
-4
-3
-2
-2
0
1
1
1
1
1
-2
-4
-5
-4
-4
-4
-2
1
2
2
4
5
6
7
7
8
9
9
10
11
12
13
10
8
6
3
0
-4
-6
-8
-9
-10
-10
-12
-12
-13
-14
-13
-12
-10
-8
-4
-3
1
2
4
5
3
4
5
5
3
3
4
4
5
5
5
6
5
5
7
6
5
6
5
5
5
5
3
4
5
4
3
1
-2
-5
-8
-10
-13
-13
-13
-12
-12
-10
-9
-9
-8
-5
-4
-2
-1
-1
1
3
4
6
5
5
7
6
5
6
5
4
4
3
2
2
0
0
0
-1
0
1
1
1
2
3
4
5
4
3
2
-1
-3
-5
-6
-8
-8
-10
-10
-8
-9
-9
-8
-8
-7
-5
-6
-6
-6
-5
-3
0
2
3
5
5
5
7
7
5
7
5
5
5
2
2
3
4
4
5
4
3
3
1
0
2
2
2
3
2
1
3
1
-1
1
1
2
2
2
4
6
4
4
4
5
4
4
4
5
4
4
6
6
6
5
5
5
5
3
1
0
1
1
1
4
3
3
2
0
0
0
-1
-1
0
0
0
1
0
-2
-2
-3
-7
-8
-8
-10
-11
-10
-10
-8
-8
-7
-7
-8
-9
-10
-11
-11
-10
-9
-8
-6
-5
-4
-5
-6
-6
-8
-9
-10
-9
-7
-4
-2
1
1
2
0
-1
-1
0
1
3
3
5
7
8
8
7
5
2
-1
-2
-2
1
2
2
3
5
6
4
4
4
4
3
4
5
6
4
5
5
3
3
1
2
0
1
1
3
1
0
2
1
-1
-1
0
3
5
7
9
10
7
7
8
7
6
5
5
5
4
5
6
5
5
2
2
1
1
1
2
4
5
7
8
7
8
7
6
3
0
0
-2
-4
-2
-4
-4
-5
-6
-9
-11
-13
-14
-16
-15
-13
-11
-11
-8
-7
-7
-6
-7
-4
-5
-7
-6
-5
-8
-7
-7
-8
-8
-8
-8
-9
-10
-9
-6
-5
-3
1
2
3
4
3
3
3
2
1
2
1
2
2
2
1
0
-1
-2
-1
-1
1
0
1
1
0
0
2
3
4
4
6
7
8
8
8
9
10
10
9
7
5
2
0
0
0
-1
0
1
0
2
2
3
5
7
8
7
10
9
7
5
5
3
0
-2
-3
-4
-5
-6
-6
-5
-5
-3
-2
0
1
3
5
5
6
6
5
5
2
4
3
2
0
-3
-4
-3
-5
-4
-5
-6
-6
-7
-7
-5
-5
-3
0
2
4
4
5
5
7
7
7
5
3
2
-1
-2
-4
-7
-8
-10
-10
-11
-12
-11
-10
-5
-6
-3
-1
-1
1
3
3
4
3
2
3
0
-1
-1
-3
-4
-7
-8
-7
-8
-8
-6
-6
-4
-1
1
4
6
7
11
10
10
11
8
8
5
5
3
0
-3
-5
-5
-5
-5
-6
-6
-5
-5
-4
-4
0
0
3
7
9
8
9
9
7
7
6
4
3
0
-2
-4
-3
-5
-3
-2
0
2
1
3
5
4
3
5
7
8
11
12
12
14
12
9
7
6
5
1
-1
-1
-2
-4
-6
-5
-5
-7
-8
-8
-9
-10
-12
-14
-13
-12
-12
-10
-6
-5
-5
-6
-5
-5
-6
-7
-6
-2
-1
1
4
7
8
11
11
12
12
11
8
5
3
2
-2
-3
-4
-6
-9
-10
-11
-10
-12
-12
-11
-12
-13
-12
-10
-9
-9
-8
-9
-11
-11
-12
-13
-13
-9
-8
-6
-2
3
4
5
9
13
15
15
15
18
18
18
19
19
19
18
16
14
9
6
5
4
3
2
-1
-2
-2
-2
-2
-1
0
2
2
3
5
7
5
3
3
3
1
-1
-2
-2
-2
-1
0
0
2
3
4
7
7
9
7
7
7
5
6
3
3
3
2
2
1
-2
-6
-8
-9
-9
-9
-10
-10
-9
-9
-7
-8
-8
-8
-10
-11
-12
-13
-15
-18
-19
-21
-21
-20
-19
-17
-15
-14
-11
-11
-9
-10
-11
-9
-6
-2
2
5
8
10
12
11
10
7
4
2
1
1
3
5
8
14
21
29
35
39
41
41
40
37
31
26
21
16
12
10
8
6
7
8
12
13
16
18
16
17
15
11
7
1
-2
-5
-4
-4
-2
0
-1
0
1
2
0
-6
-7
-9
-11
-8
-8
-7
-5
-5
-2
0
2
2
7
9
6
6
3
0
-2
-6
-5
-6
-6
-5
-6
-6
-3
1
-1
-3
-3
-5
-11
-16
-20
-27
-31
-32
-35
-34
-34
-37
-37
-38
-42
-45
-49
-52
-57
-61
-61
-61
-60
-62
-60
-56
-52
-44
-38
-32
-27
-22
-17
-13
-5
0
7
13
16
21
26
30
36
44
53
57
65
73
80
89
101
116
133
143
154
161
166
167
163
150
132
116
100
84
72
63
57
52
51
50
47
47
45
39
27
16
7
-8
-28
-48
-65
-77
-88
-101
-112
-119
-121
-125
-124
-122
-125
-121
-123
-130
-133
-134
-130
-127
-125
-117
-111
-101
-84
-77
-75
-64
-59
-59
-64
-62
-57
-60
-57
-53
-51
-44
-35
-21
-12
-7
2
5
-3
-8
-18
-22
-26
-37
-48
-61
-63
-67
-71
-71
-71
-72
-74
-77
-73
-67
-61
-52
-50
-46
-41
-38
-36
-34
-36
-34
-28
-27
-27
-27
-17
-13
-9
-6
-6
7
21
34
49
62
77
97
113
131
150
164
179
193
207
224
243
260
269
269
270
266
260
248
227
207
195
185
186
201
224
260
290
313
330
340
337
321
293
251
199
138
79
26
-20
-52
-70
-79
-89
-97
-101
-102
-110
-125
-140
-158
-184
-213
-237
-256
-274
-288
-299
-309
-318
-316
-306
-294
-279
-261
-245
-230
-220
-203
-187
-173
-158
-150
-150
-152
-148
-146
-144
-139
-134
-126
-114
-104
-93
-77
-59
-42
-20
3
21
43
59
67
69
67
62
51
41
28
11
-1
-14
-29
-36
-41
-41
-33
-33
-35
-39
-38
-28
-23
-13
-1
6
13
12
11
13
3
-9
-19
-40
-59
-73
-74
-60
-39
-8
32
73
116
154
192
226
249
263
264
258
246
231
225
223
221
228
258
311
371
431
484
533
575
599
606
597
567
516
442
368
294
222
169
145
136
118
106
106
110
106
86
58
17
-51
-139
-226
-292
-344
-394
-431
-460
-482
-500
-501
-471
-449
-445
-439
-432
-442
-454
-453
-443
-430
-422
-408
-387
-361
-333
-306
-289
-281
-282
-286
-278
-261
-253
-254
-243
-223
-201
-156
-102
-48
-1
31
55
57
43
28
6
-32
-77
-119
-152
-179
-192
-193
-185
-179
-183
-176
-150
-126
-94
-63
-45
-31
-8
16
46
64
63
61
40
2
-34
-68
-85
-88
-69
-37
-6
33
65
93
125
155
193
226
257
292
318
357
388
426
488
538
594
661
706
749
765
766
755
721
697
664
616
560
516
494
499
520
592
707
834
964
1070
1148
1199
1216
1164
1064
913
719
498
288
78
-119
-262
-371
-419
-439
-445
-421
-392
-385
-377
-400
-434
-488
-611
-715
-809
-889
-938
-978
-1010
-1017
-1016
-980
-925
-886
-857
-838
-823
-820
-826
-823
-798
-768
-727
-706
-678
-639
-604
-552
-520
-509
-501
-509
-510
-491
-471
-431
-358
-281
-209
-148
-92
-17
55
107
129
122
107
80
34
-13
-63
-96
-102
-105
-102
-110
-106
-63
-11
45
78
100
141
186
213
225
233
243
241
250
253
248
254
241
238
224
224
259
288
321
330
343
385
408
440
469
459
480
484
495
510
498
510
534
568
607
663
706
754
794
820
839
838
812
774
733
665
598
509
449
420
420
448
497
580
702
872
1036
1166
1235
1283
1300
1250
1124
944
723
483
211
-75
-319
-513
-643
-730
-803
-859
-873
-859
-829
-823
-839
-877
-931
-1000
-1089
-1174
-1266
-1301
-1315
-1360
-1407
-1447
-1434
-1380
-1339
-1295
-1257
-1215
-1172
-1153
-1116
-1072
-981
-901
-881
-902
-894
-829
-727
-635
-565
-497
-430
-330
-248
-156
-89
-32
29
20
8
9
48
114
148
189
235
296
346
370
388
393
384
370
342
268
213
190
204
240
242
240
246
282
306
315
323
327
349
337
299
256
231
227
216
201
173
164
178
226
293
351
415
471
531
562
556
547
533
512
469
406
378
383
414
465
505
570
637
697
778
839
872
890
892
883
864
837
798
789
781
757
736
736
751
770
771
778
876
1022
1169
1258
1309
1361
1379
1357
1276
1115
879
612
347
113
-139
-374
-544
-648
-721
-785
-818
-826
-807
-853
-954
-1098
-1221
-1325
-1470
-1634
-1803
-1906
-1960
-1972
-1981
-1978
-1923
-1823
-1653
-1495
-1392
-1306
-1221
-1144
-1108
-1103
-1075
-1033
-1020
-1055
-1101
-1086
-1017
-932
-859
-793
-742
-710
-663
-610
-549
-476
-388
-271
-172
-87
19
180
372
530
613
657
709
736
735
670
592
540
504
463
413
396
421
474
518
554
576
607
655
683
657
577
493
441
401
388
390
428
518
600
657
699
731
773
806
774
687
569
464
349
199
105
32
-3
63
207
310
397
493
643
790
840
867
867
924
921
870
816
721
619
594
654
683
674
658
711
693
619
556
536
539
489
441
398
369
386
517
731
984
1168
1290
1400
1472
1500
1392
1194
960
665
269
-201
-636
-995
-1244
-1400
-1458
-1491
-1547
-1550
-1496
-1454
-1507
-1576
-1611
-1650
-1782
-1966
-2048
-2069
-2057
-1983
-1891
-1853
-1804
-1684
-1494
-1349
-1307
-1298
-1317
-1346
-1412
-1427
-1367
-1298
-1237
-1186
-1142
-1079
-925
-734
-585
-491
-437
-403
-348
-254
-152
-47
45
170
334
454
546
679
857
989
977
906
881
859
775
666
580
531
499
484
519
577
652
759
850
860
798
768
786
803
804
775
765
813
860
885
918
976
1053
1069
1019
912
776
677
591
478
358
218
118
72
15
-14
-21
11
75
91
113
179
258
392
562
723
840
911
991
1060
1107
1084
1043
962
808
627
490
408
332
278
289
378
464
542
607
710
814
884
915
875
811
847
1008
1101
1077
990
963
1008
992
869
631
393
192
-73
-420
-832
-1203
-1434
-1590
-1798
-2074
-2270
-2324
-2287
-2279
-2308
-2301
-2214
-2069
-2031
-2082
-2120
-2099
-2018
-1979
-2020
-2070
-2043
-1891
-1732
-1673
-1683
-1689
-1639
-1579
-1555
-1571
-1541
-1444
-1335
-1252
-1157
-994
-756
-498
-264
-114
-3
157
321
426
437
441
477
553
616
671
772
886
1022
1136
1217
1261
1321
1409
1434
1366
1258
1170
1099
1033
967
918
906
970
1056
1129
1196
1272
1384
1447
1421
1328
1223
1147
1041
889
719
574
499
479
451
435
500
587
677
693
656
608
532
469
362
199
51
-24
-27
0
64
209
388
554
683
829
963
1016
1039
986
838
614
436
314
213
137
102
141
219
367
553
715
815
834
791
691
559
448
310
96
-181
-361
-336
-165
22
122
176
231
354
464
410
155
-190
-551
-964
-1411
-1871
-2257
-2500
-2645
-2740
-2805
-2785
-2575
-2277
-2045
-1951
-1933
-1879
-1826
-1857
-2021
-2242
-2433
-2508
-2488
-2521
-2565
-2516
-2299
-1986
-1736
-1545
-1383
-1200
-1042
-930
-834
-793
-738
-664
-604
-573
-503
-320
-59
176
334
466
628
835
1048
1239
1379
1510
1667
1834
1953
2074
2252
2421
2527
2513
2447
2397
2332
2238
2106
1938
1767
1632
1546
1484
1423
1410
1452
1517
1566
1560
1520
1470
1379
1232
1040
839
682
546
398
284
225
223
261
334
418
479
501
442
343
221
96
-3
-55
-125
-242
-335
-346
-233
-83
26
68
84
114
168
227
249
235
197
151
85
52
61
97
140
140
112
106
106
109
97
40
-51
-151
-251
-369
-501
-640
-727
-808
-917
-1002
-927
-705
-516
-421
-350
-266
-187
-150
-233
-442
-773
-1096
-1419
-1787
-2197
-2530
-2624
-2543
-2440
-2379
-2294
-2081
-1797
-1562
-1428
-1421
-1426
-1447
-1492
-1610
-1766
-1851
-1830
-1744
-1674
-1610
-1478
-1237
-962
-708
-572
-444
-297
-135
-34
-23
30
135
300
414
485
528
628
823
1045
1192
1259
1344
1471
1612
1699
1805
1941
2091
2219
2318
2428
2543
2683
2777
2745
2593
2410
2265
2131
1986
1825
1641
1422
1257
1172
1138
1102
1063
1048
960
835
713
624
538
397
235
72
-58
-134
-169
-180
-165
-106
-32
-18
-42
-78
-140
-255
-417
-548
-700
-859
-976
-1011
-990
-959
-866
-741
-590
-486
-418
-355
-292
-235
-243
-298
-359
-379
-379
-359
-334
-279
-231
-201
-185
-212
-235
-207
-155
-180
-263
-360
-394
-420
-477
-556
-599
-575
-600
-682
-815
-795
-570
-303
-142
-142
-133
-4
201
316
273
89
-98
-225
-424
-767
-1153
-1325
-1295
-1316
-1496
-1703
-1752
-1560
-1312
-1208
-1307
-1460
-1444
-1324
-1315
-1496
-1616
-1526
-1313
-1171
-1120
-983
-717
-299
104
339
435
569
780
890
840
673
558
548
527
424
302
286
464
780
1008
1082
1175
1404
1656
1846
1982
2063
2126
2181
2226
2224
2217
2284
2342
2270
2090
1917
1826
1793
1733
1623
1436
1200
1055
971
856
705
547
408
202
-62
-248
-322
-334
-359
-442
-541
-573
-513
-425
-383
-392
-403
-392
-409
-448
-517
-614
-678
-751
-856
-969
-1002
-917
-851
-881
-959
-994
-951
-875
-796
-788
-844
-856
-752
-630
-615
-625
-589
-549
-554
-580
-557
-494
-417
-336
-368
-427
-401
-319
-240
-204
-194
-242
-316
-367
-368
-391
-415
-425
-480
-507
-373
-43
298
528
683
879
1080
1180
1175
1115
994
814
585
296
-74
-419
-546
-542
-656
-914
-1103
-1095
-984
-952
-985
-1081
-1160
-1130
-1083
-1089
-1139
-1078
-873
-662
-590
-539
-339
-4
307
467
521
550
603
661
630
471
283
190
222
222
144
79
158
361
534
607
617
721
918
1133
1281
1340
1425
1579
1735
1801
1787
1825
1947
2018
2001
1905
1762
1672
1581
1462
1271
1016
788
601
392
165
-8
-145
-303
-539
-792
-989
-1113
-1203
-1324
-1438
-1474
-1390
-1272
-1166
-1074
-946
-750
-558
-396
-293
-258
-260
-278
-335
-453
-601
-691
-715
-768
-876
-937
-936
-884
-835
-855
-914
-966
-932
-819
-730
-721
-731
-672
-532
-413
-318
-211
-70
84
176
201
209
286
388
460
451
397
370
399
449
492
535
575
601
571
503
536
766
1084
1309
1360
1380
1455
1559
1641
1609
1428
1196
958
630
218
-175
-410
-503
-607
-800
-977
-1046
-959
-792
-700
-746
-885
-958
-954
-963
-1051
-1166
-1210
-1217
-1238
-1269
-1249
-1123
-899
-665
-537
-524
-520
-436
-293
-261
-327
-387
-405
-401
-405
-399
-348
-187
25
186
284
403
608
882
1095
1215
1320
1431
1531
1592
1621
1632
1647
1642
1589
1478
1372
1321
1312
1277
1168
982
767
560
387
227
34
-179
-420
-641
-863
-1051
-1150
-1207
-1252
-1253
-1196
-1105
-976
-794
-562
-356
-179
-22
87
148
150
136
86
-27
-169
-315
-452
-565
-615
-642
-691
-763
-804
-802
-812
-843
-860
-827
-765
-666
-573
-482
-332
-173
-31
73
160
283
413
526
605
676
732
786
875
947
964
913
895
962
1002
930
817
702
555
396
336
420
488
515
570
647
714
806
945
1059
1063
983
903
736
475
211
40
-65
-234
-449
-684
-874
-982
-996
-1009
-1161
-1370
-1540
-1656
-1780
-1914
-1984
-1973
-1936
-1898
-1813
-1682
-1479
-1209
-935
-738
-637
-522
-371
-249
-191
-184
-182
-171
-154
-118
-49
34
169
352
507
608
711
850
973
1060
1127
1204
1314
1413
1500
1573
1641
1740
1854
1914
1879
1812
1780
1729
1596
1430
1247
1038
788
512
247
-16
-259
-467
-670
-902
-1133
-1276
-1318
-1322
-1305
-1222
-1075
-909
-752
-590
-413
-253
-101
18
42
-33
-104
-119
-157
-257
-385
-481
-551
-593
-627
-704
-799
-864
-881
-901
-954
-1006
-1006
-963
-902
-791
-677
-551
-370
-159
39
221
418
645
845
974
1084
1175
1228
1273
1261
1186
1096
1012
949
846
693
558
438
282
158
172
316
467
589
727
842
927
1039
1180
1255
1203
1108
1006
795
469
180
32
-61
-216
-418
-605
-754
-838
-856
-913
-1103
-1348
-1514
-1645
-1804
-1967
-2084
-2115
-2122
-2109
-2033
-1857
-1576
-1236
-917
-679
-500
-310
-94
95
214
250
216
178
148
137
160
173
204
231
247
293
379
500
637
792
960
1120
1268
1409
1534
1675
1833
1935
1954
1906
1858
1823
1737
1599
1426
1252
1091
914
715
462
176
-96
-347
-645
-963
-1240
-1466
-1615
-1675
-1681
-1619
-1477
-1311
-1118
-946
-775
-535
-295
-157
-143
-219
-315
-365
-362
-407
-563
-724
-823
-899
-937
-948
-944
-916
-845
-722
-629
-596
-508
-343
-167
-30
14
37
89
172
274
343
396
474
551
619
756
892
984
1073
1141
1169
1143
1120
1109
1022
863
743
623
458
251
56
39
167
301
430
494
554
690
878
1082
1179
1159
1119
1049
893
659
405
242
155
-7
-232
-506
-724
-791
-842
-957
-1181
-1493
-1723
-1827
-1901
-1986
-2097
-2142
-2061
-1938
-1817
-1650
-1380
-971
-569
-339
-180
-30
164
354
400
339
217
62
-34
-118
-202
-207
-153
-45
64
149
297
516
771
1010
1142
1259
1403
1524
1665
1760
1824
1879
1874
1828
1778
1706
1632
1556
1433
1311
1149
940
742
518
259
-33
-362
-647
-941
-1263
-1543
-1769
-1858
-1830
-1764
-1652
-1512
-1359
-1167
-951
-732
-535
-420
-363
-341
-397
-476
-535
-576
-645
-729
-777
-752
-671
-581
-452
-357
-280
-196
-124
-76
-32
47
121
118
18
-94
-186
-232
-203
-94
41
179
339
549
808
1036
1236
1373
1432
1418
1296
1125
966
817
676
516
318
125
-43
-109
-11
175
402
592
701
776
874
993
1104
1169
1160
1101
959
758
562
398
308
236
135
-30
-275
-490
-599
-670
-787
-998
-1267
-1497
-1676
-1795
-1859
-1879
-1857
-1791
-1701
-1615
-1484
-1263
-964
-695
-547
-487
-439
-346
-222
-123
-140
-253
-348
-394
-412
-433
-425
-347
-208
-82
20
126
301
558
816
1039
1178
1259
1360
1518
1660
1720
1746
1751
1744
1711
1685
1673
1599
1486
1358
1186
958
717
490
208
-146
-467
-727
-1000
-1294
-1546
-1718
-1823
-1839
-1757
-1610
-1458
-1320
-1152
-991
-838
-683
-520
-384
-323
-314
-307
-294
-273
-234
-204
-164
-111
-36
58
142
227
291
296
241
180
119
47
-35
-126
-198
-311
-392
-386
-319
-203
-72
121
314
482
659
846
1001
1123
1206
1213
1146
996
870
772
665
584
534
465
371
289
268
369
527
681
796
834
895
987
1087
1198
1221
1147
1045
896
737
593
466
373
262
82
-167
-424
-588
-666
-762
-926
-1138
-1373
-1520
-1579
-1619
-1608
-1644
-1680
-1680
-1705
-1682
-1575
-1405
-1244
-1164
-1165
-1165
-1121
-993
-860
-838
-848
-891
-907
-844
-755
-633
-487
-358
-232
-101
39
239
484
767
972
1041
1112
1202
1346
1499
1587
1642
1652
1602
1576
1590
1571
1515
1397
1240
1058
836
636
420
164
-113
-409
-681
-909
-1133
-1312
-1441
-1537
-1534
-1478
-1357
-1171
-1014
-869
-707
-544
-354
-164
-28
70
103
104
123
147
183
193
158
170
189
192
212
195
211
237
197
154
92
0
-67
-140
-222
-289
-369
-388
-327
-250
-120
47
208
364
501
669
842
956
1051
1073
1018
969
915
878
857
776
680
609
489
424
481
590
722
810
868
928
962
1005
1041
1015
933
796
640
484
254
77
43
15
-49
-183
-358
-465
-493
-499
-523
-657
-872
-1063
-1216
-1345
-1487
-1616
-1704
-1806
-1913
-1985
-2007
-1904
-1688
-1474
-1326
-1257
-1152
-942
-751
-632
-611
-627
-622
-596
-555
-480
-381
-282
-127
58
237
429
665
907
1073
1145
1166
1173
1215
1274
1289
1294
1257
1200
1187
1172
1153
1169
1195
1167
1044
917
815
693
519
279
-17
-327
-599
-785
-916
-1084
-1253
-1346
-1364
-1328
-1239
-1108
-975
-865
-771
-669
-540
-366
-193
-95
-90
-119
-125
-56
17
29
-7
-46
-4
105
209
279
307
310
302
264
176
68
3
-26
-75
-166
-260
-297
-250
-134
13
153
258
359
504
672
797
881
943
982
987
975
986
1017
1006
938
891
869
896
1038
1193
1247
1226
1227
1289
1333
1276
1156
1013
874
752
613
435
245
136
167
230
159
-9
-161
-261
-312
-383
-538
-766
-993
-1157
-1298
-1459
-1588
-1639
-1651
-1695
-1784
-1826
-1785
-1656
-1446
-1238
-1129
-1083
-1001
-858
-717
-639
-588
-585
-659
-741
-789
-774
-683
-554
-418
-327
-256
-135
30
212
373
489
545
540
526
573
648
722
814
864
877
920
1007
1097
1152
1151
1071
939
828
734
595
368
85
-184
-432
-658
-837
-978
-1114
-1230
-1292
-1291
-1239
-1142
-1008
-866
-771
-702
-594
-451
-319
-227
-193
-209
-244
-253
-186
-112
-76
-37
36
126
202
311
482
621
668
651
610
576
557
545
507
408
298
248
239
242
292
366
423
462
504
578
684
819
945
998
984
997
1079
1170
1196
1155
1100
1043
1076
1238
1366
1363
1295
1274
1299
1277
1191
1074
913
724
540
308
42
-155
-215
-192
-221
-330
-434
-460
-394
-323
-337
-426
-545
-645
-739
-893
-1097
-1266
-1378
-1476
-1611
-1748
-1820
-1791
-1650
-1484
-1370
-1278
-1154
-1008
-880
-792
-752
-746
-775
-849
-964
-1106
-1182
-1156
-1079
-997
-957
-899
-746
-501
-247
-61
85
240
395
517
611
714
839
952
999
997
1012
1050
1078
1098
1083
990
834
707
625
495
311
116
-75
-297
-538
-735
-879
-988
-1074
-1155
-1204
-1172
-1074
-929
-773
-650
-549
-436
-302
-188
-114
-37
27
8
-52
-79
-49
14
89
199
331
465
627
821
999
1120
1138
1093
1056
1007
921
801
653
501
355
251
229
247
295
378
464
556
682
834
1004
1125
1165
1175
1177
1218
1278
1296
1267
1170
1016
921
958
1047
1081
1004
893
814
750
720
699
626
498
328
162
8
-150
-235
-225
-225
-292
-386
-425
-354
-247
-182
-220
-372
-548
-719
-911
-1102
-1307
-1524
-1730
-1934
-2089
-2156
-2127
-2004
-1845
-1727
-1627
-1489
-1290
-1103
-1014
-1002
-1052
-1139
-1232
-1354
-1489
-1594
-1650
-1637
-1573
-1493
-1381
-1219
-1000
-734
-457
-158
152
436
675
831
949
1115
1291
1416
1477
1486
1474
1424
1347
1295
1230
1112
962
789
644
523
416
336
212
30
-141
-273
-337
-406
-535
-670
-790
-867
-885
-867
-801
-704
-599
-427
-187
50
274
480
668
784
776
741
723
721
725
663
581
548
585
747
939
1062
1154
1211
1239
1270
1243
1116
945
779
640
518
406
364
375
425
534
654
771
911
1072
1187
1177
1080
1013
978
928
835
659
430
211
91
152
263
278
260
267
321
417
484
515
493
389
227
25
-205
-423
-587
-683
-760
-878
-971
-999
-997
-927
-855
-881
-989
-1132
-1256
-1373
-1513
-1671
-1813
-1923
-2005
-2042
-2018
-1926
-1791
-1656
-1557
-1487
-1377
-1268
-1225
-1212
-1249
-1328
-1400
-1418
-1399
-1439
-1490
-1448
-1306
-1123
-967
-799
-578
-347
-78
215
471
727
1002
1246
1449
1618
1813
2028
2138
2154
2114
1986
1852
1770
1682
1527
1281
1040
879
767
683
601
479
335
158
-45
-247
-449
-587
-730
-930
-1084
-1159
-1139
-1013
-834
-609
-381
-184
69
326
510
627
689
687
611
475
374
357
345
362
401
435
550
743
976
1185
1290
1321
1327
1321
1255
1125
976
832
683
548
459
410
418
497
586
616
584
596
682
734
671
515
359
237
135
26
-107
-249
-354
-435
-501
-493
-384
-223
-89
-31
2
86
192
270
230
77
-85
-221
-361
-567
-787
-900
-942
-962
-992
-1040
-1044
-980
-880
-831
-900
-1017
-1072
-1089
-1154
-1294
-1444
-1525
-1564
-1592
-1606
-1624
-1610
-1497
-1373
-1277
-1233
-1203
-1094
-1002
-979
-967
-960
-931
-867
-803
-751
-691
-565
-332
-104
54
222
427
717
1020
1262
1461
1598
1738
1897
2035
2121
2150
2141
2095
2010
1888
1796
1694
1575
1398
1139
879
624
438
265
8
-272
-541
-773
-939
-1069
-1161
-1222
-1270
-1257
-1188
-1107
-978
-791
-557
-344
-195
-58
85
204
307
381
393
352
291
294
344
403
479
554
635
709
818
922
990
1030
1015
982
933
886
820
737
661
607
543
476
459
474
479
439
369
275
198
194
165
63
-93
-236
-277
-285
-281
-257
-246
-265
-276
-302
-333
-361
-341
-224
-189
-230
-253
-210
-72
53
110
126
81
57
80
27
-101
-253
-364
-397
-449
-554
-652
-741
-753
-709
-708
-732
-791
-845
-865
-923
-981
-996
-1017
-1025
-1046
-1074
-1064
-1037
-976
-924
-948
-995
-1020
-1041
-1026
-1017
-998
-922
-852
-762
-653
-556
-411
-218
-23
165
299
440
671
894
1108
1271
1380
1532
1692
1838
1977
2035
2024
1995
1909
1795
1654
1480
1284
1005
685
384
82
-174
-382
-576
-782
-984
-1103
-1146
-1177
-1186
-1154
-1119
-1071
-1003
-915
-791
-641
-475
-274
-120
-6
104
224
365
447
462
480
520
570
644
704
748
757
774
829
863
865
830
779
738
693
633
565
513
482
448
398
355
354
390
437
467
428
352
265
211
186
100
-16
-133
-215
-217
-207
-233
-248
-273
-287
-288
-325
-376
-449
-477
-406
-336
-288
-205
-79
105
269
347
392
420
432
430
323
118
-109
-305
-428
-531
-664
-781
-852
-846
-771
-705
-639
-604
-600
-596
-607
-633
-681
-738
-792
-876
-979
-1036
-1039
-991
-936
-931
-948
-981
-979
-919
-890
-873
-845
-804
-727
-651
-583
-468
-309
-110
87
247
426
665
925
1143
1292
1382
1480
1599
1699
1727
1678
1613
1577
1532
1446
1340
1207
1064
892
633
312
0
-259
-471
-684
-929
-1153
-1259
-1252
-1207
-1145
-1046
-893
-722
-575
-443
-327
-209
-95
-16
37
59
93
178
272
333
366
437
563
694
792
852
881
892
886
851
784
711
630
531
411
283
195
154
150
156
132
138
184
255
342
364
336
315
275
243
233
177
93
18
-29
-40
-56
-59
-19
4
-30
-84
-147
-211
-269
-292
-241
-198
-186
-133
-38
93
234
345
437
469
438
402
344
197
-2
-168
-299
-422
-574
-745
-859
-893
-863
-814
-801
-815
-821
-796
-773
-792
-820
-836
-846
-861
-912
-967
-993
-983
-937
-902
-897
-912
-926
-907
-852
-790
-726
-666
-593
-518
-435
-301
-120
77
242
380
498
613
754
906
1055
1155
1218
1287
1361
1424
1471
1513
1544
1514
1435
1373
1323
1240
1091
897
655
366
78
-179
-414
-657
-900
-1093
-1230
-1302
-1282
-1196
-1075
-929
-789
-641
-500
-384
-258
-121
-24
16
38
92
186
264
330
418
511
634
762
850
891
867
815
765
681
559
396
218
67
-60
-157
-212
-258
-260
-175
-49
62
157
273
416
530
593
621
615
579
518
438
348
276
193
87
23
-12
-77
-152
-220
-294
-392
-509
-519
-420
-351
-308
-256
-167
10
211
395
552
623
692
774
751
642
464
321
261
151
-38
-277
-511
-612
-626
-676
-753
-875
-977
-990
-1017
-1068
-1120
-1176
-1178
-1185
-1225
-1201
-1139
-1046
-927
-869
-829
-785
-725
-616
-576
-610
-613
-581
-504
-437
-397
-308
-178
-17
145
279
437
613
774
923
1020
1090
1172
1258
1337
1351
1313
1301
1296
1285
1248
1175
1131
1084
989
877
719
524
316
96
-111
-347
-623
-847
-1018
-1178
-1286
-1324
-1291
-1210
-1124
-1010
-870
-714
-532
-369
-241
-111
13
131
241
318
380
462
552
634
705
762
796
774
709
627
509
360
210
50
-131
-315
-463
-531
-509
-460
-393
-253
-41
194
408
599
752
844
900
922
875
765
619
482
353
190
41
-71
-127
-133
-161
-219
-301
-394
-399
-322
-242
-167
-128
-62
78
228
387
534
643
756
828
826
774
663
567
495
361
192
-33
-276
-438
-559
-672
-814
-988
-1102
-1164
-1205
-1186
-1162
-1157
-1131
-1116
-1070
-977
-868
-711
-586
-521
-464
-465
-449
-375
-360
-381
-421
-497
-533
-535
-515
-434
-336
-218
-80
42
192
354
511
654
743
823
888
918
958
999
1016
1032
1046
1072
1093
1085
1090
1095
1080
1025
909
767
586
369
152
-106
-391
-655
-907
-1113
-1285
-1420
-1459
-1437
-1380
-1282
-1171
-1018
-829
-656
-483
-347
-246
-139
-49
51
145
220
321
413
488
591
676
727
755
725
655
540
398
272
116
-60
-191
-298
-339
-270
-195
-81
92
261
481
698
848
996
1086
1101
1072
930
757
626
493
371
216
42
-71
-114
-83
-41
-32
-36
-87
-101
8
98
178
247
279
386
477
556
698
786
843
873
787
694
568
429
370
227
-2
-243
-514
-651
-725
-832
-885
-1025
-1182
-1226
-1271
-1271
-1211
-1199
-1202
-1235
-1257
-1181
-1068
-924
-793
-727
-664
-632
-613
-535
-482
-461
-480
-549
-581
-593
-571
-472
-366
-273
-191
-103
31
152
292
435
479
503
549
607
701
763
791
842
889
946
1015
1044
1055
1065
1055
1006
880
731
580
404
230
19
-243
-512
-764
-961
-1122
-1257
-1330
-1375
-1376
-1314
-1214
-1073
-903
-727
-559
-421
-294
-152
-40
46
118
164
227
320
420
541
662
793
935
1033
1077
1068
1012
936
833
669
475
324
243
243
278
300
365
481
614
737
814
853
872
831
709
526
339
200
124
74
32
-17
-31
59
193
308
360
347
330
322
343
378
412
430
416
400
349
313
372
474
551
543
455
325
189
95
70
38
-90
-269
-481
-634
-702
-753
-797
-904
-1038
-1137
-1205
-1221
-1229
-1272
-1330
-1422
-1507
-1509
-1453
-1327
-1175
-1068
-969
-910
-858
-766
-682
-623
-643
-720
-772
-807
-793
-685
-521
-342
-217
-143
-23
142
301
453
534
557
568
596
688
779
842
937
1027
1081
1101
1095
1122
1171
1193
1155
1015
801
589
410
222
-15
-279
-538
-768
-954
-1113
-1252
-1331
-1333
-1279
-1221
-1167
-1061
-933
-779
-601
-447
-310
-188
-67
47
132
237
373
525
666
776
880
1000
1128
1243
1316
1301
1255
1176
1063
909
682
512
435
411
429
440
461
521
587
667
722
688
640
588
507
399
269
185
147
122
133
159
230
350
475
598
633
567
475
345
242
208
171
136
59
-17
17
80
191
317
342
351
320
246
188
47
-91
-158
-284
-422
-569
-705
-707
-694
-724
-768
-888
-970
-983
-1031
-1075
-1173
-1330
-1438
-1530
-1600
-1631
-1610
-1466
-1309
-1195
-1091
-1029
-929
-815
-755
-741
-804
-858
-870
-862
-796
-688
-571
-406
-250
-114
70
214
372
524
607
690
722
761
856
952
1047
1144
1192
1226
1280
1298
1313
1286
1202
1107
950
758
560
347
172
21
-180
-388
-559
-694
-777
-847
-901
-923
-935
-904
-848
-810
-724
-598
-463
-325
-236
-125
12
131
279
405
515
664
808
945
1057
1128
1207
1256
1267
1235
1119
973
809
649
544
441
347
300
271
284
307
304
344
373
387
390
298
203
152
92
52
39
52
128
201
269
369
467
565
648
643
535
368
198
82
-1
-117
-256
-379
-424
-363
-262
-162
-64
-9
31
72
51
-64
-200
-279
-354
-474
-628
-758
-815
-807
-792
-790
-807
-838
-832
-842
-885
-960
-1076
-1146
-1173
-1223
-1270
-1278
-1228
-1131
-1053
-985
-920
-887
-823
-782
-789
-796
-797
-740
-654
-603
-551
-429
-248
-29
156
285
403
507
669
840
918
940
976
1031
1087
1141
1194
1275
1341
1409
1467
1439
1378
1322
1251
1150
977
713
438
222
42
-157
-377
-549
-676
-811
-928
-998
-1006
-958
-879
-806
-776
-776
-722
-592
-462
-379
-324
-250
-162
-41
105
228
341
472
609
727
807
861
906
918
889
809
665
506
383
286
192
116
97
128
182
257
320
363
406
441
423
340
225
127
71
42
38
65
109
187
311
453
579
675
757
766
644
427
189
-1
-118
-207
-328
-465
-526
-443
-262
-80
87
219
299
357
349
264
122
-32
-144
-266
-448
-604
-699
-716
-650
-589
-550
-522
-505
-472
-490
-592
-692
-779
-867
-982
-1131
-1249
-1283
-1239
-1143
-1063
-1004
-927
-842
-746
-656
-594
-552
-540
-524
-479
-464
-415
-294
-148
-4
90
174
306
444
597
738
810
876
939
984
1023
1050
1110
1201
1245
1263
1255
1214
1199
1171
1094
968
780
568
338
77
-147
-336
-511
-663
-827
-986
-1100
-1157
-1130
-1083
-1069
-1047
-1018
-945
-822
-692
-549
-398
-248
-97
32
178
354
527
686
814
909
994
1049
1055
1027
942
820
687
536
392
276
222
246
288
303
303
304
328
343
331
304
232
120
-3
-120
-198
-221
-190
-98
12
112
222
361
509
633
678
625
489
283
45
-164
-286
-335
-360
-374
-358
-264
-75
163
388
543
609
616
545
405
217
7
-180
-355
-524
-659
-768
-779
-671
-537
-432
-388
-379
-354
-349
-388
-459
-586
-723
-853
-990
-1089
-1145
-1141
-1063
-981
-904
-828
-784
-732
-663
-604
-563
-552
-540
-515
-506
-479
-392
-246
-96
15
94
170
286
441
593
698
749
759
785
838
897
950
1006
1071
1117
1143
1136
1099
1067
1019
912
741
525
297
78
-152
-363
-538
-702
-861
-1007
-1095
-1113
-1098
-1030
-934
-846
-774
-714
-603
-431
-275
-138
4
123
238
353
484
607
688
759
833
886
909
898
876
846
766
651
533
418
330
270
264
286
279
278
281
272
270
229
149
67
-28
-134
-258
-357
-356
-308
-215
-99
-3
120
261
413
581
658
612
501
360
200
33
-79
-57
23
57
80
173
372
605
785
903
907
794
646
447
200
-90
-379
-564
-699
-850
-982
-1001
-875
-683
-530
-457
-460
-481
-467
-468
-551
-687
-828
-943
-1037
-1132
-1182
-1153
-1062
-944
-864
-852
-850
-815
-746
-693
-741
-848
-924
-948
-936
-914
-857
-716
-529
-334
-159
-21
145
376
615
788
847
866
913
954
1008
1057
1084
1125
1164
1223
1252
1210
1183
1187
1156
1048
838
595
373
158
-39
-241
-466
-656
-817
-923
-966
-977
-936
-862
-784
-712
-653
-569
-423
-249
-86
31
103
177
271
375
481
564
620
660
709
762
799
817
811
796
762
696
610
524
456
390
332
284
223
168
126
81
38
-32
-106
-149
-205
-255
-272
-261
-193
-91
25
161
276
385
512
610
666
654
577
475
313
145
83
124
230
312
339
390
493
646
796
850
776
607
397
189
-51
-345
-590
-742
-842
-954
-1091
-1116
-995
-814
-654
-606
-644
-702
-753
-790
-874
-1015
-1124
-1183
-1226
-1239
-1224
-1124
-934
-771
-664
-632
-628
-574
-526
-533
-612
-722
-798
-838
-865
-863
-815
-668
-426
-245
-109
20
171
393
570
676
703
672
710
778
824
879
943
1040
1144
1176
1200
1238
1268
1342
1337
1214
1058
845
655
446
178
-43
-262
-461
-622
-787
-859
-824
-771
-702
-670
-634
-539
-416
-273
-160
-84
13
115
192
249
292
409
534
576
606
617
646
728
766
771
688
555
512
467
356
237
136
109
135
95
32
-4
-3
39
39
4
-58
-134
-128
-122
-158
-176
-151
-49
55
103
146
221
306
369
376
332
212
50
-65
-151
-160
-77
26
151
256
351
528
719
863
892
788
654
466
191
-114
-449
-706
-846
-974
-1057
-1125
-1122
-953
-725
-545
-459
-495
-502
-467
-475
-522
-642
-727
-772
-819
-818
-785
-694
-531
-403
-377
-446
-550
-573
-571
-640
-764
-918
-991
-1007
-983
-870
-717
-503
-298
-120
60
209
356
515
607
607
572
561
625
700
764
879
1009
1143
1250
1298
1339
1382
1410
1410
1330
1144
908
666
465
246
-8
-214
-402
-575
-751
-897
-958
-969
-941
-916
-890
-847
-774
-624
-449
-288
-163
-59
16
77
166
258
367
446
501
559
611
691
768
804
756
666
592
519
419
265
119
48
38
19
-37
-97
-92
-24
56
81
56
19
10
26
22
-13
-47
-48
13
78
81
105
184
285
360
361
302
220
137
42
-11
10
106
215
282
363
496
681
848
926
897
783
642
475
251
-33
-310
-501
-615
-728
-846
-902
-848
-721
-605
-557
-560
-562
-553
-553
-580
-644
-699
-697
-674
-662
-660
-602
-463
-344
-340
-433
-532
-574
-621
-706
-814
-962
-1081
-1111
-1083
-990
-855
-705
-502
-314
-205
-110
21
166
271
294
300
349
445
557
668
807
997
1182
1305
1392
1463
1515
1520
1474
1367
1198
975
735
502
233
-52
-284
-464
-614
-753
-890
-966
-954
-935
-917
-881
-831
-767
-684
-558
-390
-238
-138
-63
0
72
181
308
417
472
498
531
586
647
676
674
612
498
410
341
264
205
192
184
138
53
21
68
112
128
95
39
-11
-50
-48
-64
-122
-150
-122
-38
68
156
269
404
513
568
571
525
440
329
188
49
-2
83
210
279
308
397
585
764
862
877
808
679
514
320
95
-162
-354
-457
-557
-699
-812
-780
-628
-508
-480
-515
-569
-582
-566
-587
-664
-788
-886
-910
-928
-944
-901
-817
-757
-752
-747
-732
-718
-699
-693
-737
-836
-931
-951
-885
-796
-686
-549
-402
-253
-106
43
182
274
323
356
365
353
354
383
452
566
738
948
1135
1303
1463
1567
1610
1601
1542
1433
1225
921
579
244
-33
-277
-507
-703
-873
-999
-1041
-1004
-909
-806
-734
-673
-631
-581
-489
-384
-281
-230
-236
-220
-133
22
200
321
410
497
598
714
800
847
837
766
673
548
403
254
117
45
3
-57
-109
-144
-124
-43
12
29
13
-28
-44
-76
-138
-183
-186
-108
8
88
193
339
506
689
823
892
890
817
700
529
325
158
114
163
189
150
155
323
598
826
935
933
861
770
652
475
240
-5
-165
-276
-412
-542
-610
-556
-431
-361
-368
-421
-460
-460
-503
-643
-845
-1010
-1069
-1096
-1175
-1258
-1284
-1234
-1149
-1102
-1100
-1108
-1090
-1034
-1011
-1060
-1112
-1087
-981
-874
-817
-757
-633
-437
-228
-90
-42
-19
41
142
236
284
320
388
498
634
800
1005
1240
1465
1617
1671
1641
1593
1563
1486
1300
987
605
264
4
-212
-404
-595
-781
-919
-1012
-1059
-1048
-992
-917
-868
-853
-845
-779
-601
-387
-217
-115
-34
105
328
581
776
880
929
972
1033
1053
1006
919
798
658
502
340
182
55
-5
-21
-39
-65
-75
-50
-1
35
18
-39
-84
-110
-128
-167
-223
-211
-124
14
188
353
500
646
776
892
955
898
784
628
441
238
9
-137
-124
-26
97
196
292
483
720
910
1008
979
884
744
546
323
62
-204
-389
-481
-536
-589
-632
-598
-504
-444
-437
-484
-561
-623
-709
-849
-988
-1114
-1194
-1233
-1277
-1288
-1261
-1203
-1110
-1057
-1034
-1030
-1046
-1029
-1018
-1048
-1074
-1069
-998
-898
-837
-745
-563
-310
-62
94
170
240
299
367
443
495
543
595
692
851
1029
1221
1444
1681
1841
1883
1863
1818
1741
1600
1327
956
571
204
-79
-317
-562
-747
-883
-980
-1024
-1060
-1059
-1008
-961
-909
-868
-847
-786
-674
-512
-367
-266
-139
10
164
332
471
599
704
751
786
783
742
691
589
450
308
154
41
-31
-96
-96
-85
-126
-140
-166
-195
-203
-237
-239
-219
-215
-171
-114
-48
76
236
439
618
727
827
889
920
933
896
811
682
514
355
191
26
-18
53
169
297
390
543
769
938
1086
1159
1109
1034
888
719
541
272
64
-91
-261
-379
-498
-565
-531
-515
-525
-558
-623
-644
-634
-655
-704
-802
-901
-974
-1057
-1148
-1241
-1309
-1327
-1366
-1380
-1365
-1380
-1358
-1313
-1249
-1173
-1131
-1062
-961
-877
-787
-687
-549
-396
-294
-216
-133
-61
34
168
316
440
523
625
776
964
1150
1314
1456
1541
1571
1559
1540
1492
1376
1210
956
620
257
-52
-248
-416
-649
-874
-1047
-1153
-1177
-1139
-1028
-919
-839
-756
-675
-584
-463
-320
-166
-50
-19
45
168
325
457
519
570
592
608
661
714
719
675
602
538
474
392
335
316
278
224
145
59
-11
-92
-133
-142
-137
-113
-49
57
171
279
390
518
661
789
881
905
882
857
838
850
841
776
666
513
362
265
276
400
544
626
672
709
794
900
969
995
902
741
578
375
173
-23
-202
-316
-454
-594
-708
-803
-795
-768
-785
-819
-920
-968
-953
-957
-936
-960
-1020
-1085
-1169
-1227
-1248
-1267
-1248
-1260
-1324
-1377
-1443
-1455
-1427
-1393
-1340
-1288
-1237
-1162
-1096
-1024
-909
-732
-520
-364
-277
-211
-106
9
121
236
335
436
524
621
747
898
1087
1286
1415
1473
1470
1447
1452
1420
1322
1146
880
602
325
71
-124
-296
-452
-592
-739
-827
-823
-787
-739
-692
-643
-590
-529
-406
-249
-123
-3
97
174
249
334
453
591
697
726
701
689
742
803
811
751
653
566
501
455
407
331
251
201
157
77
-43
-131
-132
-114
-139
-159
-120
-39
64
177
283
392
511
668
810
857
848
842
837
795
706
604
516
421
309
218
221
319
448
550
583
610
719
861
960
962
870
744
596
423
215
-31
-219
-314
-419
-583
-770
-869
-828
-759
-740
-793
-904
-945
-898
-857
-859
-933
-1022
-1067
-1152
-1277
-1386
-1444
-1429
-1448
-1549
-1659
-1730
-1708
-1620
-1566
-1563
-1590
-1569
-1452
-1331
-1216
-1062
-880
-679
-524
-425
-298
-122
84
272
406
516
610
743
955
1162
1339
1517
1663
1774
1824
1830
1828
1767
1661
1506
1237
923
638
391
164
-67
-278
-459
-614
-731
-777
-745
-701
-678
-629
-561
-514
-438
-308
-162
-44
23
82
180
297
417
539
641
684
688
685
718
778
782
745
695
607
502
410
330
278
233
187
128
34
-71
-131
-117
-86
-84
-86
-55
14
111
218
332
417
508
616
679
704
704
684
687
678
636
587
502
438
384
296
250
280
393
535
607
626
653
712
801
851
802
664
488
317
113
-122
-340
-494
-579
-646
-752
-884
-981
-963
-885
-838
-842
-906
-958
-971
-982
-1004
-1048
-1087
-1112
-1182
-1296
-1399
-1477
-1521
-1568
-1650
-1742
-1827
-1846
-1792
-1741
-1701
-1657
-1566
-1394
-1199
-1038
-879
-684
-462
-250
-105
1
136
296
439
546
635
743
910
1116
1342
1541
1672
1801
1953
2069
2117
2083
2007
1894
1686
1383
1035
724
497
298
89
-153
-407
-607
-715
-750
-739
-719
-696
-661
-627
-580
-481
-334
-160
-2
82
131
242
427
618
741
764
729
711
724
754
763
706
603
480
373
292
238
178
114
45
-64
-180
-297
-373
-416
-488
-570
-639
-646
-546
-408
-274
-148
-35
148
372
567
733
841
909
952
923
848
780
696
636
543
377
213
87
95
227
353
425
443
488
634
779
837
798
676
571
448
243
-1
-259
-437
-506
-600
-742
-889
-978
-918
-829
-810
-832
-891
-886
-845
-877
-969
-1074
-1141
-1157
-1204
-1314
-1434
-1529
-1549
-1530
-1530
-1536
-1536
-1502
-1438
-1400
-1359
-1266
-1133
-961
-838
-762
-643
-465
-246
-67
50
144
254
390
525
648
775
911
1053
1222
1394
1585
1797
1982
2121
2167
2141
2112
2070
1964
1733
1395
1035
716
455
206
-60
-322
-560
-738
-854
-886
-837
-738
-622
-550
-526
-486
-385
-214
-51
25
43
60
120
235
353
447
506
511
514
519
523
520
483
439
374
283
200
121
83
67
18
-51
-159
-297
-403
-479
-528
-539
-528
-495
-443
-368
-256
-106
67
253
406
523
603
648
671
674
673
650
563
456
357
255
161
84
26
17
110
271
421
564
692
805
916
959
928
833
672
518
334
69
-218
-459
-573
-581
-630
-706
-761
-766
-691
-630
-578
-532
-563
-614
-666
-775
-874
-961
-1042
-1127
-1307
-1515
-1654
-1713
-1684
-1661
-1684
-1716
-1748
-1720
-1641
-1536
-1381
-1202
-1031
-877
-756
-595
-387
-186
-2
136
219
304
419
586
757
885
999
1143
1341
1548
1721
1905
2067
2159
2192
2147
2054
1936
1769
1554
1254
875
524
243
34
-168
-416
-620
-751
-801
-769
-728
-693
-635
-575
-485
-399
-351
-270
-174
-83
-10
4
47
146
246
333
380
396
412
424
444
432
374
324
281
241
184
90
1
-74
-151
-246
-396
-564
-699
-776
-800
-809
-775
-692
-571
-403
-237
-58
160
367
561
708
768
802
810
824
850
800
704
606
480
364
227
79
5
-53
-57
20
89
207
351
487
669
788
818
835
814
788
721
542
327
128
-27
-106
-201
-338
-445
-499
-465
-407
-411
-431
-468
-522
-594
-734
-918
-1084
-1210
-1317
-1461
-1674
-1843
-1890
-1855
-1781
-1755
-1757
-1704
-1609
-1485
-1360
-1256
-1114
-939
-760
-584
-437
-284
-77
132
295
388
451
558
690
825
952
1047
1163
1314
1481
1678
1848
1972
2071
2114
2118
2076
1974
1844
1639
1354
1026
699
425
173
-91
-356
-565
-680
-705
-685
-643
-589
-515
-402
-336
-299
-264
-255
-218
-194
-193
-161
-104
-9
100
203
291
360
425
471
475
429
369
286
201
120
-7
-133
-248
-354
-435
-530
-644
-772
-888
-932
-940
-942
-906
-829
-699
-533
-375
-191
32
241
434
585
710
806
856
912
921
890
814
690
573
439
308
190
82
-9
-83
-55
96
281
465
623
791
979
1089
1118
1087
989
837
619
354
81
-210
-417
-522
-588
-619
-659
-646
-546
-454
-388
-384
-452
-544
-695
-873
-1067
-1282
-1452
-1588
-1715
-1818
-1884
-1879
-1787
-1679
-1581
-1520
-1495
-1423
-1322
-1227
-1151
-1085
-974
-837
-703
-538
-350
-118
141
341
482
610
755
940
1142
1303
1438
1570
1684
1821
1970
2113
2237
2297
2310
2259
2115
1928
1709
1448
1150
777
403
99
-166
-401
-586
-714
-752
-758
-749
-680
-588
-479
-404
-368
-341
-336
-330
-281
-185
-90
-16
39
96
174
245
293
354
370
310
206
70
-27
-99
-184
-285
-413
-554
-640
-696
-769
-863
-1008
-1112
-1162
-1183
-1149
-1072
-937
-750
-540
-319
-64
218
484
709
848
908
952
977
969
944
877
791
705
606
519
449
389
363
350
279
195
168
251
448
627
751
863
964
1071
1142
1134
1087
967
795
599
315
23
-184
-303
-339
-389
-482
-517
-478
-395
-335
-385
-506
-664
-822
-991
-1196
-1394
-1571
-1717
-1835
-1940
-2007
-1981
-1896
-1776
-1663
-1629
-1606
-1550
-1438
-1272
-1139
-1031
-896
-748
-570
-373
-158
112
389
618
802
955
1120
1335
1516
1641
1705
1720
1786
1866
1929
2003
2050
2076
2067
1977
1842
1681
1487
1245
920
549
191
-120
-354
-528
-675
-785
-842
-835
-783
-714
-623
-543
-495
-456
-453
-465
-458
-423
-342
-264
-216
-157
-77
46
151
182
194
168
128
90
20
-31
-92
-180
-254
-356
-476
-585
-709
-839
-999
-1172
-1293
-1326
-1256
-1123
-966
-754
-478
-163
155
460
728
951
1123
1193
1194
1142
1033
937
844
713
586
468
396
369
324
283
229
168
127
84
59
118
239
408
596
761
944
1137
1291
1376
1378
1308
1214
1065
872
651
399
200
68
-41
-152
-263
-326
-336
-370
-464
-635
-833
-1017
-1198
-1409
-1656
-1863
-1994
-2093
-2179
-2257
-2283
-2226
-2133
-2040
-1979
-1904
-1771
-1596
-1406
-1233
-1082
-869
-609
-357
-122
96
360
644
896
1112
1277
1411
1556
1664
1724
1727
1689
1714
1765
1793
1833
1877
1944
2008
2014
1967
1840
1638
1379
1034
636
208
-209
-545
-821
-1031
-1163
-1225
-1193
-1094
-974
-841
-713
-592
-500
-459
-431
-401
-370
-340
-316
-298
-263
-204
-147
-102
-69
-51
-42
-47
-87
-141
-206
-279
-350
-447
-560
-685
-812
-924
-1023
-1103
-1129
-1093
-986
-828
-630
-405
-149
137
409
654
830
934
1031
1068
1048
1010
905
817
762
673
622
540
466
496
512
543
553
507
532
535
503
523
500
565
750
900
1067
1192
1281
1447
1571
1622
1598
1429
1253
1059
794
517
181
-79
-191
-307
-404
-500
-592
-577
-575
-654
-800
-1042
-1266
-1488
-1758
-2015
-2290
-2497
-2603
-2679
-2695
-2691
-2653
-2510
-2343
-2193
-2058
-1930
-1728
-1504
-1290
-1064
-848
-578
-267
46
368
651
901
1163
1363
1472
1518
1512
1505
1502
1464
1427
1433
1495
1621
1739
1823
1892
1938
1947
1886
1711
1435
1081
674
254
-167
-553
-842
-1010
-1074
-1058
-1006
-890
-695
-489
-287
-135
-48
3
10
-15
-60
-109
-146
-170
-149
-93
-45
16
101
184
257
268
219
147
22
-138
-337
-584
-804
-1015
-1209
-1332
-1409
-1397
-1285
-1130
-896
-616
-333
-22
264
524
747
904
1017
1085
1094
1080
1039
969
893
795
705
638
577
539
513
468
445
432
413
384
339
307
283
263
255
273
368
557
780
994
1194
1379
1561
1707
1755
1686
1540
1344
1096
797
466
147
-131
-334
-488
-662
-830
-951
-1019
-1086
-1204
-1378
-1579
-1759
-1943
-2156
-2366
-2569
-2719
-2773
-2786
-2773
-2691
-2541
-2321
-2058
-1825
-1599
-1367
-1128
-884
-679
-460
-208
57
333
566
777
1006
1218
1410
1548
1584
1582
1541
1491
1479
1455
1453
1500
1562
1634
1712
1802
1910
1967
1908
1728
1437
1099
753
380
-3
-383
-711
-933
-1062
-1097
-1044
-924
-740
-540
-385
-262
-169
-109
-71
-110
-210
-305
-366
-365
-338
-300
-235
-159
-50
58
104
105
45
-102
-302
-551
-826
-1076
-1307
-1497
-1632
-1697
-1626
-1449
-1192
-880
-578
-244
109
433
734
938
1047
1109
1114
1107
1095
1057
1038
1016
1001
998
991
980
955
921
844
751
662
565
506
426
318
273
251
279
355
424
548
730
940
1188
1382
1550
1725
1833
1900
1851
1659
1458
1222
947
649
256
-124
-413
-654
-847
-1068
-1308
-1486
-1614
-1709
-1828
-1978
-2124
-2269
-2388
-2523
-2666
-2768
-2805
-2761
-2688
-2628
-2540
-2391
-2159
-1906
-1706
-1512
-1285
-1039
-747
-489
-268
3
270
551
803
972
1106
1224
1303
1334
1286
1190
1131
1117
1131
1158
1202
1303
1477
1674
1848
1938
1947
1909
1763
1491
1155
765
378
31
-307
-588
-801
-933
-930
-840
-703
-521
-327
-119
41
113
144
162
155
98
-16
-145
-243
-278
-230
-155
-77
-9
28
51
18
-85
-214
-398
-642
-937
-1288
-1575
-1729
-1751
-1646
-1479
-1266
-962
-578
-141
285
648
953
1169
1294
1348
1336
1316
1308
1305
1291
1218
1136
1105
1109
1085
994
866
746
606
460
325
206
139
79
22
11
35
153
342
486
584
683
883
1199
1467
1656
1781
1849
1911
1898
1794
1612
1328
1040
720
304
-169
-650
-990
-1212
-1470
-1751
-2031
-2233
-2292
-2319
-2357
-2428
-2554
-2603
-2614
-2669
-2744
-2826
-2786
-2676
-2611
-2527
-2414
-2218
-1932
-1639
-1333
-1055
-791
-464
-160
90
306
514
762
949
1020
1056
1089
1140
1179
1156
1123
1089
1102
1184
1267
1328
1405
1563
1771
1901
1916
1885
1873
1800
1608
1337
1001
670
381
126
-85
-309
-498
-524
-446
-332
-224
-155
-38
59
73
77
30
-7
-46
-172
-290
-397
-436
-316
-195
-118
-74
-82
-50
-62
-169
-316
-543
-803
-1074
-1370
-1589
-1711
-1712
-1554
-1337
-1087
-779
-402
50
456
750
973
1133
1228
1236
1176
1093
1016
948
881
829
787
765
779
799
780
702
584
502
440
345
253
161
103
99
118
211
348
508
682
805
931
1096
1309
1558
1733
1796
1834
1866
1851
1762
1588
1355
1078
724
298
-191
-680
-1093
-1410
-1670
-1933
-2193
-2387
-2445
-2439
-2456
-2506
-2571
-2616
-2652
-2728
-2817
-2884
-2874
-2797
-2697
-2558
-2382
-2124
-1773
-1417
-1086
-775
-483
-173
106
311
460
585
709
803
841
839
835
859
922
967
974
979
1029
1132
1238
1334
1458
1602
1752
1855
1880
1870
1824
1749
1634
1441
1176
899
646
448
284
110
-30
-79
-85
-88
-77
-45
-4
15
-2
-70
-152
-210
-228
-238
-286
-339
-345
-269
-157
-73
-23
-19
-61
-158
-317
-540
-822
-1088
-1307
-1518
-1692
-1791
-1785
-1625
-1366
-1076
-745
-411
-69
274
549
751
856
895
913
890
861
832
821
855
873
873
889
905
913
888
790
669
544
412
313
224
166
200
270
372
502
610
766
941
1066
1164
1220
1310
1486
1669
1811
1861
1848
1858
1828
1710
1483
1116
706
274
-219
-734
-1253
-1676
-1943
-2159
-2324
-2473
-2577
-2550
-2496
-2481
-2509
-2603
-2667
-2690
-2735
-2779
-2806
-2752
-2593
-2392
-2163
-1904
-1603
-1218
-846
-526
-253
-31
206
402
531
585
604
652
725
774
781
805
883
984
1079
1142
1176
1238
1303
1368
1430
1457
1497
1539
1560
1574
1540
1504
1486
1417
1310
1129
919
753
578
427
276
131
54
-34
-97
-120
-144
-124
-146
-206
-232
-288
-302
-282
-299
-285
-287
-269
-205
-192
-199
-244
-330
-419
-567
-761
-965
-1168
-1303
-1398
-1480
-1504
-1476
-1341
-1124
-896
-640
-390
-123
136
335
494
596
667
720
719
717
702
659
658
675
713
749
745
756
744
686
613
523
431
344
243
177
154
164
254
370
494
658
805
1003
1203
1337
1474
1574
1710
1853
1918
1955
1931
1854
1744
1526
1217
846
400
-33
-497
-1037
-1506
-1888
-2139
-2282
-2464
-2598
-2660
-2664
-2583
-2552
-2553
-2572
-2605
-2594
-2571
-2551
-2485
-2347
-2122
-1828
-1557
-1284
-957
-597
-233
50
228
361
471
548
593
609
612
647
724
826
911
983
1099
1244
1367
1422
1421
1429
1450
1462
1458
1420
1416
1450
1506
1566
1566
1535
1514
1463
1369
1206
977
769
555
344
142
-67
-213
-300
-360
-421
-498
-564
-586
-606
-640
-673
-700
-691
-672
-668
-690
-742
-776
-787
-826
-887
-978
-1094
-1174
-1252
-1306
-1310
-1279
-1193
-1087
-974
-848
-712
-539
-322
-133
12
123
193
271
351
441
540
628
700
746
777
813
855
898
915
883
820
735
648
556
455
366
324
304
313
368
444
565
724
887
1036
1180
1296
1415
1521
1576
1606
1607
1627
1693
1746
1743
1684
1552
1386
1163
840
457
20
-427
-868
-1343
-1805
-2223
-2537
-2664
-2723
-2751
-2777
-2840
-2806
-2726
-2651
-2567
-2530
-2501
-2447
-2424
-2341
-2176
-1941
-1611
-1304
-1032
-787
-559
-294
-45
148
258
256
236
258
304
388
499
640
782
909
1021
1141
1282
1406
1470
1466
1417
1337
1276
1277
1328
1382
1464
1558
1631
1703
1766
1837
1868
1768
1575
1311
1032
780
528
307
107
-92
-262
-394
-483
-520
-521
-502
-500
-570
-647
-695
-725
-740
-798
-884
-977
-1056
-1083
-1086
-1071
-1048
-1012
-934
-848
-771
-683
-585
-497
-438
-413
-416
-428
-407
-364
-318
-270
-239
-167
-46
97
235
382
544
660
752
813
833
841
814
767
708
624
545
484
469
449
437
459
496
601
701
800
941
1091
1240
1347
1415
1475
1516
1562
1596
1588
1557
1493
1465
1485
1457
1371
1228
1014
765
446
63
-334
-757
-1166
-1564
-1943
-2282
-2553
-2684
-2709
-2708
-2704
-2700
-2644
-2538
-2456
-2383
-2311
-2252
-2148
-2023
-1882
-1696
-1486
-1218
-942
-722
-535
-353
-181
-28
67
105
155
231
327
443
553
669
818
973
1118
1221
1261
1290
1316
1309
1273
1195
1124
1119
1154
1198
1253
1357
1505
1646
1713
1732
1714
1656
1560
1391
1154
853
553
289
55
-154
-345
-464
-518
-571
-618
-649
-685
-702
-751
-855
-951
-1071
-1161
-1212
-1270
-1318
-1314
-1264
-1176
-1052
-935
-790
-666
-552
-453
-419
-395
-371
-350
-365
-405
-440
-455
-442
-398
-318
-224
-105
29
174
323
450
555
643
697
727
718
700
704
674
603
536
518
544
603
654
691
719
757
842
965
1093
1216
1337
1450
1562
1658
1765
1873
1928
1930
1885
1784
1633
1470
1298
1132
923
682
425
119
-181
-486
-796
-1089
-1400
-1708
-1976
-2210
-2407
-2577
-2688
-2704
-2696
-2661
-2618
-2574
-2467
-2339
-2193
-2021
-1864
-1707
-1552
-1402
-1237
-1077
-900
-714
-564
-453
-385
-323
-227
-109
26
137
219
325
439
568
708
818
906
958
972
974
970
981
1027
1071
1114
1175
1249
1355
1495
1632
1754
1849
1917
1950
1942
1874
1747
1573
1356
1124
881
622
361
118
-89
-249
-407
-530
-617
-718
-830
-948
-1056
-1147
-1224
-1290
-1333
-1364
-1359
-1294
-1176
-1020
-873
-732
-605
-479
-355
-275
-227
-217
-247
-299
-364
-443
-518
-563
-600
-615
-613
-578
-513
-400
-242
-89
56
201
323
433
546
619
666
707
730
721
679
650
648
672
709
735
766
819
891
1001
1125
1225
1321
1422
1519
1592
1636
1673
1688
1676
1641
1541
1413
1286
1127
947
731
486
286
92
-134
-369
-612
-839
-1063
-1296
-1517
-1749
-1949
-2098
-2216
-2303
-2387
-2432
-2388
-2292
-2187
-2077
-1953
-1781
-1605
-1468
-1328
-1195
-1046
-894
-799
-736
-671
-582
-456
-344
-266
-204
-133
-16
106
189
255
325
423
508
543
575
623
692
781
848
906
958
1041
1190
1329
1424
1511
1597
1683
1750
1751
1729
1718
1687
1601
1469
1298
1137
985
787
580
347
115
-69
-250
-422
-594
-779
-929
-1059
-1191
-1307
-1393
-1421
-1389
-1355
-1293
-1201
-1088
-951
-803
-652
-512
-390
-286
-200
-184
-203
-227
-266
-336
-446
-563
-668
-733
-773
-769
-743
-691
-579
-454
-310
-152
-1
178
334
444
523
562
611
670
701
736
737
730
757
777
836
904
981
1096
1196
1293
1394
1470
1568
1661
1716
1751
1738
1740
1713
1626
1548
1436
1320
1217
1068
884
661
429
219
-3
-211
-419
-663
-888
-1113
-1340
-1543
-1737
-1883
-2021
-2128
-2200
-2270
-2293
-2276
-2215
-2098
-1971
-1833
-1679
-1523
-1348
-1180
-1026
-865
-731
-600
-484
-423
-363
-308
-251
-190
-169
-154
-132
-120
-89
-58
-34
4
46
123
214
313
423
533
658
804
940
1064
1186
1309
1431
1510
1590
1648
1671
1686
1666
1627
1561
1476
1370
1247
1091
907
722
510
299
71
-157
-393
-621
-826
-1003
-1146
-1270
-1337
-1385
-1398
-1367
-1296
-1181
-1035
-901
-761
-619
-493
-364
-280
-203
-161
-157
-177
-237
-313
-416
-531
-657
-752
-842
-903
-928
-914
-843
-773
-673
-561
-413
-234
-52
139
308
449
583
689
770
851
916
975
1009
1028
1057
1101
1143
1201
1289
1381
1466
1534
1618
1699
1750
1803
1818
1795
1734
1647
1580
1500
1399
1303
1184
1047
890
703
497
275
42
-208
-456
-671
-874
-1070
-1255
-1411
-1542
-1662
-1780
-1885
-1953
-1997
-2008
-2006
-2004
-1986
-1946
-1854
-1735
-1599
-1461
-1333
-1215
-1107
-987
-887
-805
-725
-649
-583
-526
-467
-402
-331
-274
-236
-221
-206
-186
-147
-82
-6
98
196
291
396
519
671
825
969
1096
1210
1310
1414
1519
1603
1662
1691
1679
1652
1609
1547
1478
1369
1242
1102
920
720
524
332
145
-66
-287
-496
-708
-867
-987
-1054
-1077
-1085
-1046
-974
-858
-701
-533
-390
-272
-203
-149
-135
-154
-169
-211
-276
-360
-462
-583
-690
-795
-893
-966
-1045
-1101
-1132
-1148
-1119
-1074
-989
-864
-722
-529
-302
-64
189
414
594
747
863
949
1009
1051
1085
1091
1110
1123
1155
1199
1261
1353
1461
1576
1644
1722
1759
1762
1741
1686
1616
1515
1436
1346
1255
1154
1043
923
780
615
418
220
-8
-243
-470
-674
-832
-996
-1119
-1234
-1342
-1401
-1492
-1535
-1558
-1611
-1649
-1684
-1753
-1793
-1812
-1804
-1734
-1684
-1592
-1506
-1439
-1308
-1195
-1076
-945
-848
-752
-650
-566
-476
-410
-364
-314
-310
-299
-280
-253
-185
-100
13
138
266
415
568
737
921
1074
1222
1338
1424
1505
1544
1564
1569
1540
1494
1425
1338
1269
1173
1056
948
795
642
489
317
154
-10
-192
-369
-520
-662
-765
-844
-885
-873
-823
-724
-596
-458
-305
-175
-85
-30
-19
-45
-91
-166
-251
-353
-462
-546
-613
-649
-678
-693
-704
-723
-755
-805
-869
-928
-969
-1011
-1038
-1030
-976
-844
-658
-428
-166
104
377
629
852
1031
1163
1251
1306
1325
1332
1337
1342
1365
1403
1442
1485
1542
1597
1645
1670
1676
1666
1627
1569
1480
1386
1292
1198
1108
1000
874
754
636
487
309
87
-152
-402
-636
-804
-943
-1056
-1155
-1222
-1255
-1292
-1326
-1351
-1367
-1413
-1485
-1587
-1703
-1799
-1868
-1887
-1879
-1852
-1814
-1748
-1631
-1479
-1319
-1167
-1027
-901
-787
-704
-651
-616
-577
-535
-495
-450
-412
-355
-262
-141
-4
132
277
446
602
755
903
1032
1150
1239
1333
1392
1422
1445
1450
1457
1438
1417
1376
1333
1276
1210
1126
1008
876
713
552
354
167
-29
-218
-355
-469
-513
-544
-522
-475
-403
-282
-165
-29
65
118
135
116
62
-42
-151
-263
-366
-498
-629
-733
-800
-825
-840
-825
-828
-846
-874
-917
-972
-1041
-1104
-1158
-1178
-1170
-1114
-1016
-878
-671
-433
-183
78
349
605
836
1000
1118
1207
1264
1299
1283
1280
1283
1288
1306
1312
1334
1380
1427
1462
1485
1479
1446
1370
1271
1178
1094
1031
965
877
789
696
605
506
394
265
103
-94
-321
-542
-710
-800
-863
-898
-909
-889
-841
-820
-810
-823
-873
-989
-1147
-1323
-1501
-1664
-1773
-1761
-1705
-1632
-1561
-1460
-1302
-1153
-994
-868
-762
-711
-703
-706
-728
-714
-674
-586
-492
-407
-304
-175
-13
160
326
465
583
652
737
811
874
950
986
1045
1101
1153
1202
1239
1283
1307
1294
1238
1169
1084
989
869
733
597
432
284
145
23
-80
-166
-210
-244
-249
-220
-157
-88
-11
59
126
160
165
193
175
113
0
-146
-300
-463
-594
-703
-797
-901
-975
-1015
-1022
-1011
-994
-961
-977
-1021
-1091
-1158
-1227
-1265
-1260
-1219
-1111
-980
-788
-553
-280
37
329
605
841
1021
1160
1257
1329
1390
1410
1404
1388
1364
1363
1356
1377
1393
1385
1361
1339
1316
1263
1213
1136
1068
990
917
871
829
810
768
711
637
531
408
279
129
-49
-257
-463
-621
-726
-742
-731
-723
-694
-685
-698
-722
-757
-820
-938
-1089
-1253
-1447
-1619
-1712
-1728
-1684
-1621
-1548
-1481
-1386
-1260
-1132
-1026
-972
-932
-920
-912
-878
-828
-729
-594
-454
-309
-190
-88
22
124
238
303
342
386
410
476
554
661
803
939
1078
1190
1273
1338
1378
1372
1313
1189
1027
872
706
558
435
335
256
196
159
160
188
253
323
374
414
440
477
486
479
454
396
330
258
200
125
21
-101
-245
-401
-559
-699
-814
-924
-1028
-1134
-1231
-1311
-1349
-1353
-1351
-1333
-1313
-1279
-1237
-1182
-1102
-1020
-899
-773
-635
-456
-278
-100
105
303
482
660
813
961
1073
1167
1239
1263
1294
1290
1283
1286
1254
1221
1192
1133
1075
1041
999
957
914
887
849
810
817
814
813
823
811
790
734
636
534
411
273
137
4
-129
-260
-342
-383
-414
-411
-399
-418
-445
-499
-584
-679
-798
-931
-1067
-1207
-1347
-1457
-1519
-1532
-1503
-1449
-1403
-1370
-1313
-1254
-1194
-1102
-1022
-963
-881
-805
-722
-594
-446
-297
-148
-18
80
173
281
395
492
581
632
662
735
806
903
1021
1095
1157
1193
1184
1158
1100
1036
931
794
664
498
370
287
233
229
238
245
280
335
385
449
498
511
491
452
383
311
243
176
103
4
-97
-228
-340
-443
-564
-687
-831
-989
-1130
-1260
-1377
-1463
-1523
-1554
-1579
-1570
-1529
-1469
-1367
-1260
-1159
-1040
-927
-812
-661
-517
-373
-216
-66
99
277
472
665
844
1010
1141
1231
1299
1322
1324
1327
1285
1234
1172
1099
1043
1003
982
955
924
877
828
785
765
740
710
693
659
634
620
605
595
584
567
540
492
430
351
255
165
45
-63
-158
-264
-340
-404
-472
-550
-625
-716
-822
-934
-1059
-1163
-1262
-1357
-1445
-1519
-1566
-1591
-1586
-1557
-1520
-1468
-1406
-1333
-1234
-1135
-1038
-928
-819
-716
-600
-479
-344
-208
-78
51
171
267
355
435
510
608
691
772
846
893
936
985
1021
1034
1034
988
922
856
787
720
638
544
472
435
412
404
425
489
559
630
712
771
816
856
876
871
840
769
713
645
547
445
319
186
42
-111
-267
-442
-636
-811
-991
-1177
-1332
-1475
-1585
-1671
-1720
-1720
-1680
-1628
-1541
-1431
-1308
-1165
-1031
-876
-736
-590
-442
-291
-130
30
210
377
561
721
876
1013
1122
1221
1277
1306
1287
1252
1197
1141
1081
1008
946
872
827
790
762
739
715
702
671
634
593
563
537
514
501
491
498
502
523
525
514
496
446
386
293
172
51
-77
-223
-352
-496
-613
-706
-794
-868
-954
-1028
-1098
-1169
-1248
-1307
-1375
-1452
-1504
-1538
-1532
-1518
-1484
-1409
-1320
-1214
-1086
-958
-832
-702
-571
-421
-292
-176
-51
40
151
249
326
418
475
535
592
624
659
670
678
712
715
708
684
629
589
537
491
461
417
380
356
342
362
392
444
528
603
664
742
802
864
921
935
959
952
913
879
797
715
626
503
375
216
39
-123
-304
-484
-667
-882
-1068
-1258
-1431
-1574
-1708
-1789
-1851
-1885
-1887
-1858
-1783
-1667
-1536
-1386
-1211
-1042
-863
-671
-487
-287
-101
67
238
387
540
680
813
957
1076
1160
1227
1269
1291
1292
1270
1215
1136
1047
957
879
799
726
677
635
616
603
589
588
599
606
607
611
607
615
625
641
662
659
665
660
638
611
561
506
434
348
229
87
-51
-198
-352
-516
-682
-830
-943
-1048
-1143
-1234
-1320
-1374
-1412
-1444
-1455
-1452
-1439
-1388
-1332
-1261
-1181
-1098
-973
-830
-683
-534
-396
-269
-142
-41
70
184
271
339
374
411
430
439
433
414
368
327
291
252
241
208
185
164
135
120
104
112
151
207
270
330
403
485
563
662
768
857
930
984
1027
1048
1049
1058
1055
1039
996
913
814
705
591
458
301
145
-53
-245
-431
-634
-810
-990
-1157
-1307
-1450
-1566
-1658
-1717
-1716
-1710
-1690
-1637
-1577
-1474
-1346
-1182
-1000
-828
-663
-513
-364
-216
-69
94
240
372
502
613
714
800
871
928
964
987
980
946
927
890
825
751
666
597
532
484
475
472
468
448
443
452
466
514
576
648
719
766
817
861
902
946
970
988
965
919
867
771
665
554
418
261
77
-113
-295
-471
-642
-799
-946
-1079
-1220
-1331
-1400
-1458
-1446
-1402
-1366
-1322
-1285
-1225
-1164
-1095
-1002
-926
-851
-774
-697
-592
-473
-349
-213
-82
22
126
214
300
385
425
443
411
352
305
239
178
128
82
29
-25
-82
-122
-141
-143
-88
-31
28
115
205
331
450
562
685
765
823
860
896
938
954
967
957
907
840
796
753
716
671
595
507
367
214
52
-126
-301
-486
-667
-843
-1011
-1149
-1246
-1325
-1388
-1442
-1474
-1492
-1476
-1431
-1352
-1266
-1172
-1056
-950
-810
-669
-491
-304
-140
27
165
287
387
488
576
648
702
756
785
794
816
829
828
808
790
752
710
675
648
614
594
568
548
535
511
509
526
549
587
662
725
795
863
915
971
1008
1027
1026
1019
986
944
883
808
712
598
458
294
123
-71
-248
-425
-607
-772
-931
-1091
-1206
-1304
-1375
-1399
-1417
-1404
-1361
-1319
-1280
-1209
-1140
-1077
-993
-924
-860
-769
-671
-571
-459
-360
-268
-176
-91
-18
51
101
109
123
119
98
80
40
-10
-61
-123
-175
-225
-272
-288
-286
-268
-221
-151
-52
65
202
345
491
639
751
833
896
920
927
924
878
838
785
735
703
670
637
599
546
483
399
314
220
85
-44
-202
-364
-499
-632
-730
-802
-879
-942
-996
-1036
-1045
-1040
-1019
-988
-965
-955
-947
-930
-881
-788
-653
-503
-348
-199
-66
63
182
284
367
415
429
439
456
483
541
591
627
660
682
702
729
749
749
731
679
617
547
484
428
392
376
355
355
376
417
497
598
693
790
853
903
956
986
1016
1027
1011
958
873
770
667
556
446
315
157
-18
-220
-410
-601
-770
-902
-1029
-1126
-1208
-1268
-1289
-1281
-1256
-1200
-1142
-1081
-1004
-945
-873
-807
-747
-686
-642
-604
-558
-507
-432
-367
-296
-229
-183
-127
-82
-42
-22
-28
-59
-115
-177
-226
-275
-303
-336
-350
-341
-322
-269
-174
-71
56
182
285
396
478
562
643
703
758
797
821
841
854
872
878
877
863
812
756
671
571
464
340
221
119
25
-67
-155
-241
-322
-400
-457
-508
-549
-590
-631
-665
-701
-732
-753
-764
-766
-760
-747
-739
-708
-666
-594
-507
-423
-320
-225
-134
-48
30
91
150
199
241
273
297
334
372
414
446
483
536
592
651
698
722
738
731
711
670
615
565
502
451
422
414
428
458
498
551
607
658
714
763
804
842
867
891
893
882
856
805
733
638
528
396
238
62
-118
-305
-485
-651
-787
-892
-968
-1027
-1074
-1102
-1115
-1095
-1050
-994
-936
-892
-856
-826
-791
-762
-735
-706
-684
-654
-614
-562
-505
-444
-378
-316
-282
-262
-248
-247
-242
-253
-284
-333
-394
-418
-414
-389
-342
-286
-213
-132
-32
101
230
351
462
541
599
628
644
658
670
693
707
715
716
720
735
736
719
663
556
436
300
173
44
-79
-179
-265
-335
-392
-419
-418
-413
-414
-403
-406
-398
-383
-377
-372
-392
-411
-440
-467
-475
-466
-449
-438
-423
-386
-326
-262
-188
-111
-44
5
49
107
168
239
310
376
432
469
493
519
544
569
586
579
557
524
505
493
464
444
413
383
360
347
363
378
388
405
430
450
465
485
516
544
573
603
610
613
621
635
635
624
607
573
501
397
303
194
69
-60
-179
-302
-433
-554
-664
-743
-800
-851
-895
-913
-918
-909
-880
-845
-815
-795
-770
-751
-725
-701
-678
-655
-645
-633
-629
-623
-623
-614
-587
-556
-515
-467
-419
-361
-309
-281
-254
-242
-221
-196
-138
-56
2
70
136
219
302
365
432
496
560
609
665
709
728
744
753
759
743
725
700
666
626
577
503
406
300
175
56
-58
-157
-226
-279
-315
-338
-355
-357
-342
-322
-294
-266
-241
-225
-237
-253
-279
-319
-352
-387
-412
-418
-430
-431
-408
-387
-350
-299
-244
-170
-101
-31
49
112
167
212
253
298
336
391
458
517
575
622
642
631
597
543
479
416
368
330
301
280
277
285
289
298
300
301
307
307
315
317
304
301
294
296
301
319
348
353
360
365
354
330
293
245
195
144
84
19
-56
-142
-232
-319
-405
-501
-580
-637
-687
-716
-727
-708
-672
-632
-589
-566
-545
-525
-522
-520
-543
-588
-636
-694
-741
-782
-797
-788
-761
-709
-635
-547
-459
-369
-278
-196
-128
-90
-55
-19
9
46
77
99
127
153
205
266
327
404
482
561
621
668
710
740
738
716
667
591
512
438
373
303
243
198
158
122
86
62
45
16
-19
-47
-78
-108
-129
-129
-100
-89
-76
-43
-26
-19
-21
-43
-83
-127
-190
-259
-319
-366
-393
-408
-414
-419
-407
-373
-345
-290
-221
-179
-123
-56
-9
65
145
224
320
403
477
532
575
599
591
557
489
407
341
264
189
147
116
105
124
146
161
183
200
203
197
173
116
56
1
-56
-82
-88
-74
-41
15
71
143
224
287
336
362
363
344
312
264
189
111
33
-63
-163
-251
-346
-412
-436
-439
-422
-403
-368
-319
-272
-231
-197
-184
-197
-220
-275
-359
-446
-527
-603
-656
-695
-709
-678
-612
-527
-428
-325
-218
-100
8
102
177
228
251
263
272
265
260
262
272
296
330
367
418
469
523
563
582
592
580
553
520
479
425
364
297
229
160
97
38
0
-41
-83
-103
-125
-138
-142
-144
-129
-116
-106
-97
-86
-71
-59
-44
-49
-65
-82
-114
-148
-192
-249
-287
-337
-388
-431
-481
-497
-508
-503
-480
-462
-437
-398
-356
-300
-239
-169
-87
-12
86
179
269
348
415
471
514
543
540
522
479
422
366
289
222
161
101
61
25
-8
-33
-45
-63
-75
-81
-86
-109
-138
-164
-190
-204
-212
-194
-159
-108
-44
33
125
213
311
406
476
527
553
554
523
477
409
326
241
146
57
-18
-82
-140
-175
-192
-193
-189
-198
-214
-243
-282
-331
-384
-434
-495
-564
-631
-687
-726
-736
-707
-654
-595
-524
-450
-362
-252
-152
-47
59
133
191
233
258
296
339
368
396
407
411
415
432
460
487
503
506
496
474
457
439
419
383
331
281
224
166
106
60
23
-15
-59
-107
-132
-159
-161
-145
-137
-134
-128
-117
-106
-84
-73
-57
-55
-78
-98
-130
-159
-181
-210
-249
-293
-344
-380
-404
-423
-428
-438
-444
-440
-427
-385
-331
-263
-178
-94
-16
65
152
241
338
421
477
513
537
551
556
546
515
482
431
367
291
211
135
59
-11
-85
-164
-230
-287
-332
-372
-400
-419
-428
-422
-397
-361
-322
-262
-185
-104
-13
90
185
267
341
407
463
492
502
506
484
445
400
364
326
273
230
189
136
93
46
-5
-53
-112
-178
-226
-282
-345
-396
-437
-479
-517
-533
-532
-523
-508
-481
-450
-417
-364
-304
-242
-189
-136
-82
-30
13
53
106
141
169
192
214
237
248
266
294
312
316
320
320
312
303
290
280
265
238
199
163
126
93
79
50
19
-9
-41
-52
-49
-54
-50
-41
-47
-41
-35
-19
6
14
30
38
32
36
39
28
13
-6
-37
-70
-110
-147
-188
-234
-273
-304
-329
-358
-366
-375
-383
-371
-353
-321
-268
-203
-139
-78
-17
60
139
209
286
348
389
431
460
468
479
486
456
409
353
290
216
131
54
-28
-125
-206
-267
-328
-376
-415
-456
-481
-484
-468
-430
-379
-328
-267
-189
-97
-4
89
188
273
346
416
480
527
558
578
581
569
544
497
439
374
304
240
182
114
33
-55
-138
-215
-292
-364
-432
-493
-545
-575
-586
-583
-557
-516
-470
-428
-376
-320
-267
-205
-145
-98
-54
-3
55
121
183
234
263
274
278
269
262
266
261
248
238
215
182
155
134
114
87
62
40
11
-8
-16
-22
-26
-19
-10
1
6
1
16
27
31
40
44
45
41
47
59
64
66
67
60
51
41
28
15
7
-12
-36
-47
-60
-81
-93
-117
-150
-176
-198
-230
-255
-270
-286
-299
-301
-294
-275
-239
-189
-133
-76
-17
32
79
130
180
232
286
334
376
410
427
431
421
387
334
272
190
89
-15
-111
-201
-285
-350
-402
-440
-456
-463
-456
-437
-415
-376
-325
-271
-192
-91
10
115
220
315
397
472
529
561
581
588
572
546
513
478
439
385
326
262
189
130
74
2
-67
-132
-202
-282
-363
-426
-471
-489
-481
-467
-440
-402
-359
-309
-252
-203
-155
-115
-89
-70
-55
-40
-27
1
39
87
137
184
216
232
252
250
230
200
150
99
56
24
8
-7
-22
-29
-41
-44
-34
-26
-12
-11
-22
-24
-21
-17
-20
-30
-43
-49
-50
-54
-33
-7
-7
-11
-13
-12
-25
-27
-16
-12
-9
-8
-11
-12
-12
-11
-6
-10
-15
-39
-71
-88
-108
-123
-134
-140
-152
-161
-136
-114
-100
-80
-67
-54
-45
-28
6
43
82
124
172
217
253
290
305
300
286
257
225
188
136
80
27
-37
-97
-151
-199
-237
-258
-274
-279
-282
-299
-302
-295
-281
-254
-213
-162
-104
-38
35
112
187
251
308
362
400
431
465
490
517
530
519
506
479
447
416
374
318
246
172
87
-13
-103
-180
-252
-306
-356
-388
-402
-411
-412
-407
-394
-387
-374
-347
-315
-279
-226
-171
-121
-70
-25
14
43
83
126
166
194
194
185
167
126
82
49
11
-37
-78
-115
-153
-190
-223
-240
-246
-248
-236
-212
-186
-156
-121
-88
-60
-39
-19
1
13
24
41
64
73
59
59
53
28
7
-1
6
-2
-9
0
-4
-17
-25
-16
-2
0
6
30
45
44
46
46
31
-1
-21
-30
-40
-54
-52
-50
-56
-58
-54
-40
-18
9
46
89
125
161
194
224
241
239
229
221
201
167
144
118
74
21
-32
-74
-115
-147
-160
-169
-179
-181
-178
-165
-155
-149
-127
-100
-76
-38
14
65
112
153
200
251
295
341
391
426
458
487
500
513
510
485
459
425
386
339
286
233
169
99
34
-38
-107
-171
-227
-270
-318
-374
-427
-460
-477
-484
-463
-438
-424
-399
-354
-300
-251
-212
-172
-140
-117
-76
-13
37
60
85
107
106
105
94
70
32
-20
-65
-104
-153
-194
-212
-228
-251
-262
-255
-246
-217
-179
-143
-115
-112
-100
-80
-61
-39
-17
-4
8
28
54
83
108
123
133
139
144
145
133
123
112
100
87
69
55
42
39
52
68
73
74
76
76
69
61
61
56
55
60
67
75
74
81
87
87
90
93
90
78
68
59
54
45
35
28
8
-10
-19
-31
-55
-81
-109
-142
-167
-173
-187
-199
-204
-197
-185
-169
-146
-133
-126
-119
-100
-79
-66
-47
-22
9
43
91
138
173
213
256
281
297
310
317
306
290
285
274
260
254
240
212
183
161
142
106
62
9
-47
-91
-126
-153
-193
-235
-258
-271
-269
-261
-246
-233
-225
-214
-203
-189
-173
-154
-133
-112
-75
-40
3
52
88
111
132
153
156
153
144
116
89
64
33
-4
-31
-53
-79
-91
-101
-111
-117
-118
-121
-120
-120
-124
-121
-112
-104
-96
-74
-51
-33
-2
25
44
66
88
97
106
126
135
135
141
144
141
142
138
125
123
129
134
133
138
138
122
119
123
110
97
89
68
40
24
12
-13
-35
-57
-73
-85
-94
-97
-100
-107
-117
-116
-119
-120
-122
-128
-137
-135
-137
-141
-141
-143
-147
-139
-125
-123
-121
-108
-99
-102
-86
-68
-55
-44
-34
-23
-12
4
14
22
27
33
47
67
81
93
120
143
151
167
182
182
193
205
199
203
204
189
185
180
165
150
143
127
111
97
80
53
20
-7
-37
-63
-83
-102
-116
-130
-151
-157
-161
-174
-175
-169
-167
-157
-143
-138
-123
-103
-90
-69
-53
-39
-15
4
27
38
35
31
25
4
-3
-6
-27
-43
-48
-50
-57
-58
-61
-68
-62
-58
-54
-49
-49
-44
-39
-33
-29
-28
-15
-6
8
19
28
44
57
62
75
86
86
88
95
95
87
96
98
94
104
112
122
135
142
144
148
147
139
132
119
104
88
74
60
49
35
27
21
-2
-25
-48
-66
-96
-118
-141
-170
-189
-203
-209
-211
-202
-190
-172
-151
-139
-121
-100
-93
-82
-65
-54
-34
-14
3
18
31
34
35
36
24
15
5
-8
-21
-22
-24
-21
-11
-5
8
20
27
32
38
42
46
55
66
78
98
127
147
173
193
214
228
228
226
206
186
154
121
91
60
36
15
-3
-18
-34
-54
-76
-96
-115
-139
-157
-175
-183
-178
-173
-153
-127
-94
-49
-5
34
57
67
65
52
29
-1
-31
-59
-81
-99
-104
-105
-113
-119
-126
-128
-135
-133
-127
-122
-116
-111
-98
-94
-84
-76
-69
-55
-41
-21
-1
24
55
79
101
117
128
138
144
149
150
150
154
162
173
182
197
201
195
188
171
158
150
141
124
115
103
89
76
62
57
33
11
-10
-33
-45
-67
-87
-116
-154
-189
-218
-242
-257
-267
-264
-251
-234
-212
-186
-154
-123
-104
-91
-69
-42
-25
-10
1
-2
1
7
20
31
24
22
11
4
4
-4
-9
-9
-13
-7
6
23
47
71
88
85
89
103
118
133
151
161
168
189
202
208
216
220
220
216
205
194
174
147
120
84
51
18
-22
-49
-76
-110
-142
-171
-193
-212
-227
-239
-241
-236
-222
-202
-176
-139
-101
-61
-21
13
45
73
89
89
78
53
18
-28
-67
-108
-148
-176
-200
-213
-218
-220
-210
-197
-190
-175
-153
-133
-116
-100
-88
-78
-67
-50
-32
-13
10
40
74
106
144
189
233
265
290
310
319
321
320
313
309
304
298
292
293
299
293
281
268
242
216
190
157
123
93
60
30
3
-20
-45
-78
-111
-151
-196
-235
-267
-286
-299
-308
-301
-286
-271
-252
-229
-204
-183
-152
-117
-87
-54
-19
5
19
24
19
9
-3
-9
-13
-19
-17
-9
-1
-4
-9
-16
-23
-36
-46
-55
-58
-56
-52
-36
-22
-5
10
28
52
71
87
101
116
129
135
141
141
143
143
141
139
129
121
111
93
75
48
18
-15
-40
-63
-87
-111
-131
-142
-152
-154
-145
-132
-115
-93
-66
-44
-26
-13
-3
8
9
11
16
16
19
6
-8
-17
-37
-64
-94
-118
-139
-157
-171
-176
-175
-173
-164
-152
-136
-120
-107
-90
-63
-36
-16
5
29
47
62
74
81
96
107
117
134
153
166
172
177
180
186
187
186
189
189
196
209
214
219
221
219
219
211
189
166
146
120
94
64
24
-17
-56
-91
-122
-148
-164
-171
-182
-182
-175
-174
-170
-166
-160
-155
-150
-146
-139
-130
-131
-131
-127
-123
-124
-129
-133
-129
-122
-121
-116
-108
-101
-89
-81
-73
-63
-58
-53
-42
-34
-30
-21
-8
6
24
36
44
55
68
83
98
114
125
133
141
146
157
164
165
163
153
156
160
152
150
145
134
123
105
85
66
38
13
-8
-31
-47
-61
-67
-66
-65
-58
-48
-35
-23
-13
5
19
35
46
46
47
47
35
22
3
-26
-52
-78
-106
-130
-150
-172
-186
-198
-208
-211
-218
-219
-209
-197
-180
-162
-146
-125
-101
-81
-55
-25
-1
27
51
73
99
122
144
166
172
181
189
192
199
202
203
205
205
208
208
208
210
208
206
200
189
175
153
131
102
74
45
13
-16
-46
-70
-86
-103
-113
-115
-119
-121
-124
-123
-119
-121
-119
-119
-123
-124
-126
-128
-129
-135
-141
-142
-144
-142
-141
-139
-132
-123
-119
-114
-100
-92
-92
-81
-69
-68
-59
-45
-32
-27
-18
-3
-2
-3
11
23
31
43
54
67
70
80
96
106
118
122
137
156
165
179
197
206
212
212
205
198
190
173
149
121
99
73
41
11
-7
-17
-31
-43
-53
-59
-59
-59
-55
-50
-40
-26
-19
-15
-6
-1
-4
-13
-27
-39
-57
-74
-93
-114
-130
-151
-171
-190
-209
-226
-233
-236
-227
-220
-211
-194
-178
-154
-137
-120
-96
-74
-55
-34
-7
21
46
72
102
122
140
159
174
190
197
206
215
214
219
227
224
226
231
235
233
224
214
202
189
165
140
113
85
55
22
-9
-36
-62
-86
-108
-126
-140
-146
-146
-146
-144
-139
-133
-126
-123
-124
-118
-111
-109
-109
-109
-114
-117
-116
-114
-114
-105
-99
-92
-88
-86
-82
-83
-84
-80
-79
-75
-63
-57
-49
-40
-31
-27
-18
-4
4
18
33
51
63
72
81
88
89
93
101
104
119
143
161
176
195
203
207
210
206
193
182
169
151
141
117
95
75
57
41
22
7
-7
-13
-15
-17
-23
-27
-27
-28
-31
-36
-34
-34
-33
-33
-35
-42
-48
-56
-71
-90
-107
-123
-148
-169
-183
-196
-205
-203
-199
-195
-183
-175
-174
-169
-162
-153
-140
-131
-120
-106
-80
-58
-34
2
31
54
77
92
107
128
148
162
179
189
195
200
211
217
218
223
228
230
229
226
220
211
193
172
147
117
85
58
30
-3
-32
-52
-73
-92
-104
-115
-126
-131
-132
-128
-120
-112
-104
-98
-93
-93
-99
-102
-110
-115
-121
-129
-130
-126
-121
-115
-103
-94
-92
-85
-75
-75
-74
-71
-72
-70
-66
-63
-58
-51
-41
-29
-17
-4
7
16
23
25
28
33
32
32
35
40
50
65
78
95
112
127
133
141
144
135
126
116
102
86
76
67
58
57
57
58
60
60
58
52
44
34
25
13
0
-7
-14
-18
-16
-10
-4
1
8
14
13
10
4
-9
-24
-41
-63
-82
-101
-118
-132
-142
-150
-153
-153
-148
-140
-136
-131
-125
-118
-112
-107
-100
-94
-89
-83
-70
-55
-36
-13
9
30
51
71
86
99
112
120
124
131
137
144
152
160
171
180
183
188
189
184
180
175
160
146
132
111
93
75
52
35
19
2
-9
-20
-29
-32
-36
-43
-53
-62
-71
-81
-89
-97
-103
-108
-112
-122
-127
-134
-140
-143
-143
-142
-146
-146
-144
-138
-124
-112
-95
-81
-71
-70
-74
-68
-64
-63
-54
-49
-44
-33
-17
-1
19
36
44
49
49
53
56
61
68
69
73
79
88
100
110
122
134
143
148
147
146
135
121
106
84
69
57
46
43
45
49
60
65
73
77
74
66
51
34
18
1
-16
-25
-25
-22
-17
-14
-9
-10
-20
-33
-48
-71
-96
-122
-144
-157
-166
-166
-163
-158
-150
-137
-129
-123
-119
-119
-116
-121
-126
-127
-125
-121
-109
-90
-70
-45
-21
1
25
42
59
76
83
91
96
98
104
108
122
134
144
153
161
170
172
174
171
172
167
153
143
135
122
110
97
85
72
57
40
28
17
5
-1
-11
-18
-25
-32
-35
-45
-51
-58
-70
-86
-97
-104
-109
-110
-115
-118
-121
-127
-129
-131
-137
-143
-149
-155
-154
-148
-137
-121
-111
-99
-88
-81
-80
-75
-70
-68
-59
-60
-53
-44
-35
-18
1
24
46
73
94
122
151
169
186
192
199
201
199
193
186
178
163
152
137
127
119
105
98
90
83
79
78
78
78
81
79
77
71
58
51
43
24
7
-14
-37
-55
-79
-100
-118
-139
-154
-167
-170
-177
-186
-188
-193
-196
-195
-190
-180
-176
-169
-156
-146
-141
-130
-127
-114
-105
-98
-83
-74
-60
-39
-20
-2
17
39
59
74
90
104
113
118
120
128
137
147
159
166
171
170
166
163
156
153
155
160
171
171
172
165
144
122
90
64
38
10
-10
-19
-28
-34
-36
-42
-46
-55
-66
-70
-83
-94
-99
-100
-96
-91
-81
-73
-71
-69
-76
-81
-95
-114
-127
-136
-137
-128
-117
-106
-93
-83
-80
-83
-87
-87
-92
-94
-90
-83
-73
-65
-50
-35
-25
-13
-4
13
27
41
61
75
89
102
111
125
131
135
145
147
147
150
141
130
116
101
98
95
93
97
103
108
111
111
111
109
107
106
103
95
75
54
31
4
-16
-37
-58
-73
-89
-101
-113
-123
-125
-133
-134
-135
-140
-144
-150
-158
-164
-169
-173
-176
-175
-176
-171
-162
-155
-149
-141
-129
-120
-106
-95
-79
-60
-42
-12
14
41
65
84
100
107
115
121
128
133
135
139
146
151
157
169
182
192
201
211
219
220
217
210
195
175
153
131
109
86
65
43
20
3
-19
-34
-46
-58
-71
-82
-94
-104
-111
-115
-114
-113
-119
-125
-131
-137
-142
-141
-134
-130
-127
-125
-121
-118
-114
-110
-103
-98
-99
-96
-93
-90
-91
-87
-82
-81
-77
-71
-55
-37
-24
-5
13
34
61
80
103
119
124
132
137
137
139
139
144
146
149
153
155
152
146
136
123
106
80
59
42
31
24
26
32
37
42
46
46
41
34
24
14
5
-6
-18
-29
-42
-49
-55
-61
-64
-68
-68
-71
-78
-90
-109
-130
-150
-173
-187
-195
-198
-188
-169
-148
-124
-99
-80
-64
-54
-41
-34
-30
-27
-26
-25
-22
-18
-9
4
18
35
53
69
83
93
97
96
90
79
68
61
64
76
97
123
147
171
189
201
204
201
191
177
161
142
124
100
73
51
29
6
-16
-38
-59
-79
-91
-105
-113
-117
-117
-109
-101
-89
-77
-71
-67
-68
-71
-69
-63
-51
-39
-32
-31
-33
-39
-50
-63
-78
-85
-86
-87
-85
-90
-99
-118
-142
-164
-179
-175
-158
-128
-91
-57
-22
11
32
50
65
81
104
125
149
170
182
188
186
179
169
152
140
129
116
107
94
80
68
52
45
35
22
26
26
28
33
34
41
47
47
50
45
39
27
7
-8
-24
-36
-45
-53
-55
-58
-54
-56
-67
-79
-97
-112
-130
-152
-166
-174
-177
-171
-165
-155
-141
-119
-96
-78
-55
-38
-24
-10
-5
-5
-8
-13
-20
-27
-27
-20
-5
15
29
41
52
57
60
56
47
44
46
53
66
86
119
152
187
218
241
258
263
260
244
216
183
145
107
66
32
9
-7
-17
-24
-30
-34
-37
-48
-65
-78
-98
-121
-140
-150
-150
-139
-126
-100
-75
-54
-29
-11
-3
-7
-19
-40
-68
-96
-116
-131
-142
-147
-148
-147
-144
-141
-141
-141
-145
-149
-146
-147
-143
-129
-106
-73
-37
9
54
97
133
164
188
204
213
218
219
219
215
211
209
203
194
184
169
156
139
120
97
73
52
32
16
0
-9
-8
-8
0
6
8
7
4
-2
-9
-22
-34
-45
-54
-57
-59
-59
-61
-69
-79
-93
-110
-130
-148
-167
-184
-196
-198
-191
-181
-163
-140
-113
-83
-55
-30
-17
-16
-16
-20
-21
-14
-8
5
17
31
46
61
71
75
66
54
46
34
21
13
9
14
27
40
54
72
90
107
127
137
142
147
147
146
145
139
128
120
109
97
88
77
54
32
12
-12
-34
-52
-68
-77
-83
-84
-82
-76
-67
-56
-44
-34
-25
-20
-20
-18
-16
-14
-10
-15
-19
-24
-36
-47
-60
-76
-87
-97
-104
-107
-109
-113
-117
-119
-124
-130
-127
-122
-121
-115
-102
-87
-61
-31
2
38
71
103
129
148
159
170
175
178
177
174
164
153
141
125
114
102
94
86
77
69
59
42
22
0
-25
-44
-63
-77
-79
-74
-64
-49
-35
-27
-25
-22
-27
-32
-35
-41
-41
-38
-36
-38
-38
-45
-56
-69
-78
-92
-108
-119
-128
-134
-132
-125
-114
-98
-75
-56
-36
-19
-11
-4
2
13
24
42
58
72
89
102
109
111
110
104
91
85
76
70
67
63
65
69
78
85
89
98
100
100
101
95
86
80
73
66
60
54
49
42
37
29
16
6
-6
-19
-29
-38
-49
-56
-69
-80
-88
-96
-99
-96
-87
-74
-57
-47
-34
-29
-35
-42
-60
-77
-97
-113
-123
-133
-132
-127
-120
-106
-92
-82
-76
-75
-83
-96
-106
-118
-118
-111
-95
-64
-34
8
44
80
118
140
161
175
179
180
178
169
163
157
149
146
142
139
131
121
114
97
81
63
42
19
-3
-23
-41
-55
-67
-71
-70
-69
-63
-58
-55
-52
-50
-44
-38
-35
-31
-30
-32
-32
-35
-40
-42
-46
-46
-42
-44
-43
-42
-45
-47
-53
-61
-69
-74
-76
-71
-61
-45
-28
-13
7
22
35
46
48
52
48
46
42
37
34
28
25
27
31
35
38
39
41
44
39
36
34
29
30
28
32
35
38
42
41
46
47
45
44
44
48
51
55
59
57
51
41
30
21
12
10
8
6
1
-3
-10
-17
-23
-28
-37
-46
-50
-55
-56
-57
-61
-67
-76
-83
-91
-97
-106
-111
-110
-112
-107
-102
-97
-92
-91
-88
-90
-91
-88
-81
-67
-54
-38
-19
1
21
42
61
72
82
91
98
109
119
129
138
145
150
154
153
143
131
122
115
105
94
82
64
48
33
18
4
-9
-19
-26
-31
-36
-38
-38
-34
-33
-36
-50
-65
-78
-86
-90
-92
-85
-83
-84
-79
-75
-75
-71
-69
-68
-70
-75
-78
-84
-85
-79
-73
-68
-60
-51
-37
-19
-3
17
37
54
66
78
84
85
84
88
88
85
80
80
76
74
74
72
74
77
77
74
62
47
38
22
11
6
0
-2
1
-1
2
3
0
3
5
6
6
4
3
-2
-6
-8
-15
-17
-16
-18
-21
-25
-32
-36
-37
-36
-32
-28
-30
-32
-35
-38
-44
-50
-54
-53
-56
-53
-46
-45
-43
-41
-43
-44
-45
-48
-45
-47
-45
-42
-42
-39
-34
-31
-25
-19
-18
-13
-6
6
22
35
48
63
75
83
86
88
89
86
82
82
83
84
92
92
93
94
87
81
75
68
59
46
38
30
19
9
-2
-13
-19
-23
-30
-34
-32
-32
-33
-35
-38
-44
-51
-59
-69
-76
-77
-81
-81
-77
-71
-66
-58
-55
-52
-52
-54
-56
-59
-60
-59
-58
-52
-41
-30
-14
2
15
27
42
49
48
47
48
46
46
49
49
47
50
54
55
59
66
67
66
63
59
49
35
25
15
9
9
8
8
15
20
24
28
31
29
24
22
16
10
4
-3
-14
-22
-25
-26
-29
-28
-23
-19
-18
-17
-22
-29
-36
-45
-52
-57
-59
-62
-61
-57
-55
-51
-54
-59
-60
-58
-54
-52
-51
-45
-43
-42
-41
-39
-39
-36
-32
-29
-24
-14
-7
3
17
25
34
39
45
54
61
69
77
88
96
104
111
112
110
104
99
96
90
85
80
76
70
65
59
47
37
27
15
3
-9
-20
-31
-42
-53
-60
-66
-68
-67
-65
-66
-64
-64
-68
-69
-75
-80
-81
-85
-84
-83
-79
-73
-66
-60
-56
-53
-49
-43
-35
-25
-20
-13
-7
-3
4
9
20
28
36
50
59
70
79
81
79
78
77
70
66
63
59
58
55
47
42
37
30
25
16
9
6
1
1
4
4
4
5
1
-2
-4
-11
-9
-7
-4
-1
3
4
1
1
-5
-18
-26
-37
-47
-49
-57
-57
-53
-53
-46
-46
-45
-46
-46
-46
-48
-48
-52
-51
-50
-46
-37
-25
-16
-5
5
9
14
11
9
11
7
6
5
2
0
4
7
8
11
19
29
36
44
51
55
62
61
62
66
66
73
78
81
87
83
84
82
75
75
73
73
66
65
60
46
36
20
6
-5
-18
-28
-31
-30
-28
-28
-27
-24
-29
-33
-36
-42
-44
-47
-42
-44
-45
-39
-44
-52
-59
-65
-74
-79
-80
-79
-77
-73
-65
-60
-60
-60
-54
-48
-45
-37
-32
-24
-18
-14
-5
2
5
10
13
18
23
25
26
19
13
11
6
-1
-9
-16
-17
-18
-18
-15
-14
-9
-8
-8
-6
-6
-5
-3
5
12
17
27
32
35
35
33
28
25
20
17
14
10
13
15
16
11
9
2
-7
-12
-14
-15
-15
-12
-5
1
4
6
4
3
4
4
9
13
15
24
34
42
50
51
48
44
38
39
33
28
28
29
37
43
48
46
42
45
44
45
47
48
55
57
57
59
55
51
47
45
44
38
37
31
32
31
28
22
11
-2
-18
-27
-35
-37
-40
-45
-49
-51
-49
-51
-58
-60
-62
-64
-63
-65
-61
-60
-62
-59
-60
-56
-60
-66
-63
-66
-68
-66
-67
-64
-60
-54
-52
-51
-49
-45
-42
-30
-21
-7
2
6
13
12
10
10
10
15
19
19
24
25
26
27
21
11
0
-9
-13
-15
-12
-13
-16
-13
-11
-6
0
4
11
17
23
29
34
38
36
37
40
39
42
49
55
60
60
57
51
41
29
21
13
2
-5
-12
-16
-14
-17
-19
-13
-8
-9
-7
-11
-15
-14
-19
-22
-20
-15
-10
-1
12
19
20
20
13
8
-1
-11
-20
-28
-31
-31
-32
-35
-37
-37
-37
-36
-34
-32
-28
-22
-13
-5
0
3
7
10
20
32
44
52
59
65
68
68
66
60
58
57
54
54
53
51
48
40
33
24
11
0
-12
-23
-30
-37
-38
-41
-43
-44
-45
-42
-39
-33
-29
-33
-38
-45
-52
-58
-63
-63
-57
-50
-44
-38
-36
-38
-40
-42
-43
-38
-31
-25
-20
-15
-12
-12
-12
-12
-9
-7
-3
-2
-2
-3
-8
-14
-17
-15
-9
-1
9
20
30
39
43
46
44
44
48
45
50
51
50
52
55
61
68
77
80
79
79
77
69
64
59
53
49
39
31
20
8
-3
-16
-26
-31
-37
-42
-44
-46
-45
-41
-37
-31
-22
-16
-10
-7
-4
-6
-6
-7
-6
-3
2
7
9
11
14
13
13
13
14
18
21
23
22
20
14
8
1
-2
-7
-10
-12
-15
-23
-31
-35
-39
-38
-31
-25
-15
-8
-2
3
9
12
8
4
2
-3
-8
-12
-17
-22
-24
-28
-30
-27
-24
-22
-18
-18
-17
-17
-19
-23
-27
-31
-37
-38
-38
-36
-33
-30
-30
-31
-36
-38
-39
-40
-36
-29
-24
-15
-5
2
8
15
20
23
22
18
13
11
8
6
8
9
11
15
20
22
22
21
19
17
13
13
12
13
15
17
19
24
30
31
32
32
33
35
35
31
35
38
42
43
43
42
43
42
42
42
40
34
30
23
16
12
4
-3
-5
-4
-3
-5
-5
-4
-5
-11
-18
-23
-30
-37
-40
-41
-38
-30
-23
-20
-15
-12
-10
-10
-8
-5
-3
-2
-2
-3
-3
-3
-6
-7
-4
1
8
14
14
12
6
-1
-8
-14
-14
-13
-12
-9
-9
-7
-7
-6
-3
0
2
4
1
-1
0
-1
-4
-8
-9
-10
-10
-10
-11
-8
-5
-6
-6
-11
-17
-21
-22
-18
-11
-9
-5
-3
0
0
-4
-4
-5
-3
0
4
5
4
2
-2
-3
2
8
13
20
18
13
8
3
1
3
9
16
17
11
5
-1
-5
-4
0
4
6
7
4
-3
-7
-10
-11
-10
-7
-3
-2
3
8
11
15
13
10
5
-1
-3
-5
-6
0
6
12
15
15
14
13
12
11
13
13
12
11
8
5
1
0
-1
-2
-2
-3
-5
-7
-11
-13
-15
-14
-14
-14
-8
-5
-4
0
-2
-3
-4
-5
-6
-7
-8
-10
-14
-20
-25
-29
-27
-27
-23
-19
-13
-10
-8
-2
2
6
8
6
6
8
6
3
4
5
5
7
8
6
6
6
10
14
14
15
20
21
18
17
18
21
20
19
12
3
-1
-6
-10
-9
-10
-12
-10
-10
-14
-14
-14
-11
-9
-8
-6
-5
-3
0
6
13
13
12
10
6
2
-3
-3
4
13
20
21
21
18
16
15
10
9
6
6
3
-3
-9
-16
-18
-19
-23
-22
-25
-27
-27
-23
-19
-16
-9
-5
-1
4
5
6
9
12
15
17
16
15
14
16
19
14
13
11
9
9
8
5
4
1
-2
-3
-6
-12
-15
-15
-14
-14
-17
-18
-19
-18
-15
-18
-13
-11
-10
-5
-3
1
0
1
2
1
0
0
0
0
3
2
0
-1
-3
-6
-7
-11
-12
-10
-11
-7
-3
-3
-1
-4
-3
-2
-1
3
8
11
12
11
12
12
12
14
16
18
22
21
22
24
23
25
28
27
21
17
11
5
1
-2
-3
-2
-2
-4
-6
-12
-24
-33
-37
-40
-41
-38
-33
-30
-28
-26
-32
-31
-27
-19
-7
0
9
17
19
21
20
22
27
32
38
40
38
37
30
24
20
16
15
10
4
-1
-9
-17
-26
-33
-37
-37
-32
-28
-24
-19
-18
-18
-17
-15
-9
-2
4
16
24
30
35
36
35
36
39
36
34
37
34
30
26
19
11
4
-2
-11
-19
-23
-26
-32
-39
-41
-42
-45
-45
-43
-43
-39
-34
-31
-28
-25
-18
-15
-15
-11
-9
-5
-4
-1
3
5
8
11
12
15
19
21
21
20
17
13
10
11
7
7
11
16
18
18
18
18
16
17
19
19
20
23
23
21
19
18
20
20
22
24
23
26
28
29
28
27
25
21
17
15
9
6
5
2
0
-4
-6
-8
-9
-10
-14
-14
-12
-14
-13
-13
-13
-13
-15
-14
-13
-12
-12
-13
-10
-11
-10
-9
-10
-12
-13
-13
-15
-17
-17
-18
-20
-20
-18
-17
-20
-23
-23
-25
-29
-32
-36
-41
-45
-45
-43
-43
-44
-42
-40
-37
-32
-26
-22
-19
-12
-5
-2
1
5
8
10
10
11
11
10
12
12
12
17
15
13
14
11
9
7
8
6
4
6
6
9
12
12
14
16
19
19
19
18
16
16
16
17
20
22
25
26
28
31
30
29
30
30
32
30
31
28
27
28
25
22
20
15
15
14
8
9
8
7
5
8
10
10
15
15
13
12
10
7
5
4
5
4
5
5
5
3
0
-2
-7
-10
-13
-14
-18
-20
-23
-24
-25
-27
-29
-32
-31
-32
-32
-33
-34
-32
-31
-33
-31
-30
-29
-26
-23
-20
-17
-12
-9
-9
-5
-6
-5
-4
-5
-5
-5
-4
-5
-4
-4
-2
0
0
-1
-1
-1
0
0
0
1
2
1
-2
-2
-7
-8
-9
-9
-7
-5
0
5
9
11
14
15
15
13
15
15
15
18
19
17
17
18
18
19
19
20
20
23
23
21
20
15
11
7
3
2
0
0
0
0
0
-2
-4
-7
-10
-10
-9
-8
-7
-6
-3
-5
-7
-9
-13
-14
-15
-15
-12
-9
-2
1
3
5
2
-2
-8
-13
-16
-16
-14
-11
-6
-1
2
6
8
10
11
12
14
13
11
12
12
11
9
9
9
11
14
16
16
16
15
14
12
9
6
5
2
0
-1
-1
-1
-2
-3
-2
-5
-9
-14
-16
-18
-23
-24
-25
-26
-26
-26
-22
-19
-15
-10
-9
-6
-3
-1
0
-3
-5
-4
-4
0
3
3
5
5
1
-1
-6
-7
-9
-9
-7
-5
-5
-3
-1
2
4
6
5
4
6
6
4
5
7
8
8
9
9
12
16
20
23
26
28
26
23
20
15
14
13
13
14
16
19
21
22
19
15
10
6
0
-4
-4
-5
-3
-2
-2
2
2
1
0
1
0
-3
-5
-9
-17
-20
-24
-28
-28
-26
-22
-18
-15
-12
-10
-10
-12
-14
-14
-15
-19
-21
-21
-20
-18
-16
-10
-5
-1
2
3
0
-2
-3
-3
-2
-3
1
3
5
8
10
12
15
13
12
11
9
9
4
4
3
2
3
5
6
8
5
2
-4
-10
-13
-18
-20
-19
-17
-13
-8
-2
0
1
2
1
-1
-4
-4
-5
-4
-1
-1
4
6
9
10
9
8
5
3
-1
-5
-5
-4
-3
-1
0
0
-1
-3
0
2
5
8
13
13
10
9
6
3
4
6
9
12
16
21
23
24
21
15
9
3
-2
-3
-2
2
7
12
14
14
14
9
4
1
-1
0
0
2
3
3
3
-1
-2
-2
-3
-6
-6
-7
-6
-6
-4
-2
-4
-5
-7
-11
-15
-19
-20
-23
-23
-22
-24
-24
-24
-26
-25
-25
-23
-23
-19
-12
-10
-8
-5
-7
-10
-13
-14
-17
-17
-13
-9
-2
7
14
19
21
19
15
11
10
12
14
21
27
31
37
39
37
36
31
29
26
22
22
19
17
14
11
8
7
7
7
7
10
10
7
8
6
1
-4
-10
-15
-18
-18
-18
-18
-16
-15
-15
-12
-14
-17
-18
-21
-25
-27
-29
-32
-35
-36
-35
-32
-29
-26
-24
-20
-20
-18
-16
-14
-10
-8
-6
-3
-2
1
5
7
12
18
25
31
34
36
37
37
41
41
41
42
41
42
39
35
33
27
24
22
19
17
14
13
13
7
3
2
-1
-2
-2
-3
-5
-5
-6
-8
-10
-14
-18
-21
-22
-22
-27
-32
-34
-38
-41
-41
-46
-47
-49
-47
-45
-42
-40
-37
-33
-28
-25
-23
-19
-15
-11
-9
-4
1
5
11
16
21
23
27
30
33
33
31
30
29
31
30
31
33
35
38
42
42
41
38
36
35
30
28
23
19
15
11
6
0
-2
-5
-7
-11
-13
-15
-18
-19
-21
-21
-22
-22
-22
-21
-23
-23
-22
-22
-22
-19
-17
-16
-12
-10
-8
-6
-3
-2
0
1
0
1
0
1
-1
-5
-6
-7
-6
-7
-5
-3
-1
-2
-2
0
0
0
-2
-1
0
0
2
3
6
11
13
16
17
18
17
14
12
11
9
11
11
9
6
3
0
-5
-8
-13
-12
-10
-10
-7
-3
-1
3
5
3
5
6
6
6
5
4
3
3
0
-1
0
-2
-3
-2
-3
-2
-1
0
1
0
-1
-3
-4
-7
-7
-9
-12
-11
-9
-9
-8
-6
-5
-5
-1
2
3
4
1
0
0
-1
-1
0
-1
-4
-5
-5
-4
-4
-3
-2
-1
2
5
8
8
7
5
2
2
4
4
1
0
-2
-2
-1
-1
-1
1
2
5
9
11
13
12
11
9
7
5
5
0
-1
-3
-4
-6
-4
-3
-2
-2
-4
-1
2
4
4
4
4
3
1
-3
-6
-8
-7
-6
-7
-8
-9
-12
-11
-12
-12
-9
-8
-4
0
2
3
4
3
2
3
0
2
2
5
5
5
4
5
8
5
6
4
2
-2
-5
-5
-6
-6
-6
-5
-5
-5
-3
-1
1
3
5
7
9
13
16
15
18
16
17
18
18
16
13
9
5
1
-5
-10
-16
-20
-24
-25
-26
-25
-23
-20
-17
-14
-12
-12
-10
-6
-4
-1
1
3
5
6
7
3
6
6
6
7
4
2
4
1
1
0
2
4
8
12
13
13
15
15
14
11
8
4
2
-1
-7
-10
-11
-12
-11
-11
-7
-6
-3
1
1
2
5
8
10
11
11
11
10
11
9
8
8
7
8
6
6
4
3
0
-2
-4
-6
-8
-10
-10
-13
-13
-12
-13
-13
-13
-12
-13
-11
-11
-10
-8
-7
-7
-7
-6
-5
-4
-2
2
5
7
9
9
8
7
5
4
4
2
1
1
0
0
1
0
1
1
0
-2
-3
-5
-3
-5
-4
-3
-3
-5
-2
-1
2
6
9
10
13
15
15
15
15
15
14
13
12
9
7
5
2
0
0
-3
-6
-8
-11
-14
-18
-19
-21
-19
-18
-16
-15
-14
-14
-14
-13
-13
-13
-11
-12
-11
-9
-7
-4
-4
-3
-1
1
2
4
6
7
8
9
8
5
4
4
5
4
3
3
4
2
1
4
4
3
3
1
-1
-2
-3
-2
-1
-1
3
5
8
10
12
13
14
13
14
12
12
11
12
13
14
16
17
15
14
11
10
8
8
5
3
5
7
6
5
5
7
7
6
5
2
-1
-4
-6
-6
-9
-8
-5
-4
-2
0
2
4
6
7
5
6
5
6
6
3
3
4
4
2
-1
-3
-3
-5
-8
-7
-8
-11
-10
-10
-11
-9
-9
-8
-4
-3
-2
0
3
5
6
6
4
2
1
-1
-2
-6
-7
-10
-15
-17
-19
-22
-24
-26
-25
-24
-24
-25
-24
-24
-24
-22
-20
-19
-15
-14
-11
-8
-8
-7
-7
-6
-9
-8
-8
-9
-8
-6
-4
-1
2
4
4
5
6
9
10
10
9
8
9
10
10
8
9
10
10
11
11
11
11
10
12
13
13
15
17
18
21
24
25
25
26
26
25
24
22
20
18
17
15
12
9
6
1
-2
-4
-6
-8
-7
-9
-10
-7
-8
-6
-5
-3
-4
-4
-5
-4
-5
-5
-5
-6
-7
-7
-7
-7
-8
-8
-7
-9
-10
-11
-11
-10
-10
-10
-8
-5
-4
-5
-6
-7
-6
-7
-8
-9
-11
-10
-10
-8
-8
-6
-5
-4
-2
0
3
5
8
10
11
11
12
13
13
13
13
12
12
11
8
6
6
5
2
2
1
-2
-2
-5
-4
-5
-6
-5
-5
-4
-3
-2
-1
-2
-2
-2
-1
-1
-2
-1
-2
-4
-4
-6
-5
-6
-5
-5
-5
-3
-3
0
-1
0
0
0
0
0
1
1
1
1
0
-1
-2
-2
-3
-2
-2
-3
-4
-4
-2
-3
2
5
10
12
14
15
14
16
15
15
13
13
12
10
9
6
5
3
2
0
0
-2
-5
-8
-9
-9
-8
-7
-5
-4
-3
-3
-5
-5
-5
-7
-7
-8
-9
-7
-6
-2
0
4
5
4
7
9
10
13
15
14
11
6
2
0
-1
0
-1
-1
-3
-4
-7
-11
-14
-15
-16
-15
-17
-16
-15
-14
-12
-11
-12
-11
-10
-11
-8
-7
-3
0
1
1
0
0
-3
-4
-4
-3
-1
-1
-3
-6
-12
-17
-17
-17
-14
-12
-12
-13
-13
-14
-14
-12
-8
-3
2
6
8
11
12
12
12
12
13
16
17
18
22
23
25
23
24
26
27
31
31
31
29
27
24
20
14
10
8
6
6
5
5
6
6
8
9
11
11
13
16
18
19
18
18
17
16
15
15
16
18
20
19
21
19
19
16
12
10
6
4
0
-3
-8
-14
-18
-24
-28
-30
-29
-29
-29
-29
-30
-29
-33
-35
-37
-39
-38
-38
-36
-37
-37
-34
-31
-30
-28
-25
-22
-17
-14
-11
-10
-9
-9
-10
-12
-15
-16
-16
-16
-14
-14
-16
-18
-17
-17
-15
-12
-10
-5
-2
-1
1
4
6
8
12
15
19
20
22
21
21
20
20
20
19
20
21
23
23
24
25
23
23
21
18
16
16
15
14
14
13
11
10
10
10
13
16
17
22
25
28
27
27
24
21
18
15
12
11
10
11
12
10
9
8
5
2
1
-2
-4
-6
-8
-10
-13
-17
-19
-22
-25
-26
-26
-24
-23
-23
-23
-21
-21
-21
-21
-21
-21
-18
-17
-16
-14
-12
-9
-7
-5
-5
-5
-5
-4
-5
-4
-4
-3
-1
