SAMPLES:	21629
BITSPERSAMPLE:	16
CHANNELS:	1
SAMPLERATE:	16000
NORMALIZED:	FALSE
-3
-4
-3
-5
-6
-8
-8
-4
-6
-4
-5
-9
-9
-9
-10
-8
-14
-22
-24
-32
-37
-40
-40
-42
-42
-41
-44
-47
-45
-47
-46
-45
-47
-49
-52
-55
-56
-55
-54
-51
-46
-42
-35
-32
-29
-24
-21
-19
-18
-15
-11
-6
-1
5
9
12
17
19
22
23
23
23
21
20
16
13
11
10
10
12
12
12
13
10
11
14
18
20
24
26
28
30
31
30
32
31
27
25
19
16
9
3
-1
-2
-1
3
10
14
15
20
21
24
28
29
30
31
30
30
29
28
24
20
13
7
4
-1
-5
-7
-9
-15
-17
-16
-18
-20
-19
-17
-13
-7
-5
-3
-1
-1
1
3
3
1
-1
-3
-10
-12
-14
-13
-11
-11
-13
-14
-15
-20
-17
-14
-9
-1
5
10
14
15
14
14
13
11
6
2
-3
-6
-8
-9
-11
-12
-11
-10
-11
-13
-11
-10
-7
-3
-1
3
8
12
16
16
15
10
7
6
1
-8
-13
-16
-22
-26
-27
-32
-37
-37
-36
-32
-25
-21
-14
-13
-12
-9
-5
2
11
17
21
20
20
16
12
10
6
5
2
1
4
6
11
12
13
13
11
9
7
5
7
9
13
16
18
20
18
19
17
14
12
6
5
8
9
10
11
10
8
5
5
3
6
7
6
6
6
6
9
11
11
11
14
15
14
16
16
17
15
11
9
3
2
2
0
-2
-1
-3
-8
-9
-10
-11
-11
-10
-9
-10
-10
-13
-14
-14
-14
-16
-14
-17
-19
-17
-17
-17
-21
-22
-22
-26
-24
-21
-19
-18
-15
-13
-15
-14
-12
-15
-16
-19
-20
-20
-19
-18
-16
-15
-14
-9
-5
1
6
9
11
11
13
15
15
14
17
20
21
23
23
21
16
10
6
4
2
3
4
4
4
8
9
11
12
12
14
14
16
19
18
17
13
7
0
-7
-13
-19
-23
-25
-26
-26
-25
-26
-26
-25
-28
-26
-22
-14
-7
3
15
23
34
39
41
41
33
29
22
14
11
11
4
-3
-1
-3
-11
-13
-15
-18
-17
-15
-7
6
16
26
30
31
29
28
23
19
17
15
10
2
-5
-12
-20
-31
-42
-47
-46
-42
-35
-25
-13
-3
3
6
11
16
18
19
19
25
29
27
26
23
17
6
-6
-11
-17
-19
-27
-32
-30
-30
-26
-23
-23
-18
-12
-10
-5
0
6
7
3
-1
0
-2
-3
-8
-12
-16
-20
-23
-29
-32
-35
-36
-33
-30
-29
-21
-13
-5
-2
-2
-2
-1
0
-1
2
5
7
8
9
8
8
5
2
0
-3
-6
-6
-2
1
3
-1
-2
0
1
2
4
10
13
17
19
22
22
24
26
27
28
30
33
34
35
36
37
39
37
35
34
30
24
19
15
17
19
17
16
17
24
36
49
62
72
82
90
91
90
83
73
63
59
60
58
54
49
40
25
10
4
0
-2
5
10
14
16
10
0
-13
-25
-31
-29
-25
-26
-30
-28
-30
-34
-40
-50
-59
-66
-71
-72
-74
-79
-81
-84
-84
-82
-88
-94
-100
-106
-113
-112
-106
-104
-96
-90
-90
-87
-87
-85
-83
-82
-72
-65
-60
-54
-60
-62
-64
-64
-60
-53
-44
-36
-37
-34
-37
-39
-32
-29
-23
-17
-14
-3
6
15
27
27
33
41
52
68
80
88
97
103
108
103
100
92
80
72
61
56
54
51
54
54
55
53
52
56
59
68
75
82
90
92
93
92
90
85
81
83
81
75
67
60
58
54
52
52
50
47
42
35
32
24
18
13
11
9
-2
-7
-11
-15
-16
-17
-16
-18
-23
-25
-25
-20
-18
-13
-12
-17
-23
-38
-45
-48
-54
-53
-53
-53
-49
-51
-55
-59
-62
-67
-71
-66
-61
-56
-44
-33
-22
-21
-17
-18
-25
-22
-28
-27
-23
-21
-15
-12
-12
-15
-23
-28
-32
-33
-33
-27
-18
-19
-17
-17
-19
-19
-20
-11
-8
-4
1
-2
1
-3
-8
-4
0
5
6
6
7
2
5
4
-1
-4
-8
-9
-7
-3
5
8
12
12
10
9
2
2
4
4
9
13
13
9
7
5
-1
-1
3
3
10
16
23
29
32
34
31
29
28
25
28
30
31
28
22
14
8
6
7
12
18
25
35
38
37
39
33
28
26
21
19
15
14
16
23
27
25
16
8
2
-2
2
5
7
14
16
14
13
5
-1
-10
-13
-14
-20
-18
-18
-20
-18
-18
-17
-16
-20
-18
-17
-20
-24
-26
-33
-44
-46
-45
-46
-38
-35
-33
-34
-40
-44
-47
-52
-55
-52
-48
-39
-29
-25
-21
-21
-25
-27
-26
-24
-24
-18
-12
-4
1
-1
-2
-7
-11
-11
-10
-6
-7
-4
-4
1
9
14
17
17
19
23
27
33
34
34
38
34
29
25
26
30
32
30
32
25
12
7
2
1
3
6
10
13
15
19
23
26
26
19
14
13
12
14
20
25
29
31
26
25
23
10
10
13
14
20
18
22
28
29
25
22
17
15
14
14
16
23
23
23
25
25
20
13
12
10
3
-1
-4
-8
-6
-10
-10
-12
-13
-11
-17
-23
-23
-29
-27
-23
-17
-15
-13
-12
-20
-28
-36
-41
-46
-51
-47
-48
-44
-35
-32
-26
-23
-27
-23
-27
-29
-25
-29
-29
-24
-24
-26
-28
-30
-30
-28
-27
-21
-14
-12
-5
4
7
12
10
5
0
-5
-7
-11
-11
-8
-4
2
3
6
7
1
2
-2
-5
-3
-1
5
3
6
11
4
6
10
13
21
24
27
32
33
32
31
29
22
17
9
2
-1
-3
0
6
9
13
15
20
26
25
28
28
29
32
31
29
27
29
31
25
20
16
11
8
1
-1
-1
0
1
2
2
2
1
3
1
2
3
5
6
5
10
10
10
10
7
3
-1
-4
-4
-9
-8
-8
-9
-8
-12
-14
-20
-23
-26
-28
-24
-21
-19
-17
-14
-7
-2
3
5
2
0
1
0
0
-2
-4
-7
-11
-15
-21
-26
-29
-32
-32
-29
-28
-24
-23
-23
-18
-17
-15
-10
-5
2
7
13
16
15
15
13
10
6
3
-1
-5
-7
-9
-12
-13
-13
-17
-14
-13
-6
1
6
15
18
21
23
22
21
19
18
13
12
13
12
16
18
15
13
12
13
8
10
7
4
4
0
-1
-4
-2
-1
-1
0
5
10
10
15
17
10
9
9
5
-1
-5
-7
-7
-10
-9
-6
-8
-7
-6
-6
-3
5
10
11
10
10
6
3
1
-2
1
-3
-7
-7
-10
-10
-12
-12
-12
-12
-10
-10
-8
-7
-3
-4
-2
5
7
9
15
18
17
10
3
-2
-10
-13
-18
-20
-19
-19
-13
-8
-3
-2
-4
-6
-9
-13
-13
-17
-22
-20
-15
-6
2
4
11
9
4
4
1
0
1
-5
-7
-8
-11
-10
-13
-13
-18
-22
-26
-26
-22
-15
-8
0
7
6
2
-4
-6
-11
-13
-13
-10
-4
-1
7
11
13
16
15
11
9
7
3
1
-2
2
8
14
19
20
20
18
22
28
32
36
36
36
39
44
49
52
54
52
47
43
39
39
40
40
40
42
43
46
44
40
38
29
27
24
19
19
14
14
13
15
20
18
15
11
6
0
-4
-8
-10
-13
-14
-18
-26
-31
-33
-34
-35
-33
-35
-38
-34
-32
-30
-30
-33
-38
-44
-48
-48
-51
-50
-47
-46
-44
-42
-41
-40
-42
-42
-41
-40
-39
-39
-39
-42
-45
-44
-44
-40
-38
-39
-40
-41
-38
-32
-26
-21
-19
-18
-14
-13
-14
-18
-21
-22
-19
-18
-14
-10
-4
0
1
1
3
5
9
13
20
25
25
32
36
38
40
38
36
33
34
38
39
43
44
44
46
44
39
32
27
26
26
24
23
19
21
26
25
24
20
17
16
18
21
20
17
13
11
8
5
-2
-8
-15
-18
-16
-13
-12
-11
-14
-12
-10
-9
-7
-5
-2
3
7
9
7
7
5
1
2
1
4
5
5
7
7
6
5
5
4
6
6
4
6
11
14
17
18
14
9
2
0
0
-1
-1
-3
-6
-8
-13
-18
-21
-21
-16
-14
-13
-8
-7
-9
-8
-10
-13
-13
-13
-15
-12
-10
-10
-6
-6
-7
-5
-6
-5
0
3
7
11
13
11
7
3
1
0
-1
-5
-4
-5
-6
-7
-7
-7
-9
-11
-12
-16
-13
-11
-13
-10
-9
-9
-11
-14
-16
-15
-17
-16
-12
-8
-4
0
1
3
6
4
6
7
6
7
10
12
11
8
9
10
11
15
21
26
31
34
35
35
33
32
31
28
28
24
18
10
2
-4
-6
-4
1
8
13
15
15
17
17
14
14
12
7
3
-7
-13
-17
-18
-16
-15
-14
-9
-9
-9
-7
-5
-2
5
7
7
3
-6
-12
-15
-18
-17
-16
-12
-6
-3
0
1
1
2
2
3
1
-5
-12
-15
-16
-20
-24
-29
-29
-26
-28
-29
-28
-27
-26
-24
-20
-16
-14
-13
-14
-11
-7
-3
-2
-1
-1
-1
3
5
6
6
9
10
11
11
7
3
1
3
7
10
16
16
17
17
18
20
22
24
24
27
26
23
21
15
7
-2
-9
-13
-16
-16
-17
-18
-20
-21
-20
-23
-22
-22
-24
-22
-18
-12
-6
0
4
3
4
6
7
9
10
13
15
16
20
23
23
22
18
13
7
5
8
8
11
14
18
23
22
21
19
15
16
18
23
27
26
26
22
19
18
20
23
21
27
29
31
31
22
19
14
7
9
7
7
6
5
4
2
2
4
7
14
19
18
16
11
7
0
-4
-10
-15
-14
-17
-16
-20
-22
-21
-26
-28
-32
-37
-36
-38
-35
-33
-36
-38
-48
-55
-64
-70
-72
-77
-74
-70
-66
-58
-52
-46
-45
-50
-52
-56
-58
-59
-56
-48
-46
-41
-37
-36
-32
-30
-21
-12
-7
0
3
5
9
8
11
16
20
21
21
23
24
27
28
29
35
37
40
43
43
46
47
47
47
45
41
34
30
27
26
29
25
23
20
23
26
26
29
29
27
29
29
31
29
26
27
25
23
23
22
22
23
24
23
24
20
11
4
2
1
-1
0
1
1
2
0
1
-1
-2
0
3
6
8
8
9
6
4
2
0
-1
-2
-1
0
4
8
10
13
8
4
-2
-5
-4
-10
-12
-14
-15
-15
-21
-25
-25
-23
-18
-14
-8
-9
-7
-8
-12
-12
-12
-14
-15
-20
-23
-26
-26
-22
-20
-20
-22
-19
-18
-18
-17
-18
-19
-20
-23
-28
-34
-36
-34
-34
-31
-31
-29
-24
-18
-15
-11
-8
-3
-2
-6
-9
-11
-9
-7
-4
-5
-9
-7
-6
-4
3
9
18
25
30
32
32
32
33
35
35
30
27
22
17
17
18
20
19
21
22
22
23
23
24
26
22
22
20
16
15
11
10
10
10
9
7
10
12
14
18
18
18
19
13
8
2
-3
-5
-4
-4
-3
0
2
5
8
15
18
12
8
4
-2
-5
-8
-11
-12
-12
-11
-11
-14
-16
-16
-14
-16
-14
-13
-15
-15
-16
-16
-15
-16
-15
-16
-20
-24
-27
-25
-24
-21
-19
-17
-13
-10
-9
-6
-3
1
-3
-5
-9
-12
-11
-14
-15
-16
-17
-15
-17
-18
-16
-13
-14
-12
-12
-15
-14
-10
-7
-2
-4
-4
-4
-3
3
5
5
7
12
9
1
-1
0
-1
0
-1
-2
-9
-12
-11
-11
-14
-13
-11
-9
-1
9
16
22
31
36
35
35
33
29
26
28
31
30
28
29
29
27
28
29
28
31
40
51
58
63
68
71
71
70
69
62
51
43
38
31
23
16
13
7
7
9
11
15
26
41
58
79
88
87
70
44
13
-21
-41
-56
-60
-56
-52
-43
-37
-33
-24
-17
-9
-3
-8
-16
-30
-37
-45
-58
-60
-57
-57
-67
-76
-80
-95
-107
-100
-81
-68
-51
-26
-11
-6
-2
1
-7
-16
-13
-10
-6
9
34
41
34
33
21
-11
-43
-61
-82
-98
-93
-80
-65
-41
-8
20
37
43
48
45
26
6
-2
-11
-25
-27
-21
-14
-10
1
2
-16
-17
-15
-16
-12
6
32
49
74
88
87
78
47
11
-18
-29
-46
-57
-33
-12
-7
-3
13
20
13
28
46
58
68
77
78
68
66
66
54
53
59
53
39
35
33
25
17
5
8
9
7
20
47
79
108
128
146
144
106
63
39
33
33
46
57
72
82
73
54
33
3
-31
-24
31
82
137
205
229
218
197
146
59
-40
-110
-156
-189
-214
-235
-229
-187
-133
-93
-31
87
160
144
127
131
75
-37
-133
-207
-269
-315
-343
-373
-399
-386
-365
-370
-382
-349
-272
-225
-191
-135
-91
-113
-144
-149
-224
-333
-408
-476
-557
-585
-533
-491
-464
-416
-363
-329
-319
-298
-241
-192
-162
-97
-35
-52
-100
-129
-163
-202
-239
-276
-285
-214
-111
-39
23
107
192
221
190
206
285
340
334
298
291
300
283
297
414
555
598
577
590
602
557
495
481
499
493
495
519
521
527
557
544
448
314
188
-24
-90
467
1422
1891
1731
1738
1956
1633
822
384
342
2
-531
-590
-322
-370
-534
-205
358
613
789
1026
904
447
352
625
523
164
209
398
74
-392
-363
-264
-697
-1273
-1387
-1231
-1213
-1164
-881
-537
-258
-65
25
62
125
-21
-514
-910
-998
-1088
-1264
-1259
-987
-789
-816
-857
-895
-996
-1043
-994
-1025
-1120
-1026
-769
-617
-555
-263
83
-14
-425
-697
-830
-1095
-1370
-1365
-1183
-1069
-1016
-878
-606
-277
-45
97
240
336
247
47
-71
-62
-55
-125
-194
-227
-203
-109
30
86
67
114
174
250
441
812
1212
1403
1454
1460
1399
1215
967
741
579
489
484
604
777
962
1094
1158
1248
1327
1260
1070
939
898
793
652
694
794
741
730
994
1398
1676
1869
2236
2608
2643
2509
2426
2144
1532
987
655
235
-279
-596
-655
-662
-645
-401
18
236
204
286
453
407
163
-50
-245
-638
-1094
-1394
-1567
-1769
-1999
-2086
-2088
-2175
-2282
-2269
-2165
-2061
-1906
-1659
-1379
-1112
-888
-658
-460
-393
-418
-467
-557
-729
-913
-1025
-1140
-1323
-1465
-1473
-1419
-1346
-1194
-968
-664
-297
16
289
561
676
601
485
337
43
-348
-650
-848
-1020
-1097
-1039
-905
-713
-431
-153
59
248
387
424
381
304
248
224
204
164
111
88
62
-9
-61
-82
-122
-215
-289
-268
-186
-13
283
602
848
1014
1099
1108
1106
1102
1035
964
944
908
860
889
1015
1153
1280
1431
1579
1636
1600
1580
1537
1441
1402
1372
1271
1174
1156
1125
1041
1078
1227
1303
1231
1135
1118
1073
968
1039
1403
1864
2225
2461
2520
2303
1829
1182
449
-232
-781
-1232
-1639
-1939
-2034
-2011
-1895
-1634
-1293
-964
-717
-559
-466
-363
-247
-255
-440
-758
-1187
-1752
-2399
-2938
-3327
-3654
-3904
-3924
-3686
-3325
-2781
-2059
-1369
-784
-303
17
135
89
-55
-318
-609
-770
-816
-820
-800
-785
-864
-1076
-1295
-1408
-1438
-1372
-1165
-786
-310
187
769
1385
1894
2200
2284
2101
1607
974
334
-346
-1018
-1537
-1760
-1745
-1530
-1114
-593
-66
356
649
837
913
901
832
767
736
661
540
441
316
146
25
9
-14
-65
4
164
367
640
932
1186
1389
1500
1482
1366
1279
1234
1151
1040
973
1008
1095
1263
1543
1748
1805
1839
1846
1667
1366
1232
1213
1122
1065
1174
1359
1415
1392
1386
1258
977
741
623
479
300
233
203
105
49
74
62
-33
-4
232
503
750
1004
1204
1247
1187
980
458
-234
-781
-1226
-1808
-2399
-2717
-2871
-3030
-3028
-2754
-2391
-2074
-1710
-1357
-1147
-989
-803
-735
-902
-1142
-1303
-1521
-1912
-2280
-2443
-2513
-2643
-2654
-2432
-2174
-1960
-1653
-1292
-1062
-915
-746
-610
-539
-495
-451
-401
-380
-353
-296
-278
-272
-209
-112
-58
-40
5
83
185
365
683
1041
1286
1476
1676
1757
1685
1574
1471
1306
1032
736
504
366
356
454
604
768
913
999
983
898
843
862
861
775
716
763
866
943
1013
1103
1089
946
775
615
424
209
51
-54
-158
-219
-179
-83
33
193
358
392
345
383
496
568
562
543
560
562
542
642
832
955
982
939
825
722
708
676
512
257
35
-132
-256
-286
-147
107
312
408
538
679
655
509
411
350
157
-184
-561
-814
-767
-409
74
486
816
1182
1405
1215
747
230
-367
-1179
-2041
-2681
-3037
-3203
-3163
-2790
-2209
-1603
-1010
-616
-487
-406
-266
-234
-449
-695
-894
-1113
-1309
-1395
-1368
-1373
-1499
-1735
-2008
-2156
-2180
-2185
-2110
-1863
-1448
-974
-454
150
725
1135
1225
1014
683
351
34
-252
-397
-454
-563
-623
-559
-400
-89
363
812
1130
1366
1562
1701
1817
1894
1899
1744
1379
962
671
478
278
128
107
126
181
364
628
849
979
1084
1102
965
803
700
584
454
421
441
369
240
174
194
226
197
70
-147
-364
-483
-474
-362
-183
-2
134
265
392
503
590
572
446
307
209
162
157
222
329
442
550
652
811
1017
1202
1294
1297
1239
1061
787
532
357
293
319
372
437
486
508
530
577
586
483
357
232
109
-66
-306
-303
55
544
922
1218
1463
1472
1241
845
277
-332
-861
-1493
-2430
-3301
-3640
-3655
-3575
-3191
-2425
-1619
-1152
-883
-542
-259
-115
-115
-314
-731
-1158
-1453
-1842
-2268
-2420
-2329
-2368
-2611
-2649
-2383
-2064
-1759
-1291
-694
-279
-25
244
469
554
512
296
-191
-662
-759
-655
-626
-547
-268
-31
22
169
547
957
1178
1301
1474
1571
1589
1651
1785
1826
1685
1527
1284
907
613
505
470
412
465
626
686
737
912
1090
1046
811
577
306
53
-52
0
107
184
313
446
556
694
828
890
761
511
309
179
117
101
88
76
111
210
342
402
381
347
307
246
234
341
454
621
985
1430
1737
1857
1867
1814
1729
1557
1312
1047
778
528
384
388
362
225
115
80
98
134
185
216
180
178
166
60
-115
-281
-336
-189
94
386
577
606
488
306
46
-435
-1017
-1467
-1813
-2188
-2598
-2927
-3216
-3497
-3563
-3387
-3053
-2655
-2223
-1765
-1413
-1097
-738
-475
-405
-440
-546
-869
-1407
-1918
-2276
-2555
-2829
-3001
-3000
-2921
-2715
-2257
-1654
-1040
-453
42
350
499
641
729
635
452
323
254
226
258
350
436
496
543
574
660
833
1022
1173
1335
1646
2082
2441
2619
2649
2578
2431
2220
1971
1690
1427
1262
1144
1043
966
877
742
609
597
637
594
494
354
212
196
319
455
607
821
1003
1060
1040
1006
943
819
658
466
215
-87
-357
-433
-313
-177
-89
-4
45
53
137
288
403
480
615
811
970
1110
1259
1324
1209
1026
907
728
415
144
-8
-126
-220
-208
-97
15
112
240
379
389
275
139
-117
-524
-926
-1194
-1382
-1592
-1745
-1797
-1720
-1402
-789
-43
487
719
914
1112
1008
517
-46
-577
-1221
-1956
-2618
-3180
-3734
-4115
-4085
-3782
-3444
-3046
-2518
-2025
-1644
-1192
-684
-391
-365
-354
-319
-478
-791
-997
-1164
-1471
-1771
-1909
-1963
-1991
-1892
-1596
-1235
-948
-743
-577
-411
-171
222
649
1004
1268
1457
1624
1761
1836
1844
1720
1458
1249
1221
1272
1292
1365
1502
1623
1800
2117
2511
2831
2948
2891
2756
2610
2483
2367
2235
2043
1784
1452
1143
962
801
609
449
310
175
95
142
269
410
611
777
777
706
651
583
485
366
219
62
-89
-244
-368
-393
-351
-335
-326
-263
-176
-155
-239
-382
-457
-439
-392
-354
-268
-133
-45
-11
19
17
-77
-228
-442
-686
-899
-1015
-1054
-1095
-1041
-878
-758
-694
-578
-460
-449
-485
-488
-491
-539
-679
-856
-944
-968
-1013
-1090
-1191
-1331
-1398
-1101
-414
313
792
1031
1197
1315
1226
840
288
-286
-974
-1852
-2673
-3172
-3331
-3170
-2770
-2306
-1806
-1226
-716
-386
-83
342
658
598
309
80
11
-111
-357
-516
-600
-772
-1094
-1381
-1459
-1402
-1312
-1241
-1089
-767
-399
-45
383
954
1560
2010
2234
2318
2360
2382
2283
1997
1673
1422
1208
1022
988
1171
1391
1533
1693
1920
2236
2574
2882
3143
3325
3434
3404
3280
3124
2806
2247
1538
834
214
-338
-836
-1264
-1549
-1618
-1526
-1316
-1033
-695
-319
51
400
642
662
520
350
98
-283
-680
-1036
-1442
-1871
-2193
-2357
-2401
-2362
-2264
-2129
-1937
-1655
-1343
-1047
-792
-606
-469
-358
-240
-175
-198
-337
-570
-781
-911
-975
-1057
-1153
-1133
-979
-738
-385
40
383
542
635
773
867
889
833
668
501
409
312
135
-41
-127
-159
-164
-135
-148
-295
-409
-58
818
1733
2260
2468
2606
2587
2218
1545
776
-30
-835
-1478
-1916
-2177
-2207
-2010
-1692
-1311
-827
-337
-144
-213
-212
-7
104
-85
-283
-302
-309
-443
-531
-484
-560
-931
-1433
-1828
-2029
-2125
-2193
-2204
-2045
-1662
-1190
-695
-98
609
1213
1628
2007
2374
2578
2520
2284
1953
1533
1122
746
336
14
-53
75
227
463
951
1569
2148
2660
3136
3501
3545
3315
2988
2588
1987
1166
327
-435
-1098
-1610
-1998
-2235
-2318
-2234
-1973
-1659
-1305
-885
-461
-121
79
202
213
67
-172
-424
-642
-885
-1173
-1481
-1842
-2198
-2457
-2610
-2666
-2625
-2458
-2193
-1848
-1452
-1087
-730
-350
-63
54
86
82
-60
-365
-671
-778
-679
-517
-328
-20
402
819
1202
1600
1900
2017
1930
1697
1450
1199
970
767
595
544
557
504
341
169
78
-24
-108
-109
-40
92
212
453
1014
1904
2889
3549
3831
3915
3776
3230
2193
959
-237
-1290
-2123
-2810
-3227
-3252
-2923
-2365
-1691
-876
-87
457
725
814
930
1052
918
515
111
-112
-293
-614
-967
-1222
-1514
-2017
-2567
-2815
-2776
-2700
-2597
-2306
-1722
-896
-54
647
1284
1935
2487
2738
2650
2360
1932
1427
921
427
-46
-481
-861
-1128
-1081
-606
85
796
1500
2189
2833
3388
3761
3813
3514
2923
2097
1134
116
-898
-1797
-2470
-2873
-3007
-2920
-2634
-2184
-1615
-1022
-534
-147
160
357
444
410
300
170
-60
-390
-741
-1067
-1419
-1815
-2119
-2286
-2352
-2294
-2054
-1668
-1257
-832
-405
-54
167
280
361
346
227
89
-47
-157
-226
-194
-29
223
613
1083
1512
1866
2090
2181
2117
1915
1692
1438
1098
711
428
270
99
-28
-6
99
167
233
399
572
649
648
613
543
404
346
440
482
463
647
1198
1789
1970
1822
1636
1452
1022
204
-736
-1556
-2203
-2683
-2969
-3048
-2966
-2658
-2052
-1344
-727
-160
331
542
468
463
623
636
363
52
-174
-482
-949
-1416
-1784
-2151
-2617
-3046
-3243
-3170
-2877
-2386
-1640
-720
204
1050
1813
2483
2989
3173
2979
2514
1908
1280
737
342
1
-353
-621
-748
-669
-304
266
892
1478
2069
2630
3052
3345
3480
3372
2926
2160
1263
372
-459
-1264
-1978
-2394
-2540
-2562
-2450
-2123
-1575
-970
-437
-26
245
413
414
226
-65
-358
-621
-927
-1334
-1728
-1899
-1848
-1798
-1740
-1527
-1232
-1038
-951
-814
-592
-413
-328
-296
-257
-186
-51
139
228
215
268
360
392
475
715
1004
1264
1563
1868
2101
2314
2421
2249
1887
1571
1244
720
89
-459
-841
-1038
-1037
-877
-568
-125
317
661
944
1228
1463
1575
1570
1434
1212
1005
803
632
709
1120
1459
1323
940
678
364
-257
-1065
-1771
-2276
-2628
-2771
-2695
-2421
-1973
-1439
-912
-416
34
383
500
410
269
236
298
174
-217
-650
-982
-1401
-2018
-2574
-2934
-3342
-3756
-3801
-3335
-2541
-1602
-536
502
1390
2113
2537
2612
2526
2335
1865
1144
528
100
-340
-648
-736
-708
-612
-377
-48
201
516
1074
1691
2215
2731
3272
3600
3492
3124
2556
1732
719
-347
-1291
-2050
-2587
-2863
-2795
-2308
-1605
-906
-202
398
699
636
366
33
-376
-763
-1040
-1162
-1133
-887
-454
-116
86
186
112
-158
-514
-866
-1292
-1740
-2010
-2015
-1775
-1350
-840
-333
92
461
741
914
1025
997
946
1050
1326
1598
1729
1909
2121
2216
2198
2069
1750
1258
703
160
-249
-438
-521
-667
-666
-422
-89
247
679
1191
1525
1715
1887
1872
1633
1517
1593
1462
1053
732
460
81
-221
-260
-69
248
481
432
273
294
224
-243
-867
-1309
-1646
-2056
-2304
-2324
-2344
-2210
-1700
-1078
-622
-154
324
396
183
89
-36
-468
-1050
-1602
-2120
-2537
-2761
-2920
-3032
-2894
-2617
-2440
-2208
-1625
-837
-150
474
1071
1578
2023
2353
2450
2374
2309
2037
1354
667
291
-22
-389
-585
-545
-377
-53
486
1045
1562
2127
2555
2672
2637
2626
2468
2005
1377
793
281
-227
-688
-1056
-1326
-1477
-1514
-1495
-1373
-1164
-1091
-1231
-1407
-1443
-1375
-1230
-1017
-813
-621
-436
-243
-34
121
111
-115
-507
-941
-1334
-1645
-1836
-1984
-2165
-2210
-2000
-1674
-1352
-943
-426
-10
234
476
760
1049
1310
1498
1669
1819
1930
1986
1970
1820
1520
1265
1124
1019
899
765
637
523
478
496
539
701
894
940
978
1212
1519
1730
1899
2033
2096
2172
2348
2455
2308
2001
1704
1422
1083
659
260
110
338
653
625
348
129
-77
-497
-1063
-1511
-1767
-1870
-1827
-1746
-1692
-1558
-1271
-961
-788
-735
-793
-995
-1299
-1573
-1718
-1784
-1914
-2174
-2365
-2274
-2037
-1965
-2006
-1963
-1914
-1941
-1799
-1318
-763
-373
-56
265
561
780
826
682
448
230
-51
-351
-528
-621
-656
-579
-338
9
336
609
772
852
972
1134
1246
1209
1046
881
732
533
230
-69
-230
-378
-572
-636
-561
-580
-741
-775
-638
-600
-745
-956
-1084
-1020
-811
-644
-570
-476
-379
-346
-256
-37
120
82
-67
-284
-582
-899
-1125
-1241
-1311
-1338
-1316
-1198
-940
-610
-245
169
624
1078
1520
2010
2500
2803
2901
2936
2928
2721
2365
2085
1883
1625
1401
1390
1468
1420
1361
1395
1377
1284
1218
1152
1065
1034
1053
1138
1423
1813
1965
2059
2449
2906
3027
2874
2724
2417
1767
1029
406
-184
-770
-1222
-1325
-1020
-568
-306
-196
-4
78
-281
-904
-1423
-1820
-2192
-2396
-2470
-2607
-2711
-2549
-2170
-1871
-1721
-1661
-1769
-2041
-2266
-2268
-2142
-2063
-2122
-2198
-2112
-2016
-2038
-1981
-1764
-1608
-1685
-1752
-1556
-1309
-1196
-1163
-1057
-824
-531
-248
-23
204
382
361
262
281
441
624
759
886
1037
1197
1338
1437
1436
1381
1314
1108
734
471
383
260
116
39
40
36
38
41
-61
-179
-296
-471
-601
-604
-523
-506
-505
-361
-130
45
139
171
195
208
142
80
91
89
-31
-191
-273
-338
-393
-440
-538
-718
-951
-1090
-1026
-771
-450
-65
428
972
1495
1982
2440
2742
2764
2565
2254
1932
1689
1517
1384
1346
1416
1506
1561
1627
1638
1458
1167
889
701
638
675
717
778
984
1393
1861
2280
2621
2784
2706
2488
2228
1939
1588
1132
597
80
-340
-683
-979
-1128
-946
-456
39
287
364
330
5
-624
-1287
-1772
-2090
-2378
-2650
-2863
-3009
-3058
-2933
-2682
-2461
-2367
-2365
-2397
-2521
-2567
-2344
-2032
-1874
-1838
-1763
-1643
-1631
-1765
-1943
-2146
-2419
-2662
-2720
-2573
-2330
-1996
-1604
-1178
-695
-259
29
199
338
442
463
483
594
719
855
1054
1290
1507
1568
1420
1182
923
695
520
345
208
188
351
617
777
850
959
1035
1002
871
681
476
284
134
75
136
255
336
324
230
188
294
427
431
350
273
252
283
398
569
670
717
715
595
360
65
-228
-606
-1053
-1326
-1289
-1036
-630
-78
538
1164
1772
2270
2585
2810
2872
2629
2270
2018
1780
1423
1088
867
613
368
285
286
234
169
154
206
448
887
1239
1386
1570
1930
2290
2532
2597
2450
2273
2172
1894
1328
899
771
534
49
-301
-428
-676
-1103
-1419
-1381
-1014
-663
-632
-826
-862
-798
-1095
-1730
-2212
-2459
-2730
-3016
-3257
-3502
-3667
-3604
-3428
-3309
-3096
-2785
-2687
-2723
-2519
-1989
-1491
-1288
-1291
-1295
-1175
-1057
-1118
-1336
-1547
-1741
-2026
-2234
-2122
-1823
-1584
-1337
-962
-519
-48
429
807
1051
1276
1524
1701
1832
1956
2043
2021
1888
1747
1583
1342
1018
771
660
561
498
576
783
1056
1317
1499
1604
1680
1698
1605
1410
1153
839
456
74
-227
-378
-445
-539
-657
-742
-680
-494
-342
-243
-68
158
304
433
687
932
984
864
668
414
115
-218
-622
-1101
-1532
-1728
-1645
-1328
-814
-203
333
790
1301
1812
2188
2433
2548
2460
2209
1971
1744
1466
1184
947
816
795
839
912
985
1013
969
929
946
997
1079
1180
1278
1383
1503
1635
1774
1909
1993
1954
1744
1425
1093
767
339
-229
-795
-1217
-1544
-1848
-1972
-1784
-1425
-1162
-1034
-923
-889
-1088
-1494
-2027
-2559
-2944
-3113
-3215
-3373
-3429
-3283
-3001
-2699
-2424
-2228
-2162
-2211
-2246
-2183
-2046
-1909
-1834
-1772
-1623
-1425
-1321
-1374
-1527
-1717
-1949
-2159
-2233
-2115
-1837
-1454
-976
-441
104
591
955
1165
1273
1384
1526
1637
1665
1694
1778
1828
1801
1769
1723
1584
1400
1275
1199
1118
1068
1141
1291
1424
1544
1688
1831
1901
1939
1933
1742
1351
873
448
107
-113
-122
4
133
223
372
612
820
910
883
762
534
259
145
219
324
359
292
177
30
-117
-249
-404
-616
-840
-951
-912
-746
-438
-80
242
562
893
1218
1515
1769
1892
1772
1496
1203
883
564
379
320
244
161
211
348
456
514
477
431
452
497
529
570
653
757
956
1281
1567
1706
1729
1601
1247
772
422
117
-317
-828
-1341
-1777
-2086
-2187
-1986
-1566
-1144
-891
-776
-690
-690
-886
-1298
-1797
-2213
-2570
-2890
-3137
-3274
-3281
-3147
-2916
-2724
-2654
-2632
-2555
-2433
-2300
-2146
-1954
-1779
-1619
-1417
-1118
-786
-590
-580
-691
-847
-1016
-1145
-1167
-1113
-1037
-903
-646
-259
186
660
1143
1593
2015
2376
2612
2739
2789
2725
2561
2403
2254
2048
1833
1689
1590
1478
1430
1499
1643
1849
2051
2192
2249
2220
2145
2002
1804
1623
1420
1142
799
503
340
214
123
105
103
54
-51
-137
-214
-362
-517
-638
-794
-964
-1016
-851
-608
-448
-332
-227
-199
-285
-407
-558
-877
-1371
-1798
-1961
-1875
-1631
-1274
-866
-476
-80
312
660
926
1022
919
693
505
381
256
185
212
281
355
467
620
699
611
480
409
390
407
486
608
700
842
1146
1479
1696
1834
1922
1871
1606
1262
930
541
72
-491
-1117
-1687
-2039
-2032
-1694
-1228
-844
-613
-445
-368
-515
-853
-1288
-1748
-2120
-2329
-2423
-2538
-2585
-2420
-2087
-1737
-1520
-1476
-1594
-1836
-2059
-2116
-2061
-1991
-1903
-1709
-1396
-1030
-639
-299
-87
-35
-119
-223
-236
-160
8
245
488
709
987
1332
1641
1957
2276
2418
2345
2259
2231
2161
2110
2177
2207
2135
2172
2353
2501
2563
2625
2625
2453
2229
2096
1995
1844
1636
1367
1081
806
547
308
103
-84
-288
-444
-498
-526
-571
-607
-722
-945
-1163
-1330
-1536
-1769
-1915
-2002
-2086
-2031
-1745
-1379
-1093
-913
-852
-928
-1060
-1211
-1401
-1637
-1954
-2367
-2679
-2611
-2246
-1841
-1376
-767
-137
369
801
1171
1364
1383
1275
1033
722
491
339
158
6
28
229
468
663
824
967
1064
1128
1211
1359
1524
1688
1901
2123
2378
2741
3056
3078
2770
2359
1908
1309
638
-29
-649
-1208
-1634
-1777
-1654
-1367
-891
-286
201
484
660
654
269
-375
-948
-1424
-1878
-2239
-2440
-2589
-2760
-2738
-2478
-2235
-2196
-2314
-2491
-2671
-2699
-2366
-1843
-1449
-1144
-787
-424
-102
213
485
477
129
-289
-578
-674
-618
-437
-178
30
226
557
1010
1460
1792
2042
2188
2167
2154
2261
2343
2322
2277
2232
2068
1868
1823
1810
1645
1377
1114
866
641
554
608
627
575
519
492
536
661
794
808
607
269
-101
-496
-922
-1314
-1605
-1924
-2320
-2579
-2620
-2531
-2323
-2029
-1777
-1637
-1441
-1087
-707
-420
-283
-346
-585
-859
-1028
-1126
-1250
-1467
-1738
-1885
-1764
-1394
-904
-422
9
390
769
1148
1474
1696
1758
1645
1432
1238
1151
1107
1027
952
929
960
993
1029
1076
1114
1222
1400
1558
1707
1860
1995
2079
2196
2381
2456
2360
2139
1750
1300
878
465
19
-393
-648
-822
-1014
-1127
-1067
-830
-513
-263
-168
-250
-403
-626
-1007
-1474
-1884
-2176
-2346
-2441
-2496
-2524
-2451
-2289
-2114
-1894
-1698
-1683
-1804
-1890
-1831
-1633
-1351
-1044
-817
-665
-442
-131
116
240
258
157
-97
-350
-421
-343
-152
127
442
764
1110
1452
1700
1877
2012
1995
1819
1622
1505
1460
1463
1520
1539
1479
1457
1493
1424
1217
1016
825
562
326
274
381
545
694
796
918
1113
1261
1195
913
513
-8
-641
-1230
-1690
-2059
-2320
-2482
-2592
-2576
-2334
-1990
-1690
-1428
-1212
-1086
-996
-827
-646
-609
-709
-865
-1063
-1224
-1215
-1147
-1224
-1421
-1552
-1533
-1380
-1036
-600
-261
42
444
847
1209
1591
1914
2063
2037
1946
1858
1791
1724
1642
1552
1502
1536
1633
1753
1857
1929
2034
2189
2277
2236
2153
2102
2001
1873
1869
1949
1885
1671
1541
1486
1316
1071
836
530
90
-380
-821
-1188
-1281
-1049
-801
-826
-962
-1018
-1104
-1298
-1582
-1953
-2349
-2678
-2915
-3051
-3019
-2828
-2549
-2230
-1914
-1703
-1670
-1785
-2010
-2228
-2242
-2091
-2024
-2070
-1977
-1648
-1272
-939
-601
-379
-422
-584
-677
-672
-581
-379
-125
70
266
541
874
1174
1425
1629
1703
1617
1474
1403
1484
1654
1752
1749
1735
1666
1479
1295
1175
1090
1001
898
833
862
1015
1228
1385
1433
1371
1214
985
699
370
11
-342
-652
-928
-1148
-1283
-1351
-1366
-1332
-1295
-1281
-1242
-1150
-1074
-1103
-1202
-1257
-1208
-1059
-854
-670
-569
-544
-572
-609
-585
-524
-522
-592
-629
-531
-276
92
463
746
920
1019
1100
1172
1247
1298
1231
1105
1032
1033
1070
1139
1206
1245
1312
1460
1665
1824
1906
1918
1855
1715
1524
1371
1218
989
763
648
652
731
899
1080
1120
1084
1049
895
518
30
-475
-969
-1283
-1292
-1058
-832
-750
-770
-891
-1121
-1435
-1798
-2176
-2543
-2888
-3160
-3257
-3122
-2780
-2346
-1927
-1617
-1462
-1430
-1526
-1722
-1890
-1956
-1940
-1897
-1791
-1552
-1243
-909
-574
-293
-89
-6
-33
-70
-39
64
226
445
747
1123
1502
1838
2109
2297
2382
2338
2171
1940
1759
1695
1702
1722
1725
1713
1707
1687
1613
1532
1441
1296
1191
1170
1233
1354
1487
1573
1500
1300
1032
683
310
-59
-423
-761
-1005
-1136
-1213
-1257
-1311
-1402
-1553
-1732
-1881
-1968
-1947
-1855
-1778
-1740
-1698
-1608
-1494
-1351
-1199
-1140
-1183
-1266
-1361
-1418
-1344
-1196
-1101
-1009
-816
-572
-370
-153
97
304
486
664
826
957
1067
1206
1324
1396
1460
1548
1638
1678
1708
1735
1714
1729
1835
1928
1906
1849
1806
1716
1595
1464
1276
1158
1204
1284
1373
1570
1817
1919
1839
1653
1296
752
168
-364
-720
-830
-753
-685
-715
-725
-750
-988
-1388
-1767
-2064
-2361
-2636
-2829
-2965
-2932
-2694
-2385
-2045
-1670
-1327
-1182
-1250
-1360
-1493
-1627
-1772
-1914
-1871
-1635
-1403
-1173
-865
-527
-288
-120
46
159
210
242
318
460
686
992
1239
1335
1461
1700
1878
1926
1941
1907
1786
1632
1516
1469
1470
1420
1300
1204
1152
1159
1184
1113
1007
979
977
903
768
717
672
449
102
-210
-457
-643
-737
-737
-693
-709
-847
-1059
-1240
-1334
-1381
-1504
-1764
-2081
-2272
-2267
-2177
-2096
-2012
-1908
-1775
-1647
-1485
-1255
-1095
-1043
-982
-920
-858
-712
-508
-372
-330
-287
-219
-150
-50
144
424
671
815
1011
1309
1553
1704
1787
1827
1854
1860
1807
1736
1762
1850
1893
1925
2044
2165
2136
2014
1912
1838
1793
1770
1762
1788
1861
1979
2067
2088
2141
2177
1995
1560
985
339
-190
-336
-138
60
52
-98
-260
-413
-670
-1070
-1594
-2160
-2672
-3102
-3407
-3601
-3600
-3329
-2871
-2370
-1960
-1670
-1479
-1356
-1291
-1214
-1173
-1345
-1698
-1942
-1882
-1701
-1595
-1578
-1624
-1716
-1781
-1681
-1440
-1172
-909
-685
-434
5
635
1217
1578
1807
1983
2088
2155
2208
2171
1990
1723
1441
1224
1128
1111
1014
793
600
525
536
583
676
822
953
1014
1005
969
926
831
671
443
142
-185
-437
-536
-470
-339
-304
-416
-604
-818
-1099
-1431
-1765
-2104
-2428
-2611
-2555
-2333
-2074
-1829
-1563
-1283
-1049
-874
-745
-634
-553
-548
-601
-655
-645
-568
-446
-332
-284
-232
-132
-5
155
340
546
805
1140
1510
1848
2153
2431
2601
2628
2620
2612
2595
2532
2400
2295
2236
2200
2179
2151
2097
2036
1983
1951
1933
1939
1966
1936
1851
1782
1728
1649
1554
1416
1154
778
481
451
625
746
677
513
276
-139
-798
-1586
-2281
-2820
-3259
-3676
-4034
-4222
-4161
-3909
-3588
-3217
-2814
-2481
-2331
-2288
-2186
-2069
-2071
-2187
-2324
-2429
-2479
-2476
-2435
-2365
-2354
-2456
-2532
-2364
-1931
-1448
-1044
-671
-284
139
605
1062
1449
1769
1977
2009
1984
2046
2190
2263
2180
2048
1961
1923
1866
1785
1681
1544
1394
1250
1201
1248
1325
1428
1511
1540
1543
1533
1453
1304
1149
964
674
321
46
-72
-127
-204
-263
-362
-552
-794
-1029
-1228
-1391
-1500
-1574
-1643
-1708
-1670
-1519
-1341
-1152
-986
-924
-989
-1115
-1218
-1260
-1271
-1271
-1265
-1274
-1253
-1095
-834
-606
-419
-240
-35
210
472
774
1094
1375
1605
1782
1906
1967
1989
2020
2014
1935
1818
1705
1612
1508
1380
1277
1258
1325
1436
1593
1758
1821
1821
1805
1698
1567
1466
1375
1283
1165
1036
881
687
639
902
1327
1534
1447
1268
1004
485
-297
-1157
-1983
-2821
-3633
-4267
-4642
-4770
-4645
-4296
-3838
-3324
-2738
-2139
-1665
-1267
-858
-567
-536
-682
-859
-1050
-1307
-1617
-1990
-2342
-2604
-2779
-2808
-2670
-2364
-1877
-1277
-678
-94
573
1229
1694
2014
2304
2486
2451
2344
2365
2459
2409
2276
2217
2178
2102
1994
1843
1665
1535
1450
1307
1217
1268
1317
1350
1481
1607
1563
1446
1315
1096
823
526
185
-191
-476
-621
-759
-844
-813
-785
-760
-679
-650
-729
-836
-1005
-1268
-1541
-1670
-1676
-1783
-1902
-1853
-1777
-1814
-1827
-1762
-1708
-1663
-1567
-1397
-1199
-995
-777
-644
-513
-242
-6
76
170
342
467
605
843
1089
1299
1495
1683
1793
1847
1875
1792
1609
1434
1286
1094
904
844
886
965
1105
1284
1362
1356
1382
1376
1319
1204
1031
857
701
603
555
520
443
417
688
1250
1819
2092
2095
2006
1654
943
114
-684
-1529
-2459
-3304
-3959
-4419
-4501
-4181
-3663
-3104
-2469
-1724
-1103
-680
-272
106
204
-44
-405
-675
-860
-1059
-1316
-1589
-1920
-2338
-2656
-2698
-2474
-2133
-1809
-1412
-901
-343
250
896
1511
1974
2325
2571
2682
2682
2679
2643
2483
2260
2060
1879
1627
1364
1169
925
629
428
439
561
728
959
1184
1406
1638
1821
1831
1679
1480
1124
517
-125
-634
-1105
-1496
-1699
-1845
-1990
-1990
-1847
-1694
-1475
-1171
-1015
-1087
-1187
-1274
-1395
-1486
-1454
-1366
-1354
-1402
-1463
-1541
-1622
-1668
-1759
-1925
-2047
-2028
-1957
-1894
-1695
-1331
-961
-568
-51
513
984
1356
1696
1995
2274
2523
2659
2690
2702
2674
2537
2347
2179
2016
1821
1578
1340
1186
1138
1106
1047
1061
1183
1281
1300
1334
1403
1458
1494
1489
1387
1306
1331
1334
1230
1214
1532
2074
2496
2634
2550
2298
1769
927
1
-880
-1759
-2683
-3592
-4317
-4679
-4617
-4244
-3685
-3036
-2394
-1835
-1427
-1101
-737
-433
-333
-483
-768
-998
-1175
-1372
-1589
-1805
-2151
-2696
-3250
-3581
-3594
-3393
-3125
-2813
-2370
-1722
-923
-108
664
1393
2027
2397
2482
2553
2673
2642
2387
2041
1683
1321
985
679
403
213
145
151
258
559
1005
1410
1719
2051
2362
2446
2298
2057
1731
1254
668
102
-404
-806
-1065
-1208
-1278
-1250
-1125
-1022
-927
-777
-613
-478
-392
-368
-390
-391
-384
-416
-421
-408
-524
-841
-1239
-1539
-1777
-2035
-2186
-2171
-2094
-1978
-1755
-1423
-1032
-649
-267
136
532
943
1290
1546
1786
2005
2180
2311
2404
2444
2382
2228
2043
1834
1567
1290
1033
804
664
604
592
660
815
973
1115
1259
1371
1416
1416
1408
1360
1296
1279
1239
1122
1020
1007
1140
1487
1974
2333
2333
2050
1612
962
60
-980
-1974
-2811
-3466
-3935
-4264
-4396
-4187
-3683
-3113
-2580
-2027
-1546
-1289
-1191
-1073
-898
-859
-1021
-1211
-1272
-1252
-1341
-1562
-1824
-2166
-2633
-3136
-3457
-3490
-3337
-3025
-2567
-1976
-1224
-341
593
1433
2149
2773
3134
3170
3047
2882
2649
2278
1836
1428
1054
713
438
227
115
196
410
660
1008
1504
2062
2577
2996
3239
3248
3041
2658
2086
1367
677
56
-547
-1018
-1228
-1292
-1346
-1345
-1254
-1121
-970
-779
-586
-472
-386
-299
-287
-263
-123
0
-45
-235
-504
-860
-1309
-1798
-2266
-2615
-2785
-2843
-2833
-2674
-2295
-1833
-1384
-866
-295
225
659
1053
1421
1691
1861
1960
2006
2101
2294
2420
2349
2204
2060
1817
1436
1076
794
506
226
26
-83
-116
-36
66
139
343
655
846
890
993
1209
1383
1430
1429
1381
1314
1367
1601
1999
2392
2494
2180
1641
1076
388
-527
-1537
-2425
-3096
-3522
-3749
-3832
-3699
-3305
-2741
-2155
-1594
-1090
-760
-667
-669
-631
-613
-686
-822
-972
-1126
-1252
-1361
-1594
-1976
-2386
-2758
-3091
-3267
-3137
-2786
-2298
-1683
-977
-206
581
1308
1939
2481
2829
2891
2712
2470
2260
2017
1768
1503
1168
828
540
275
112
229
489
712
1025
1606
2361
3044
3566
3864
3826
3430
2766
1936
1063
275
-445
-1114
-1553
-1716
-1709
-1608
-1426
-1205
-1070
-998
-921
-871
-856
-766
-604
-509
-410
-195
34
119
20
-172
-468
-912
-1444
-1983
-2523
-3012
-3381
-3557
-3464
-3102
-2570
-1998
-1376
-732
-140
373
794
1159
1439
1647
1813
1938
2146
2442
2654
2662
2537
2374
2165
1872
1486
1073
643
228
-68
-146
-73
-10
22
91
185
329
585
850
1004
1098
1247
1432
1533
1554
1563
1601
1721
2013
2442
2713
2616
2229
1632
808
-209
-1316
-2390
-3296
-3905
-4146
-4084
-3824
-3351
-2721
-2073
-1475
-931
-521
-345
-295
-237
-201
-257
-397
-557
-688
-839
-1120
-1505
-1897
-2288
-2694
-2992
-3085
-3057
-2968
-2681
-2092
-1305
-459
390
1179
1785
2262
2660
2838
2794
2652
2447
2156
1809
1462
1108
718
316
-33
-249
-316
-216
78
505
1085
1826
2571
3171
3579
3722
3485
2862
2021
1120
267
-490
-1129
-1545
-1743
-1826
-1827
-1736
-1593
-1478
-1412
-1426
-1477
-1428
-1226
-938
-637
-238
220
589
868
990
860
434
-161
-801
-1527
-2289
-2941
-3372
-3607
-3611
-3314
-2839
-2296
-1641
-908
-243
302
720
1015
1230
1442
1693
1965
2254
2538
2709
2728
2691
2544
2262
1921
1591
1269
890
515
252
135
105
82
62
126
289
493
732
967
1173
1370
1585
1823
2039
2195
2305
2321
2238
2146
2162
2282
2235
1906
1433
872
114
-784
-1603
-2310
-2904
-3328
-3511
-3524
-3371
-2974
-2434
-1905
-1457
-1018
-667
-539
-527
-545
-647
-863
-1145
-1411
-1650
-1950
-2297
-2599
-2815
-2992
-3159
-3204
-3106
-2921
-2637
-2198
-1678
-1102
-419
310
959
1440
1863
2232
2353
2214
1986
1748
1365
890
497
134
-212
-438
-472
-381
-199
167
693
1293
1928
2575
3106
3453
3599
3489
3092
2461
1744
965
184
-417
-772
-967
-1069
-1061
-1014
-988
-943
-931
-959
-1006
-1041
-937
-687
-318
153
642
1077
1386
1512
1471
1246
793
160
-576
-1346
-2016
-2546
-2877
-2975
-2912
-2641
-2167
-1619
-1085
-569
-81
335
641
888
1160
1422
1643
1868
2112
2299
2369
2354
2216
1956
1638
1252
834
459
183
-21
-179
-292
-358
-341
-247
-123
-15
98
287
554
872
1209
1547
1837
1956
1997
2079
2064
1859
1576
1326
1159
1038
869
567
163
-250
-711
-1303
-1982
-2613
-3068
-3268
-3301
-3233
-3006
-2553
-1971
-1449
-1033
-641
-327
-270
-465
-731
-958
-1186
-1492
-1817
-2056
-2241
-2414
-2501
-2494
-2527
-2644
-2719
-2652
-2431
-2105
-1669
-1084
-368
393
1051
1542
1941
2283
2499
2494
2226
1801
1364
966
633
428
319
258
320
545
845
1118
1438
1884
2352
2722
2989
3185
3298
3254
3012
2550
1959
1369
781
191
-316
-628
-795
-956
-1116
-1179
-1109
-977
-916
-900
-823
-687
-453
-149
142
390
533
555
474
325
115
-202
-663
-1241
-1755
-2110
-2446
-2766
-2930
-2896
-2709
-2431
-2054
-1619
-1151
-624
-155
253
703
1140
1492
1746
1976
2191
2290
2274
2161
1956
1690
1352
992
599
180
-122
-283
-393
-480
-481
-370
-245
-121
92
392
777
1166
1514
1822
2014
2129
2226
2219
2096
1887
1549
1094
583
173
-8
9
10
-231
-586
-838
-1075
-1467
-1977
-2401
-2624
-2686
-2574
-2329
-1970
-1458
-908
-468
-150
153
366
253
-109
-440
-671
-948
-1371
-1798
-2032
-2069
-2020
-1958
-1861
-1742
-1699
-1751
-1717
-1447
-1029
-580
-138
356
941
1528
2015
2359
2592
2679
2526
2120
1608
1181
853
590
379
208
183
392
734
1077
1500
2004
2379
2529
2582
2660
2685
2529
2226
1826
1394
972
514
50
-389
-791
-1122
-1333
-1418
-1420
-1342
-1238
-1203
-1237
-1250
-1188
-1091
-968
-742
-453
-279
-214
-140
-88
-137
-325
-629
-996
-1354
-1737
-2172
-2483
-2635
-2700
-2719
-2652
-2408
-2063
-1702
-1260
-711
-133
378
744
985
1256
1569
1793
1897
1880
1813
1735
1543
1269
1005
711
358
-29
-352
-426
-348
-390
-485
-418
-136
264
670
1095
1558
1947
2197
2365
2465
2573
2677
2567
2184
1687
1242
831
358
-24
-63
53
-57
-352
-573
-647
-794
-1215
-1777
-2191
-2324
-2272
-2124
-1861
-1462
-972
-534
-206
88
303
277
-91
-638
-1031
-1162
-1230
-1406
-1506
-1434
-1368
-1339
-1306
-1259
-1285
-1534
-1861
-1973
-1803
-1423
-896
-307
326
992
1559
1945
2197
2338
2305
2009
1574
1230
1011
850
715
652
720
867
1033
1197
1456
1833
2055
1987
1821
1721
1655
1510
1292
1041
787
594
380
95
-184
-427
-714
-1117
-1401
-1409
-1403
-1497
-1550
-1541
-1503
-1383
-1136
-850
-639
-546
-570
-584
-484
-401
-450
-612
-827
-1039
-1328
-1655
-1907
-2129
-2341
-2483
-2492
-2354
-2065
-1656
-1266
-940
-521
49
619
1088
1460
1675
1734
1741
1701
1616
1586
1586
1437
1184
995
879
738
558
433
330
274
347
496
672
869
1047
1187
1328
1532
1799
1999
2103
2191
2290
2364
2340
2160
1860
1501
1131
697
157
-222
-318
-283
-272
-366
-452
-569
-838
-1291
-1828
-2163
-2253
-2195
-2058
-1890
-1650
-1298
-865
-484
-206
-47
-124
-429
-755
-992
-1125
-1218
-1369
-1553
-1686
-1711
-1723
-1782
-1825
-1894
-2031
-2151
-2126
-1826
-1255
-605
47
662
1200
1663
1982
2138
2159
2042
1829
1540
1223
952
763
772
940
1134
1276
1329
1364
1416
1461
1435
1294
1133
991
881
863
931
1054
1149
1136
935
570
162
-247
-620
-902
-1088
-1218
-1295
-1277
-1156
-959
-715
-492
-409
-481
-609
-754
-874
-924
-897
-837
-807
-831
-943
-1081
-1203
-1348
-1514
-1723
-1938
-2112
-2223
-2231
-2096
-1758
-1305
-848
-375
84
513
941
1337
1594
1678
1713
1740
1643
1445
1271
1190
1151
1065
930
816
724
632
579
600
695
838
958
1005
1070
1255
1514
1796
2112
2342
2447
2538
2659
2699
2565
2306
1916
1436
972
489
1
-295
-329
-357
-554
-753
-846
-963
-1233
-1641
-2001
-2227
-2347
-2391
-2338
-2118
-1755
-1355
-1024
-750
-514
-405
-495
-752
-1026
-1209
-1345
-1539
-1785
-1904
-1846
-1809
-1936
-2088
-2145
-2199
-2293
-2291
-2057
-1652
-1218
-760
-182
478
1054
1488
1830
2099
2270
2270
2089
1836
1602
1401
1241
1114
1015
966
977
951
861
808
816
840
871
924
1028
1180
1342
1441
1476
1437
1247
906
535
188
-187
-567
-899
-1154
-1300
-1345
-1363
-1379
-1339
-1279
-1236
-1163
-1055
-936
-840
-811
-795
-705
-615
-632
-747
-882
-1007
-1122
-1250
-1422
-1599
-1749
-1842
-1834
-1712
-1490
-1193
-818
-395
53
540
1034
1494
1845
2082
2218
2277
2212
1997
1739
1507
1256
1033
908
783
644
558
580
698
831
946
1033
1123
1231
1367
1556
1755
1937
2100
2286
2417
2459
2435
2239
1878
1407
888
315
-281
-779
-1095
-1110
-925
-776
-710
-686
-703
-873
-1169
-1527
-1868
-2136
-2329
-2345
-2160
-1845
-1481
-1147
-835
-601
-504
-585
-836
-1109
-1369
-1629
-1887
-2079
-2103
-2030
-1974
-1952
-1856
-1680
-1647
-1754
-1789
-1631
-1348
-994
-502
88
723
1311
1714
1922
2040
2134
2141
1975
1709
1543
1472
1365
1292
1296
1311
1308
1260
1175
1105
1049
958
833
719
692
762
866
987
1100
1110
975
750
511
294
-7
-376
-675
-881
-1014
-1047
-952
-826
-714
-683
-747
-778
-784
-816
-930
-1098
-1228
-1262
-1154
-995
-891
-832
-783
-825
-944
-1047
-1211
-1475
-1753
-1952
-1980
-1858
-1688
-1423
-1065
-668
-205
301
814
1293
1700
1962
2064
2085
2058
1957
1744
1499
1290
1087
916
816
784
785
851
971
1109
1227
1354
1540
1712
1891
2116
2352
2580
2763
2871
2892
2804
2579
2227
1767
1190
542
-87
-659
-1132
-1406
-1360
-1081
-909
-867
-753
-641
-735
-1008
-1282
-1518
-1707
-1776
-1738
-1639
-1479
-1293
-1138
-1001
-887
-860
-1000
-1301
-1636
-1872
-1971
-2051
-2125
-2113
-2051
-2004
-2008
-1993
-1896
-1882
-1985
-1996
-1810
-1486
-1073
-575
-62
422
911
1299
1501
1668
1821
1748
1421
1094
931
860
829
859
915
999
1124
1196
1124
993
952
940
875
804
823
988
1225
1410
1445
1353
1219
1035
787
522
236
-65
-331
-495
-534
-503
-485
-528
-621
-682
-681
-666
-715
-853
-1012
-1203
-1336
-1241
-1005
-772
-611
-548
-583
-718
-868
-988
-1193
-1506
-1845
-2140
-2251
-2099
-1750
-1323
-840
-308
273
931
1593
2086
2350
2395
2218
1909
1569
1277
1009
759
611
572
611
734
916
1079
1155
1182
1204
1193
1251
1432
1606
1731
1931
2211
2425
2555
2639
2620
2431
2078
1629
1154
693
192
-401
-995
-1366
-1359
-1126
-911
-740
-573
-474
-488
-632
-909
-1240
-1546
-1790
-1928
-1942
-1882
-1810
-1742
-1658
-1544
-1441
-1519
-1818
-2147
-2338
-2348
-2269
-2194
-2122
-2032
-1936
-1834
-1719
-1594
-1528
-1601
-1729
-1726
-1506
-1104
-647
-207
208
631
1081
1440
1683
1881
1980
1896
1689
1534
1487
1491
1554
1593
1512
1409
1358
1250
1068
923
843
766
699
752
889
1061
1265
1414
1451
1393
1256
1079
902
746
527
219
-48
-254
-391
-472
-546
-673
-900
-1116
-1229
-1266
-1308
-1382
-1447
-1473
-1391
-1132
-841
-645
-547
-520
-540
-657
-858
-1124
-1479
-1868
-2189
-2355
-2263
-1900
-1374
-769
-138
502
1095
1602
2031
2357
2495
2390
2143
1847
1550
1338
1193
1065
996
1041
1145
1213
1274
1359
1426
1468
1497
1543
1619
1755
1932
2111
2303
2497
2645
2629
2478
2298
2002
1570
1077
586
162
-254
-696
-1094
-1321
-1261
-1043
-895
-840
-807
-847
-1015
-1307
-1656
-1931
-2138
-2326
-2440
-2445
-2337
-2187
-2097
-2032
-1923
-1849
-1959
-2220
-2441
-2528
-2509
-2456
-2399
-2311
-2183
-2039
-1892
-1704
-1495
-1365
-1352
-1407
-1380
-1156
-815
-461
-128
207
593
986
1348
1671
1940
2110
2103
1981
1890
1858
1831
1743
1613
1481
1340
1217
1159
1174
1208
1208
1216
1273
1376
1482
1584
1673
1648
1477
1264
1126
1014
853
654
421
193
-26
-205
-356
-543
-752
-962
-1168
-1321
-1374
-1354
-1324
-1288
-1233
-1116
-921
-719
-535
-413
-362
-378
-537
-763
-926
-1094
-1355
-1658
-1863
-1870
-1670
-1295
-819
-324
141
604
1043
1404
1677
1801
1742
1569
1333
1111
980
923
861
784
809
962
1163
1356
1469
1494
1452
1354
1282
1285
1319
1352
1423
1558
1750
1968
2062
1956
1828
1755
1555
1157
709
258
-215
-684
-1114
-1498
-1784
-1865
-1759
-1591
-1377
-1073
-772
-621
-706
-955
-1231
-1475
-1687
-1854
-1975
-2112
-2239
-2239
-2140
-2019
-1949
-1967
-2032
-2139
-2167
-2012
-1778
-1591
-1443
-1259
-1060
-895
-733
-556
-498
-631
-850
-970
-928
-734
-420
-112
232
663
1096
1461
1769
2088
2373
2471
2370
2222
2114
2004
1843
1670
1583
1538
1395
1208
1126
1168
1234
1215
1093
973
962
1019
1042
1012
994
998
918
747
579
449
301
83
-218
-557
-848
-1119
-1391
-1611
-1776
-1895
-1960
-1915
-1779
-1630
-1505
-1382
-1246
-1086
-901
-738
-667
-688
-788
-940
-1115
-1283
-1428
-1585
-1700
-1668
-1424
-1007
-489
35
492
897
1238
1469
1579
1567
1439
1246
1071
976
956
997
1071
1154
1217
1326
1469
1604
1699
1696
1644
1598
1536
1472
1466
1507
1545
1598
1716
1848
1925
1879
1745
1542
1283
993
612
173
-206
-497
-809
-1182
-1540
-1748
-1697
-1420
-1058
-747
-520
-415
-550
-893
-1256
-1480
-1577
-1673
-1838
-2036
-2134
-2079
-1934
-1765
-1660
-1670
-1751
-1831
-1832
-1764
-1626
-1411
-1228
-1148
-1064
-877
-681
-561
-547
-591
-664
-764
-761
-603
-352
-45
295
689
1156
1603
1956
2204
2258
2116
1928
1783
1655
1517
1404
1383
1378
1340
1295
1217
1126
1056
999
922
829
777
852
1006
1129
1253
1374
1413
1390
1331
1174
847
439
22
-406
-744
-966
-1152
-1363
-1563
-1692
-1734
-1728
-1719
-1696
-1655
-1592
-1496
-1319
-1027
-744
-545
-447
-472
-571
-679
-784
-952
-1205
-1469
-1646
-1721
-1666
-1392
-951
-504
-111
273
617
878
1065
1164
1135
999
877
825
780
774
827
905
1001
1113
1219
1273
1279
1252
1211
1180
1154
1153
1184
1267
1395
1526
1691
1894
2079
2170
2112
1910
1601
1189
705
247
-171
-514
-800
-1071
-1280
-1395
-1402
-1288
-1024
-712
-508
-450
-523
-697
-924
-1163
-1392
-1591
-1743
-1867
-1975
-2021
-2019
-2018
-2018
-2028
-2043
-1986
-1862
-1770
-1637
-1387
-1118
-887
-640
-417
-333
-371
-474
-601
-732
-862
-928
-869
-708
-433
-23
472
959
1380
1756
2046
2175
2168
2088
1930
1691
1473
1358
1305
1306
1292
1203
1128
1045
943
880
835
780
747
803
916
1014
1080
1143
1202
1189
1119
1035
852
580
262
-118
-487
-799
-1118
-1432
-1692
-1870
-1939
-1863
-1707
-1566
-1414
-1239
-1057
-830
-566
-353
-218
-210
-320
-475
-624
-763
-895
-1025
-1195
-1324
-1288
-1126
-877
-520
-152
170
482
766
1017
1204
1262
1207
1120
1031
930
864
853
907
1040
1181
1296
1430
1536
1520
1423
1343
1266
1145
1039
973
924
945
1050
1181
1327
1448
1433
1262
1011
748
500
263
5
-280
-519
-690
-847
-999
-1120
-1226
-1298
-1289
-1173
-995
-873
-795
-742
-783
-911
-1046
-1146
-1247
-1356
-1412
-1464
-1576
-1672
-1715
-1720
-1685
-1600
-1461
-1337
-1266
-1146
-970
-812
-671
-504
-331
-234
-215
-222
-226
-200
-193
-199
-120
75
325
584
911
1272
1564
1753
1806
1761
1704
1632
1521
1391
1254
1136
1017
901
818
771
771
782
737
667
642
671
749
820
879
939
970
1012
1030
968
825
558
213
-181
-628
-1036
-1375
-1627
-1780
-1859
-1859
-1796
-1681
-1554
-1436
-1349
-1290
-1219
-1137
-1014
-842
-658
-529
-482
-462
-432
-431
-511
-679
-902
-1108
-1207
-1164
-987
-710
-413
-134
122
353
583
794
968
1093
1140
1149
1141
1125
1162
1247
1311
1364
1394
1406
1417
1378
1268
1158
1067
1020
1038
1042
1102
1205
1293
1411
1472
1500
1504
1352
1052
699
374
110
-86
-201
-305
-461
-646
-811
-939
-1048
-1178
-1316
-1334
-1212
-1040
-824
-557
-343
-309
-440
-626
-790
-919
-1013
-1091
-1264
-1517
-1713
-1786
-1719
-1546
-1323
-1150
-1091
-1010
-789
-465
-164
3
79
108
64
-23
-77
-78
-107
-231
-385
-458
-411
-246
28
372
737
1015
1192
1352
1480
1559
1571
1440
1204
977
866
840
765
657
577
511
421
348
378
498
629
686
688
727
844
1009
1146
1214
1133
852
453
16
-381
-710
-985
-1157
-1317
-1529
-1650
-1650
-1604
-1532
-1434
-1361
-1320
-1216
-1016
-788
-530
-262
-86
-7
22
32
18
-77
-262
-514
-824
-1069
-1176
-1177
-1078
-909
-700
-506
-312
-56
201
473
736
904
1042
1142
1210
1264
1235
1203
1177
1101
1016
989
1018
971
864
794
738
710
747
831
950
1073
1193
1284
1301
1281
1188
1003
809
593
379
194
25
-148
-378
-566
-660
-777
-868
-906
-992
-1105
-1102
-902
-586
-271
-17
70
-52
-344
-645
-821
-958
-1103
-1239
-1442
-1653
-1747
-1668
-1426
-1136
-878
-716
-613
-459
-263
-32
217
344
322
243
165
84
1
-42
-113
-295
-497
-574
-522
-395
-169
138
434
685
924
1193
1392
1432
1351
1171
957
772
627
541
504
469
411
361
405
524
653
781
858
834
760
736
798
906
983
957
800
519
170
-183
-510
-808
-1039
-1157
-1254
-1359
-1383
-1336
-1284
-1287
-1302
-1286
-1282
-1215
-1036
-817
-608
-376
-120
69
205
272
187
-22
-330
-701
-1059
-1336
-1477
-1450
-1290
-1013
-676
-338
14
353
645
852
956
1029
1093
1121
1144
1132
1103
1119
1161
1222
1269
1280
1229
1121
996
895
885
954
1062
1228
1404
1545
1647
1655
1587
1442
1189
860
554
303
99
-86
-298
-537
-734
-852
-899
-855
-757
-679
-697
-793
-917
-908
-675
-348
-156
-94
-84
-214
-456
-690
-877
-1145
-1444
-1653
-1835
-1954
-1885
-1650
-1370
-1095
-769
-463
-250
-49
167
375
465
386
249
86
-102
-260
-374
-525
-719
-905
-1029
-1034
-864
-564
-255
45
346
653
932
1115
1189
1204
1159
1051
932
812
676
534
400
281
232
295
435
556
648
698
687
639
617
678
749
780
739
570
327
34
-288
-538
-709
-842
-999
-1166
-1260
-1277
-1240
-1164
-1100
-1082
-1078
-1056
-951
-741
-457
-173
60
258
386
412
356
230
-9
-356
-734
-1069
-1296
-1394
-1340
-1128
-821
-433
-10
363
645
832
964
1052
1101
1099
1026
918
857
866
851
796
770
784
792
774
746
714
657
650
745
904
1108
1323
1549
1729
1748
1639
1453
1170
780
367
36
-216
-423
-568
-629
-651
-642
-588
-490
-377
-319
-324
-405
-562
-692
-725
-638
-463
-288
-173
-127
-166
-327
-563
-804
-1067
-1324
-1507
-1561
-1508
-1405
-1249
-997
-639
-274
24
234
332
367
360
317
217
91
-16
-118
-233
-357
-452
-527
-601
-640
-662
-658
-608
-481
-265
-11
261
486
625
647
579
543
575
626
629
564
515
509
546
671
793
820
732
628
586
558
559
558
502
405
309
224
108
11
-47
-100
-236
-485
-672
-739
-729
-632
-486
-420
-441
-446
-406
-311
-198
-91
-45
-38
32
91
67
23
-62
-254
-500
-703
-904
-1064
-1102
-1070
-1010
-932
-757
-485
-181
90
257
374
521
658
706
717
756
790
791
778
764
784
791
768
787
751
670
681
779
874
949
1041
1109
1167
1263
1307
1201
961
700
455
202
1
-160
-314
-420
-471
-472
-444
-387
-322
-334
-396
-436
-465
-514
-572
-589
-550
-471
-344
-248
-175
-106
-157
-417
-851
-1244
-1490
-1630
-1711
-1722
-1625
-1441
-1143
-792
-435
-86
192
356
359
288
244
192
88
-48
-186
-332
-489
-657
-808
-904
-974
-1067
-1155
-1132
-924
-623
-284
102
439
675
832
940
1013
1068
1111
1089
974
862
810
746
650
588
608
655
667
682
729
776
796
816
804
722
624
538
439
315
191
84
-43
-159
-235
-269
-227
-136
-67
-50
-73
-151
-272
-357
-427
-527
-593
-563
-438
-315
-218
-123
-105
-161
-269
-454
-669
-887
-1068
-1168
-1209
-1202
-1118
-930
-672
-410
-174
10
160
306
435
525
549
543
558
602
662
744
843
912
943
949
952
992
1053
1087
1088
1103
1176
1297
1408
1449
1409
1326
1220
1059
843
620
395
162
-37
-143
-146
-92
-66
-41
20
64
106
188
260
251
142
41
55
101
66
-57
-224
-470
-823
-1258
-1704
-2042
-2245
-2333
-2321
-2249
-2074
-1733
-1290
-830
-412
-110
32
0
-30
26
51
-22
-205
-424
-608
-772
-912
-1029
-1153
-1294
-1471
-1558
-1462
-1193
-840
-474
-86
290
663
1001
1218
1360
1462
1483
1395
1245
1117
1020
928
824
691
598
557
507
419
346
323
333
375
454
572
665
679
607
520
442
352
246
110
-55
-226
-317
-299
-224
-211
-308
-445
-551
-595
-607
-600
-602
-588
-478
-281
-59
113
216
242
137
-39
-270
-572
-831
-1053
-1239
-1365
-1357
-1192
-944
-636
-297
41
353
618
816
969
1071
1119
1096
1036
983
899
820
766
699
593
512
529
631
770
865
892
891
896
926
971
964
913
884
873
797
600
399
257
137
0
-168
-331
-417
-406
-396
-374
-201
43
134
106
79
94
154
212
185
25
-231
-566
-938
-1325
-1665
-1882
-2024
-2136
-2169
-2054
-1761
-1324
-821
-342
-17
161
286
375
438
485
467
290
14
-213
-392
-582
-760
-919
-1085
-1217
-1250
-1154
-965
-723
-487
-259
47
372
628
850
1054
1178
1215
1246
1241
1142
1005
873
726
572
440
357
273
153
111
128
140
198
360
543
586
555
538
492
368
227
87
-125
-309
-388
-448
-516
-540
-515
-520
-563
-576
-578
-601
-598
-567
-518
-432
-316
-191
-32
147
256
258
191
35
-207
-485
-793
-1086
-1257
-1280
-1215
-1093
-901
-608
-246
144
493
806
1075
1186
1151
1098
1062
951
821
797
813
812
818
871
947
989
995
996
961
899
879
900
938
1000
1089
1144
1126
1052
950
834
693
552
377
180
28
-43
-31
57
220
364
422
418
418
429
438
463
446
383
205
-142
-601
-1098
-1562
-1985
-2301
-2489
-2600
-2631
-2530
-2234
-1809
-1329
-810
-363
-77
19
-6
-45
-135
-306
-566
-830
-1020
-1224
-1426
-1603
-1755
-1881
-1975
-1944
-1797
-1588
-1354
-1107
-816
-490
-127
215
509
792
1044
1227
1299
1256
1157
1055
952
810
631
475
375
326
348
447
628
846
995
1095
1202
1306
1388
1379
1299
1147
901
584
250
-14
-207
-332
-345
-227
-15
174
281
359
420
448
383
258
134
23
-15
20
126
301
476
570
533
333
-4
-442
-931
-1402
-1766
-1956
-1961
-1769
-1428
-968
-435
57
438
754
1040
1213
1186
1018
879
829
811
771
758
799
861
914
881
774
671
583
501
406
377
477
615
775
994
1247
1438
1474
1356
1111
827
523
193
-78
-255
-335
-367
-394
-365
-317
-311
-339
-385
-416
-370
-228
-92
-75
-144
-243
-452
-832
-1315
-1745
-2086
-2388
-2595
-2637
-2543
-2325
-2008
-1621
-1190
-819
-568
-416
-303
-173
-33
34
-25
-186
-366
-455
-552
-791
-1063
-1267
-1435
-1557
-1563
-1437
-1205
-921
-586
-176
273
732
1188
1515
1647
1694
1674
1540
1358
1189
1048
962
965
1049
1168
1237
1244
1236
1183
1119
1076
989
891
901
1002
1063
1031
930
754
469
124
-174
-433
-647
-694
-576
-429
-261
-30
186
315
376
361
245
87
-22
-109
-199
-213
-145
-68
-29
-28
-122
-383
-698
-1000
-1378
-1827
-2205
-2400
-2367
-2112
-1715
-1204
-629
-76
377
696
958
1132
1170
1171
1138
1013
860
834
896
916
870
778
668
517
371
244
115
74
195
395
604
844
1090
1277
1367
1331
1174
966
822
698
445
141
-39
-61
-55
-78
-107
-166
-200
-237
-334
-361
-219
-57
-33
-77
-111
-187
-441
-840
-1206
-1500
-1699
-1793
-1863
-1922
-1910
-1772
-1562
-1333
-1089
-835
-657
-597
-539
-463
-367
-237
-146
-66
31
48
-92
-330
-527
-713
-954
-1133
-1118
-992
-819
-553
-205
173
544
918
1245
1435
1529
1577
1554
1476
1410
1378
1357
1397
1524
1626
1615
1553
1480
1317
1116
927
732
559
482
497
525
569
600
524
361
174
-43
-300
-495
-634
-756
-771
-658
-495
-344
-157
69
197
153
21
-125
-272
-388
-470
-572
-672
-686
-653
-686
-764
-883
-1108
-1401
-1720
-2041
-2293
-2394
-2340
-2128
-1759
-1290
-795
-339
70
444
685
755
754
739
691
618
549
505
525
593
647
694
733
669
571
534
492
518
672
846
1010
1202
1366
1471
1537
1520
1429
1337
1187
936
698
526
404
323
239
140
75
74
111
108
73
70
70
33
-23
-78
-125
-249
-497
-796
-1068
-1298
-1479
-1587
-1601
-1556
-1508
-1429
-1250
-1031
-848
-693
-582
-488
-321
-108
39
79
86
132
122
-4
-165
-303
-464
-682
-901
-1048
-1065
-946
-729
-394
-3
306
569
831
1033
1223
1388
1381
1226
1062
955
930
958
1000
1065
1125
1105
1029
947
796
570
395
303
253
256
296
361
417
429
401
242
-3
-231
-474
-695
-853
-973
-1002
-933
-848
-705
-511
-361
-273
-243
-261
-320
-427
-517
-538
-543
-566
-588
-635
-710
-820
-1002
-1215
-1426
-1646
-1812
-1909
-1965
-1858
-1548
-1165
-757
-344
35
383
695
913
1033
1102
1143
1109
1017
957
951
979
1027
1077
1082
977
816
675
588
570
623
761
977
1217
1454
1664
1760
1755
1727
1618
1454
1276
1062
865
758
688
557
380
189
28
-109
-182
-210
-234
-195
-96
-36
-45
-57
-117
-277
-504
-800
-1128
-1422
-1642
-1771
-1862
-1859
-1731
-1554
-1378
-1221
-1076
-966
-887
-779
-634
-506
-388
-273
-207
-149
-133
-203
-328
-493
-676
-887
-1089
-1198
-1222
-1147
-964
-741
-436
-45
328
641
888
1060
1149
1119
1049
1000
965
956
953
964
1015
1049
1052
1048
1008
914
778
622
509
443
394
399
447
501
533
496
385
200
-8
-206
-456
-697
-845
-910
-904
-812
-651
-444
-233
-94
-44
-73
-136
-249
-396
-491
-520
-526
-535
-499
-473
-540
-683
-888
-1138
-1393
-1577
-1661
-1667
-1525
-1238
-877
-494
-126
219
502
725
860
925
958
974
971
990
1048
1118
1179
1217
1223
1185
1104
1014
899
809
806
885
1000
1119
1269
1443
1614
1735
1813
1803
1670
1475
1261
1052
875
693
545
392
164
-60
-277
-469
-603
-654
-582
-470
-395
-377
-423
-505
-613
-752
-918
-1100
-1292
-1491
-1653
-1763
-1807
-1774
-1686
-1585
-1478
-1383
-1294
-1231
-1195
-1104
-958
-810
-711
-606
-434
-258
-164
-161
-225
-348
-547
-777
-979
-1115
-1129
-998
-766
-483
-129
268
632
912
1123
1288
1333
1204
1037
947
919
909
932
1026
1136
1234
1310
1344
1333
1278
1162
972
731
541
442
394
379
363
307
164
-71
-321
-519
-665
-797
-932
-994
-970
-892
-750
-528
-302
-166
-110
-107
-135
-188
-259
-331
-399
-443
-445
-424
-437
-499
-611
-785
-1023
-1306
-1523
-1636
-1696
-1667
-1498
-1211
-879
-518
-111
283
553
710
822
887
945
1008
1003
972
1010
1108
1236
1356
1397
1337
1208
1031
856
741
713
755
847
1031
1303
1577
1772
1906
1990
1953
1775
1503
1222
968
735
527
314
86
-117
-287
-462
-615
-639
-544
-444
-363
-326
-340
-342
-417
-655
-911
-1074
-1190
-1315
-1435
-1527
-1584
-1606
-1594
-1594
-1620
-1636
-1694
-1769
-1719
-1533
-1299
-1080
-897
-692
-456
-241
-97
-52
-87
-177
-365
-623
-819
-868
-788
-608
-352
-60
255
567
835
996
1048
1085
1095
1014
919
843
787
816
929
1074
1198
1284
1352
1384
1360
1308
1238
1133
1027
946
862
775
722
673
581
446
264
12
-294
-586
-798
-912
-963
-939
-854
-726
-575
-444
-366
-350
-359
-362
-339
-275
-197
-133
-93
-76
-104
-209
-370
-516
-670
-913
-1229
-1525
-1705
-1789
-1765
-1560
-1234
-888
-555
-218
93
345
547
687
764
826
892
941
986
1077
1188
1253
1263
1189
1061
912
718
474
288
280
357
460
634
903
1231
1516
1666
1702
1680
1554
1283
962
662
358
69
-172
-336
-461
-562
-647
-738
-739
-567
-314
-174
-170
-162
-156
-278
-487
-672
-789
-900
-995
-1067
-1134
-1174
-1181
-1154
-1149
-1212
-1308
-1405
-1505
-1554
-1451
-1211
-1006
-879
-730
-531
-371
-287
-191
-110
-111
-205
-320
-366
-370
-336
-214
-39
112
247
415
551
625
701
756
730
661
638
644
642
701
865
1071
1240
1355
1407
1394
1404
1471
1504
1481
1427
1328
1181
1022
896
771
598
378
126
-155
-441
-684
-825
-862
-895
-936
-916
-807
-632
-451
-326
-259
-210
-191
-186
-180
-136
-80
-91
-179
-347
-565
-801
-1041
-1280
-1509
-1712
-1866
-1987
-2057
-2006
-1844
-1621
-1359
-1102
-837
-525
-221
55
302
501
652
764
832
901
972
1040
1053
994
979
997
978
943
910
851
800
827
959
1200
1504
1826
2067
2188
2259
2297
2252
2053
1709
1302
891
485
115
-183
-381
-478
-481
-335
-96
87
164
162
88
-68
-283
-504
-720
-934
-1092
-1167
-1187
-1163
-1100
-997
-902
-905
-1022
-1199
-1388
-1568
-1726
-1810
-1796
-1722
-1576
-1320
-1045
-863
-723
-565
-462
-444
-399
-283
-159
-27
153
320
415
483
520
493
444
410
374
344
351
371
369
406
511
603
633
683
797
890
965
1108
1291
1447
1565
1689
1766
1720
1578
1372
1098
760
395
71
-217
-514
-779
-936
-991
-1012
-1023
-1005
-972
-969
-936
-848
-766
-654
-517
-403
-319
-244
-155
-96
-69
-75
-145
-277
-451
-663
-917
-1161
-1361
-1539
-1658
-1672
-1619
-1561
-1473
-1320
-1144
-962
-760
-532
-304
-101
106
311
485
649
794
911
1008
1056
1074
1096
1090
1054
1032
1044
1054
1028
1005
1045
1135
1253
1435
1654
1860
2007
2078
2101
2056
1906
1647
1341
1015
666
355
143
48
53
160
309
389
381
311
140
-152
-505
-854
-1138
-1355
-1477
-1459
-1326
-1117
-879
-662
-521
-486
-551
-743
-1051
-1407
-1699
-1920
-2123
-2194
-2125
-1979
-1773
-1553
-1327
-1103
-931
-781
-613
-441
-244
-45
132
324
472
579
655
652
629
567
459
389
307
260
290
313
345
411
498
593
712
832
976
1136
1271
1401
1568
1750
1895
1976
1944
1827
1568
1196
813
394
-22
-394
-723
-969
-1115
-1174
-1178
-1170
-1116
-1039
-972
-904
-846
-789
-693
-579
-490
-380
-284
-190
-55
61
131
123
-3
-189
-394
-671
-911
-1107
-1307
-1444
-1542
-1538
-1418
-1256
-1043
-769
-509
-264
-10
223
439
631
752
785
818
882
936
988
1083
1196
1261
1302
1281
1203
1124
1066
1025
973
935
978
1122
1324
1597
1894
2131
2259
2238
2106
1896
1582
1178
743
320
-34
-211
-190
-23
140
186
157
91
-57
-320
-629
-958
-1287
-1554
-1723
-1752
-1597
-1318
-1007
-750
-596
-580
-727
-979
-1334
-1736
-2091
-2429
-2760
-2974
-2966
-2800
-2621
-2384
-2078
-1832
-1652
-1425
-1149
-857
-551
-272
-26
172
346
521
633
644
590
498
390
287
172
66
11
51
183
346
537
723
842
944
1081
1261
1481
1705
1930
2110
2222
2314
2358
2272
2024
1713
1397
1044
693
410
182
-56
-292
-490
-665
-795
-865
-882
-876
-838
-750
-659
-552
-408
-246
-90
56
192
270
288
303
263
132
-54
-273
-514
-738
-923
-1079
-1245
-1348
-1347
-1318
-1276
-1190
-1045
-836
-606
-386
-145
99
311
473
605
673
662
629
660
754
835
909
1029
1122
1122
1100
1121
1161
1145
1117
1119
1136
1205
1342
1536
1728
1825
1847
1836
1788
1638
1372
1070
743
399
148
77
86
52
-56
-236
-470
-757
-999
-1106
-1158
-1237
-1340
-1412
-1428
-1339
-1125
-866
-649
-555
-541
-600
-769
-1001
-1292
-1628
-2000
-2376
-2638
-2767
-2799
-2753
-2661
-2509
-2311
-2028
-1643
-1240
-871
-534
-209
136
461
721
884
976
1030
1037
976
850
691
507
331
214
188
252
407
610
811
1027
1264
1518
1760
1995
2211
2355
2410
2427
2408
2324
2175
1930
1583
1221
922
671
422
183
-46
-312
-582
-782
-901
-978
-1038
-1062
-1053
-995
-881
-745
-628
-554
-507
-482
-457
-425
-400
-410
-466
-546
-624
-709
-826
-973
-1138
-1267
-1354
-1421
-1444
-1388
-1259
-1098
-921
-698
-453
-242
-66
100
277
451
609
745
797
773
746
747
775
845
965
1062
1089
1075
1065
1077
1105
1153
1208
1272
1342
1426
1533
1633
1701
1713
1683
1637
1559
1411
1168
889
669
499
290
6
-315
-610
-876
-1115
-1314
-1459
-1542
-1568
-1528
-1433
-1308
-1148
-970
-821
-721
-636
-556
-564
-683
-837
-987
-1170
-1393
-1633
-1890
-2141
-2352
-2497
-2564
-2549
-2456
-2286
-2015
-1656
-1234
-798
-370
64
486
841
1082
1199
1247
1282
1283
1202
1029
825
639
491
395
330
303
330
410
540
771
1093
1406
1671
1914
2162
2389
2549
2632
2637
2554
2388
2150
1869
1569
1244
900
558
250
-3
-227
-462
-694
-853
-925
-976
-1023
-1048
-1026
-974
-922
-880
-845
-823
-834
-855
-873
-898
-923
-961
-1012
-1090
-1169
-1233
-1290
-1337
-1367
-1388
-1410
-1425
-1389
-1302
-1185
-1013
-801
-594
-408
-215
-3
184
328
435
494
512
538
607
674
714
780
872
963
1064
1194
1296
1319
1311
1336
1384
1448
1533
1624
1710
1793
1889
1993
2064
2046
1948
1799
1609
1434
1291
1105
844
486
48
-405
-840
-1244
-1584
-1832
-1963
-1931
-1774
-1570
-1327
-1053
-825
-677
-592
-558
-562
-596
-662
-778
-924
-1079
-1294
-1561
-1852
-2144
-2380
-2541
-2641
-2692
-2641
-2458
-2163
-1757
-1273
-744
-202
320
781
1149
1405
1546
1593
1569
1497
1370
1200
1013
841
701
592
501
434
394
383
444
630
909
1195
1498
1830
2090
2242
2313
2346
2264
2033
1788
1553
1326
1122
940
745
487
220
-48
-325
-578
-781
-959
-1131
-1266
-1358
-1424
-1411
-1318
-1255
-1194
-1128
-1080
-1070
-1101
-1129
-1199
-1295
-1355
-1373
-1372
-1370
-1371
-1389
-1402
-1398
-1369
-1345
-1318
-1263
-1184
-1056
-869
-631
-405
-161
98
299
468
634
763
822
853
890
932
959
1016
1084
1115
1150
1222
1319
1392
1444
1521
1569
1576
1611
1695
1772
1854
1988
2112
2182
2219
2209
2098
1927
1779
1624
1415
1196
966
632
195
-280
-739
-1149
-1515
-1761
-1863
-1872
-1778
-1579
-1300
-990
-706
-447
-241
-119
-60
-85
-212
-380
-581
-835
-1132
-1470
-1802
-2109
-2388
-2605
-2763
-2820
-2766
-2623
-2379
-2020
-1574
-1082
-555
-66
343
702
993
1209
1339
1370
1311
1167
990
812
638
485
375
306
244
222
296
453
668
895
1120
1359
1570
1728
1821
1863
1856
1750
1555
1344
1135
946
815
750
705
622
511
388
186
-81
-352
-629
-918
-1186
-1354
-1406
-1387
-1324
-1195
-1033
-914
-858
-847
-847
-883
-951
-1016
-1074
-1121
-1156
-1172
-1164
-1131
-1089
-1034
-968
-905
-844
-790
-719
-648
-566
-427
-247
-65
107
282
422
490
539
586
597
571
562
604
661
726
775
825
871
921
993
1066
1158
1255
1358
1487
1633
1781
1920
2037
2129
2193
2230
2228
2146
1974
1784
1605
1343
981
598
190
-283
-768
-1208
-1607
-1945
-2153
-2215
-2188
-2038
-1784
-1492
-1155
-825
-576
-422
-362
-412
-541
-708
-905
-1145
-1417
-1658
-1875
-2103
-2337
-2553
-2743
-2885
-2961
-2911
-2740
-2491
-2169
-1774
-1317
-845
-376
68
443
721
929
1089
1169
1156
1070
956
820
676
573
522
499
480
508
658
886
1098
1311
1548
1772
1955
2084
2149
2125
2036
1916
1771
1592
1431
1339
1279
1218
1161
1107
1030
911
777
622
389
98
-181
-403
-574
-684
-727
-720
-678
-619
-572
-545
-529
-557
-646
-758
-889
-1049
-1185
-1235
-1244
-1283
-1282
-1215
-1142
-1073
-954
-811
-710
-592
-437
-318
-233
-120
0
72
120
191
251
299
381
486
546
568
588
594
597
620
647
655
685
756
856
984
1134
1305
1483
1677
1862
1979
2042
2043
1985
1890
1754
1593
1419
1230
1028
793
495
142
-228
-637
-1077
-1478
-1803
-2072
-2267
-2338
-2316
-2205
-1972
-1633
-1278
-971
-717
-545
-473
-485
-570
-732
-934
-1145
-1347
-1532
-1705
-1856
-1967
-2059
-2128
-2135
-2090
-2005
-1867
-1675
-1422
-1101
-753
-407
-52
292
587
835
1049
1203
1252
1222
1157
1069
959
856
770
707
710
782
891
1009
1128
1255
1383
1505
1615
1704
1751
1723
1648
1556
1457
1370
1320
1253
1137
1015
920
832
733
643
538
407
273
141
12
-131
-276
-408
-522
-613
-686
-718
-699
-643
-580
-547
-569
-659
-777
-882
-964
-1031
-1082
-1108
-1124
-1136
-1092
-996
-879
-746
-599
-456
-340
-238
-151
-68
27
103
141
149
127
94
69
68
87
81
50
17
2
14
31
50
82
149
277
455
657
864
1088
1296
1470
1637
1802
1943
2059
2148
2138
2009
1794
1518
1183
807
443
112
-207
-528
-859
-1174
-1447
-1652
-1755
-1796
-1806
-1768
-1674
-1529
-1354
-1144
-895
-674
-552
-527
-564
-650
-798
-990
-1220
-1469
-1675
-1796
-1806
-1748
-1663
-1573
-1486
-1372
-1233
-1075
-929
-792
-592
-314
-19
260
540
803
1018
1171
1281
1334
1309
1236
1177
1146
1146
1188
1259
1349
1450
1577
1734
1884
1984
2009
1950
1824
1687
1553
1411
1286
1189
1124
1056
971
882
797
704
564
386
212
73
-8
-55
-103
-159
-243
-344
-442
-530
-629
-743
-877
-1024
-1141
-1213
-1272
-1324
-1341
-1320
-1292
-1271
-1241
-1230
-1242
-1245
-1226
-1186
-1120
-1046
-962
-852
-726
-572
-439
-345
-266
-210
-178
-161
-148
-143
-182
-230
-244
-241
-268
-296
-291
-269
-226
-184
-124
-40
39
123
206
322
485
663
850
1041
1229
1427
1623
1776
1865
1902
1891
1786
1594
1366
1106
796
480
223
-7
-233
-422
-565
-676
-783
-877
-943
-988
-1019
-1024
-980
-891
-784
-661
-493
-340
-263
-229
-233
-298
-425
-576
-730
-904
-1047
-1135
-1177
-1153
-1066
-937
-781
-627
-478
-333
-203
-83
31
150
286
400
491
579
638
667
663
650
635
606
597
642
730
842
976
1124
1252
1339
1408
1430
1396
1321
1199
1033
847
705
608
539
517
528
529
491
428
368
291
181
63
-43
-141
-199
-222
-229
-225
-252
-302
-399
-552
-703
-868
-1023
-1135
-1249
-1357
-1432
-1451
-1391
-1312
-1206
-1079
-1016
-1000
-999
-978
-934
-883
-789
-684
-587
-456
-289
-120
14
127
220
257
247
231
232
230
208
178
157
163
196
254
309
349
384
418
450
512
619
736
863
1039
1234
1402
1563
1721
1848
1926
1959
1929
1845
1703
1503
1227
893
563
263
0
-221
-394
-511
-571
-576
-544
-507
-501
-554
-635
-739
-848
-923
-974
-1005
-1029
-1058
-1065
-1046
-1000
-940
-912
-934
-988
-1065
-1168
-1285
-1395
-1467
-1481
-1435
-1325
-1135
-886
-621
-361
-141
51
219
330
399
432
425
410
397
386
382
393
402
406
433
501
613
729
833
947
1084
1223
1336
1405
1418
1383
1299
1178
1041
885
727
597
537
557
608
659
675
609
474
297
96
-107
-283
-431
-551
-630
-661
-627
-544
-474
-449
-499
-621
-747
-863
-985
-1093
-1196
-1303
-1362
-1328
-1227
-1101
-981
-902
-880
-884
-887
-877
-846
-802
-740
-659
-548
-382
-182
30
233
417
558
632
686
733
721
669
592
502
402
308
276
304
366
433
504
586
654
723
817
904
971
1033
1118
1245
1391
1530
1639
1676
1591
1426
1246
1024
724
391
68
-224
-461
-629
-736
-817
-840
-781
-700
-657
-632
-614
-638
-682
-704
-714
-740
-784
-820
-831
-841
-858
-870
-893
-932
-970
-1017
-1076
-1124
-1119
-1069
-1029
-985
-885
-722
-515
-266
7
243
431
598
733
813
830
790
710
599
481
366
285
247
232
261
332
429
573
748
943
1125
1237
1278
1257
1191
1097
958
784
614
449
311
224
186
202
242
286
329
348
327
277
189
55
-97
-263
-417
-532
-611
-640
-622
-576
-537
-519
-534
-590
-685
-818
-958
-1055
-1110
-1147
-1135
-1076
-943
-760
-606
-474
-381
-328
-311
-366
-443
-499
-530
-513
-441
-306
-107
109
315
513
671
753
763
695
576
464
359
270
234
253
333
467
606
767
935
1073
1190
1251
1258
1249
1206
1166
1151
1144
1136
1111
1071
999
874
720
527
281
20
-219
-439
-623
-750
-798
-780
-739
-677
-600
-552
-539
-556
-601
-671
-767
-880
-996
-1092
-1161
-1218
-1260
-1278
-1281
-1264
-1252
-1227
-1175
-1133
-1084
-1036
-985
-923
-857
-799
-728
-625
-508
-384
-247
-91
59
188
284
341
366
348
297
216
121
37
-19
-18
39
141
275
426
578
733
876
982
1040
1044
999
934
871
804
733
701
700
705
719
744
764
777
765
715
653
576
485
382
292
223
163
116
89
81
94
121
130
117
93
62
-7
-121
-234
-340
-422
-462
-483
-467
-414
-338
-261
-206
-194
-228
-280
-355
-436
-497
-525
-519
-462
-337
-147
57
256
448
587
649
635
553
402
202
-12
-204
-345
-427
-428
-357
-242
-88
74
211
324
421
483
515
541
568
605
647
695
739
737
697
616
462
252
12
-245
-495
-700
-849
-931
-943
-898
-802
-668
-533
-406
-320
-266
-232
-218
-222
-255
-314
-398
-483
-588
-702
-796
-871
-918
-933
-918
-871
-776
-639
-482
-327
-200
-91
-1
62
126
201
277
355
427
511
603
688
756
786
774
704
603
471
323
209
142
143
200
294
413
520
591
629
628
577
490
390
298
243
234
267
331
413
493
551
574
546
466
355
225
80
-48
-148
-217
-250
-272
-288
-298
-316
-369
-450
-525
-580
-615
-620
-582
-545
-512
-490
-488
-494
-500
-515
-547
-554
-515
-436
-333
-238
-166
-117
-100
-134
-192
-253
-306
-339
-347
-301
-202
-65
82
232
390
535
618
625
573
451
311
192
85
25
28
93
208
340
492
609
658
667
633
579
521
462
424
409
412
419
424
396
354
303
214
113
2
-119
-251
-387
-488
-558
-593
-583
-548
-475
-374
-285
-221
-186
-207
-256
-314
-395
-474
-523
-550
-561
-563
-545
-512
-472
-414
-350
-265
-168
-82
-6
47
97
132
141
129
126
148
179
239
337
449
549
616
648
630
587
510
382
236
85
-28
-111
-171
-168
-135
-89
-35
2
34
61
67
58
49
70
121
168
224
304
360
362
326
282
229
169
103
33
-25
-62
-73
-86
-98
-87
-89
-111
-149
-191
-231
-283
-338
-380
-420
-450
-455
-433
-388
-330
-260
-202
-161
-114
-74
-52
-36
2
41
61
74
82
81
68
42
0
-48
-99
-120
-102
-67
-19
22
57
78
91
98
83
74
77
98
131
164
209
249
297
374
432
469
488
473
425
367
299
217
148
87
37
-1
-16
-36
-87
-140
-200
-272
-330
-374
-405
-413
-389
-337
-262
-171
-61
47
124
172
191
177
144
89
26
-34
-98
-172
-248
-296
-314
-317
-301
-273
-230
-172
-111
-71
-34
15
38
60
73
73
84
105
142
198
273
343
398
443
456
436
378
289
171
42
-73
-173
-255
-304
-322
-341
-343
-331
-312
-261
-212
-161
-90
-19
40
108
172
218
270
296
301
294
249
199
147
82
27
-9
-32
-38
-30
-22
3
22
17
4
-45
-118
-183
-257
-308
-315
-293
-248
-182
-108
-38
17
56
92
103
105
125
118
113
129
142
149
153
148
122
76
10
-52
-100
-159
-187
-207
-230
-206
-182
-152
-94
-43
-5
25
28
16
-10
-33
-29
5
49
101
155
177
206
233
227
219
184
118
66
10
-35
-38
-27
7
45
58
73
86
58
26
-3
-66
-121
-149
-169
-161
-120
-71
-7
46
66
74
46
-4
-37
-71
-126
-160
-176
-188
-174
-152
-138
-121
-115
-131
-139
-153
-156
-123
-79
-31
18
42
52
69
81
105
142
182
201
219
232
217
193
142
60
-51
-188
-320
-413
-476
-524
-559
-584
-592
-562
-496
-407
-299
-198
-109
-38
17
77
140
198
257
301
331
372
415
450
472
467
433
400
375
344
316
280
239
200
159
108
57
0
-48
-55
-31
1
55
145
242
329
401
450
471
471
456
413
350
292
249
226
212
192
167
142
121
99
63
8
-53
-124
-181
-203
-202
-172
-116
-42
38
106
153
186
198
170
123
75
31
12
8
6
-8
-36
-69
-111
-159
-211
-277
-351
-414
-458
-482
-479
-448
-391
-324
-275
-250
-255
-290
-342
-402
-461
-513
-547
-559
-546
-506
-431
-335
-258
-215
-212
-228
-237
-237
-233
-237
-258
-280
-301
-311
-299
-286
-284
-291
-303
-301
-264
-210
-150
-84
-33
-2
26
65
113
178
249
295
320
343
374
408
440
463
461
431
372
286
196
120
44
-22
-61
-73
-38
48
176
318
436
532
607
659
713
757
794
826
846
857
877
910
937
954
942
872
767
672
590
512
432
350
269
190
128
93
71
53
31
26
38
35
28
18
-30
-96
-169
-250
-318
-391
-461
-515
-568
-590
-578
-559
-541
-540
-556
-576
-603
-642
-691
-763
-852
-923
-967
-956
-886
-788
-680
-568
-466
-379
-317
-298
-308
-335
-373
-399
-410
-399
-367
-308
-216
-122
-58
-19
8
23
34
42
27
-2
-21
-4
42
79
104
141
193
235
256
253
224
185
152
155
181
191
198
210
217
220
230
250
260
255
246
231
206
153
90
35
-20
-65
-86
-109
-139
-158
-142
-85
4
93
177
259
312
354
392
421
442
451
453
434
395
363
342
320
295
254
197
120
19
-74
-156
-230
-285
-324
-335
-316
-265
-163
-25
115
246
361
460
538
582
594
589
560
536
519
490
463
430
378
326
262
177
80
-49
-191
-324
-445
-530
-557
-543
-489
-419
-358
-295
-230
-175
-139
-142
-196
-278
-371
-458
-532
-590
-614
-602
-583
-552
-507
-466
-438
-422
-418
-429
-456
-476
-480
-475
-457
-412
-337
-233
-107
21
121
187
224
251
258
236
200
153
105
62
26
21
43
69
101
140
178
214
255
284
282
263
244
213
174
144
125
105
91
90
90
82
74
82
96
113
129
133
136
151
168
180
206
232
240
228
218
215
207
208
212
186
122
62
9
-56
-100
-116
-108
-85
-57
-2
71
148
240
333
408
469
532
584
604
591
556
520
487
462
436
375
305
243
170
98
40
-24
-97
-157
-206
-225
-207
-170
-98
-17
54
131
195
238
249
237
183
104
43
-12
-65
-123
-182
-235
-293
-357
-426
-498
-574
-646
-713
-780
-818
-834
-828
-793
-730
-635
-537
-447
-364
-304
-266
-260
-277
-316
-372
-420
-473
-506
-516
-503
-454
-399
-342
-277
-212
-170
-155
-149
-166
-171
-166
-163
-157
-146
-109
-54
6
54
86
121
145
167
188
198
195
189
196
202
227
276
319
358
395
432
474
517
554
573
565
531
493
472
461
460
461
465
476
493
512
514
508
479
432
387
347
324
312
306
315
340
364
383
392
374
327
261
179
93
11
-68
-146
-219
-266
-276
-261
-229
-188
-160
-135
-91
-26
50
115
168
195
200
221
230
197
140
66
-25
-108
-184
-252
-308
-351
-393
-435
-468
-499
-531
-566
-597
-624
-636
-628
-611
-581
-531
-471
-402
-328
-270
-227
-198
-190
-203
-227
-260
-295
-331
-364
-401
-434
-445
-450
-460
-469
-479
-489
-484
-453
-410
-358
-289
-209
-121
-32
48
109
144
158
156
145
129
100
79
80
102
144
202
261
306
337
367
400
426
447
460
466
474
498
532
562
579
593
609
617
613
607
585
551
514
471
430
395
371
361
358
359
376
394
413
433
446
460
458
450
439
424
414
398
376
342
297
246
200
151
84
10
-57
-112
-155
-205
-244
-287
-327
-342
-349
-338
-313
-302
-299
-308
-327
-346
-368
-392
-425
-470
-528
-582
-619
-643
-654
-664
-669
-663
-646
-613
-568
-512
-440
-366
-295
-227
-171
-122
-92
-88
-99
-116
-130
-133
-123
-124
-129
-134
-146
-153
-157
-156
-151
-155
-170
-189
-201
-195
-173
-143
-99
-44
13
77
145
211
271
311
327
331
312
272
230
191
137
78
21
-15
-19
-5
12
35
47
50
64
86
123
153
163
168
170
183
205
223
216
195
173
165
173
178
175
170
185
231
290
338
365
381
390
399
416
432
443
437
414
389
375
368
372
364
327
280
235
205
183
144
89
24
-35
-59
-64
-88
-129
-164
-184
-190
-182
-160
-140
-132
-134
-148
-164
-179
-183
-188
-204
-225
-250
-273
-287
-294
-308
-331
-354
-377
-400
-413
-409
-400
-393
-385
-379
-368
-345
-309
-267
-245
-241
-248
-266
-286
-304
-317
-327
-337
-345
-362
-382
-389
-390
-380
-344
-285
-209
-129
-56
10
58
87
104
98
85
71
51
38
38
44
57
79
109
148
178
201
207
191
160
124
97
88
93
117
164
230
310
393
469
536
601
650
664
648
606
528
427
317
209
134
97
97
135
196
262
326
369
389
407
416
418
417
395
361
335
318
316
322
307
292
282
269
249
215
171
127
76
25
-4
-8
-6
5
14
9
9
19
43
57
47
33
15
-13
-42
-66
-101
-151
-213
-285
-362
-436
-513
-569
-615
-650
-667
-668
-642
-593
-541
-494
-448
-399
-342
-278
-234
-223
-231
-246
-258
-271
-291
-313
-353
-405
-449
-478
-493
-494
-493
-502
-510
-511
-497
-464
-414
-356
-298
-237
-159
-72
-1
41
61
62
54
47
57
73
75
55
31
9
-16
-35
-34
-21
-3
20
51
93
153
228
292
345
390
431
476
508
530
527
496
455
418
388
362
329
297
277
261
259
274
296
318
330
331
332
339
362
398
420
424
417
404
403
405
394
363
323
281
237
193
145
99
74
73
87
113
136
154
159
145
126
115
116
133
141
132
101
42
-4
-42
-90
-149
-228
-308
-364
-409
-437
-438
-422
-384
-337
-283
-223
-167
-113
-68
-45
-38
-39
-47
-68
-108
-164
-231
-288
-316
-327
-350
-398
-468
-537
-594
-646
-681
-692
-661
-610
-557
-488
-409
-324
-235
-157
-89
-34
2
27
44
51
24
-29
-82
-134
-188
-248
-305
-345
-361
-354
-331
-296
-241
-172
-108
-53
11
82
160
239
314
370
404
423
433
431
402
361
322
286
256
227
194
175
166
172
194
226
265
300
338
377
407
436
469
514
561
600
629
652
667
673
649
606
552
491
443
395
352
322
300
289
291
293
284
256
221
183
135
80
34
10
-4
-17
-36
-74
-114
-152
-196
-249
-313
-376
-435
-482
-515
-529
-525
-506
-473
-444
-422
-412
-421
-429
-446
-471
-491
-488
-464
-439
-415
-396
-384
-381
-383
-390
-411
-432
-443
-432
-403
-364
-316
-258
-192
-127
-79
-35
10
36
56
61
54
33
-1
-32
-67
-105
-149
-191
-223
-248
-269
-293
-315
-330
-334
-324
-309
-281
-242
-194
-133
-67
12
100
190
284
366
433
472
475
454
408
343
279
227
195
181
188
225
285
351
413
459
492
521
545
570
595
618
643
673
708
738
748
729
702
659
601
533
457
382
313
250
211
190
171
171
183
198
214
236
254
257
241
203
159
98
17
-69
-154
-239
-315
-388
-454
-501
-545
-572
-584
-585
-566
-526
-486
-439
-394
-371
-354
-363
-393
-422
-453
-486
-502
-514
-519
-514
-516
-525
-552
-586
-622
-653
-657
-642
-597
-530
-446
-333
-224
-117
-30
33
90
121
146
169
175
180
183
190
194
193
187
172
155
133
124
119
116
127
144
173
205
237
283
329
384
440
487
532
573
602
611
595
561
518
456
387
311
232
159
97
45
10
-15
-28
-33
-41
-52
-64
-66
-66
-61
-51
-39
-12
21
54
83
101
103
86
32
-38
-110
-189
-262
-320
-360
-371
-365
-335
-296
-263
-229
-199
-178
-169
-156
-148
-141
-124
-100
-60
-20
24
71
105
128
140
129
107
70
34
-2
-35
-57
-57
-34
6
64
121
180
235
271
295
297
287
259
211
156
100
48
1
-37
-63
-79
-83
-75
-57
-37
-15
0
9
7
-9
-36
-69
-104
-137
-165
-192
-214
-237
-268
-296
-323
-352
-381
-406
-425
-433
-430
-408
-377
-328
-265
-194
-119
-43
29
92
153
211
259
291
312
323
316
306
298
286
277
276
283
288
293
298
293
285
281
281
281
280
291
299
303
311
311
305
294
273
247
215
179
142
97
45
-5
-59
-113
-167
-218
-265
-308
-337
-358
-378
-390
-394
-395
-396
-395
-396
-395
-385
-375
-353
-324
-293
-251
-226
-212
-197
-203
-213
-223
-237
-245
-255
-256
-245
-227
-189
-140
-85
-16
50
114
183
238
283
317
334
351
364
371
376
380
382
373
359
338
308
278
250
234
227
229
243
267
300
334
367
388
389
374
338
279
201
115
25
-67
-142
-207
-258
-293
-318
-323
-319
-301
-273
-240
-209
-178
-154
-142
-133
-129
-129
-130
-136
-155
-194
-245
-302
-367
-430
-486
-535
-570
-583
-575
-543
-487
-416
-328
-231
-134
-33
61
149
226
293
346
379
400
410
405
393
371
342
311
279
254
242
229
216
212
203
205
224
243
270
300
324
351
377
390
401
397
376
351
308
258
197
129
66
3
-57
-112
-167
-214
-260
-302
-329
-351
-376
-396
-411
-432
-453
-475
-493
-505
-516
-517
-507
-488
-453
-407
-352
-293
-231
-172
-128
-96
-83
-88
-100
-119
-129
-127
-121
-102
-69
-20
46
116
189
254
294
319
336
348
359
373
380
380
374
371
376
376
374
360
327
282
235
198
178
166
174
193
215
237
263
287
306
307
288
252
194
127
60
-9
-75
-128
-169
-204
-227
-244
-256
-259
-252
-233
-203
-163
-119
-70
-25
16
53
87
106
101
76
29
-34
-103
-164
-216
-262
-296
-316
-312
-280
-223
-157
-91
-34
16
68
118
162
199
223
229
224
215
206
190
162
121
68
5
-55
-104
-147
-180
-205
-219
-216
-198
-176
-152
-128
-110
-102
-92
-89
-97
-113
-134
-154
-166
-167
-156
-143
-138
-151
-182
-222
-262
-301
-336
-373
-415
-447
-459
-448
-422
-383
-341
-306
-278
-248
-221
-195
-165
-133
-102
-64
-6
69
152
232
299
350
385
400
396
366
320
272
233
208
206
234
292
365
448
535
612
677
722
739
735
711
677
644
611
580
545
512
479
443
419
408
398
385
365
331
293
261
234
210
190
181
183
192
204
208
198
166
107
24
-71
-165
-248
-325
-398
-469
-524
-546
-547
-523
-490
-468
-450
-427
-400
-376
-360
-361
-393
-431
-477
-530
-596
-664
-727
-789
-834
-864
-879
-875
-853
-815
-764
-699
-624
-536
-445
-362
-289
-225
-166
-101
-33
16
46
63
67
68
78
89
93
86
75
66
70
93
126
167
209
246
284
332
387
434
462
473
465
452
447
450
450
442
434
425
419
415
408
382
346
306
263
225
185
146
106
73
59
59
75
90
93
103
107
108
113
114
113
119
132
151
172
193
208
221
228
226
217
198
172
144
123
109
95
92
93
105
132
163
186
186
165
134
104
78
49
6
-59
-123
-183
-221
-239
-252
-252
-252
-251
-249
-244
-239
-237
-234
-223
-202
-186
-174
-167
-173
-185
-198
-211
-232
-269
-316
-371
-425
-464
-484
-490
-484
-469
-447
-409
-361
-313
-274
-244
-216
-183
-144
-109
-87
-88
-95
-98
-93
-74
-50
-37
-46
-71
-98
-115
-115
-88
-47
6
63
123
188
250
309
360
394
408
413
415
408
393
377
356
334
319
293
262
233
200
163
128
94
64
46
46
53
68
81
99
130
159
188
215
223
217
201
183
160
133
103
63
17
-17
-50
-81
-116
-162
-208
-250
-277
-283
-276
-261
-235
-210
-184
-158
-131
-108
-96
-91
-99
-105
-109
-94
-66
-43
-19
3
16
39
66
86
104
110
109
102
95
102
121
136
149
166
176
185
209
235
253
260
250
218
175
138
113
94
88
87
85
85
80
74
70
59
45
28
0
-21
-46
-78
-114
-147
-165
-179
-192
-210
-222
-236
-254
-267
-283
-296
-304
-317
-336
-345
-353
-352
-342
-329
-304
-276
-253
-241
-231
-220
-206
-190
-173
-161
-143
-128
-125
-120
-115
-114
-111
-105
-80
-46
-13
20
47
71
106
149
188
222
248
261
270
278
279
289
296
298
300
295
280
268
252
232
210
190
168
148
136
131
131
134
143
157
173
185
196
202
208
212
204
190
171
149
126
112
100
87
70
44
16
-8
-25
-34
-37
-38
-46
-55
-58
-52
-41
-26
-13
-4
4
17
33
44
49
54
59
63
66
57
41
26
8
-6
-15
-23
-33
-37
-39
-43
-43
-43
-44
-43
-45
-51
-66
-79
-94
-116
-140
-172
-206
-240
-266
-293
-323
-352
-379
-399
-406
-397
-382
-363
-339
-328
-316
-301
-283
-259
-239
-225
-218
-223
-225
-219
-211
-203
-195
-198
-200
-199
-203
-204
-206
-207
-202
-191
-174
-146
-115
-82
-51
-20
27
83
145
205
247
270
283
299
313
327
334
316
298
286
282
300
332
369
409
450
489
533
587
639
681
711
726
741
767
793
804
782
734
667
590
515
439
352
258
170
92
34
3
-7
-3
2
-3
-18
-31
-45
-49
-57
-77
-99
-118
-132
-136
-142
-171
-223
-284
-347
-401
-455
-516
-570
-607
-623
-624
-607
-585
-558
-531
-524
-529
-535
-540
-536
-533
-528
-517
-497
-463
-423
-391
-369
-349
-326
-303
-293
-292
-291
-276
-240
-195
-146
-96
-48
-4
35
67
82
98
118
143
162
174
187
206
220
229
233
231
228
219
203
184
167
158
153
154
154
150
156
175
194
209
228
249
264
291
313
316
319
309
291
284
266
236
202
159
110
76
58
47
43
40
28
24
35
50
77
107
142
177
200
223
242
249
247
232
200
162
125
89
47
7
-31
-54
-62
-65
-48
-36
-20
14
42
69
95
120
145
166
174
169
152
125
87
31
-37
-106
-176
-246
-311
-368
-423
-461
-484
-501
-504
-493
-476
-442
-400
-367
-330
-291
-257
-226
-203
-186
-176
-184
-209
-238
-265
-292
-311
-324
-328
-322
-312
-289
-257
-220
-172
-122
-65
1
72
144
209
263
313
347
368
383
389
386
376
357
337
318
295
275
263
260
261
269
281
292
298
308
308
305
295
274
247
216
187
164
148
132
110
89
64
39
20
-7
-38
-74
-114
-145
-173
-189
-195
-199
-198
-196
-184
-157
-127
-99
-76
-59
-52
-49
-50
-62
-83
-110
-138
-173
-211
-241
-250
-252
-252
-248
-237
-214
-180
-134
-74
-15
41
85
115
140
154
162
165
162
156
152
142
130
116
96
70
28
-17
-42
-53
-46
-24
5
44
84
126
178
230
273
303
312
294
259
218
182
150
110
61
9
-46
-96
-137
-169
-198
-222
-235
-234
-224
-204
-176
-148
-124
-105
-91
-78
-69
-69
-68
-67
-79
-102
-130
-152
-170
-193
-219
-245
-265
-283
-297
-292
-276
-248
-205
-159
-105
-53
-3
44
88
127
151
162
159
155
152
139
130
122
113
108
97
94
95
94
95
103
115
127
142
150
160
167
162
145
124
111
97
76
53
40
34
32
37
40
32
15
1
-12
-18
-22
-26
-19
-3
20
50
82
120
153
179
191
199
196
180
165
146
111
72
28
-22
-55
-75
-90
-101
-115
-121
-118
-109
-87
-54
-13
20
51
74
87
99
105
104
97
77
51
27
-2
-27
-49
-82
-119
-152
-184
-206
-212
-214
-206
-187
-167
-140
-110
-85
-52
-27
-13
-17
-39
-67
-102
-138
-185
-240
-296
-350
-405
-458
-497
-520
-529
-528
-513
-486
-442
-387
-328
-263
-189
-114
-50
7
63
111
154
185
200
201
191
177
167
154
144
143
142
147
166
198
240
294
353
417
489
557
616
674
714
731
743
735
723
702
666
632
591
537
495
473
454
446
440
436
435
421
405
391
365
337
306
267
219
159
86
11
-72
-157
-231
-304
-370
-426
-471
-505
-538
-575
-606
-629
-656
-676
-691
-710
-719
-726
-727
-711
-691
-670
-649
-631
-618
-616
-616
-610
-602
-585
-572
-561
-545
-535
-526
-506
-492
-477
-453
-421
-377
-319
-257
-194
-120
-49
13
78
138
187
234
277
307
324
332
342
350
353
347
335
330
326
329
349
374
402
437
485
537
587
644
695
731
752
752
740
722
683
637
582
524
464
399
345
292
246
214
177
152
141
135
133
137
151
161
172
185
189
189
183
170
157
128
87
50
11
-25
-68
-114
-161
-213
-257
-302
-336
-348
-358
-361
-351
-331
-302
-275
-256
-240
-233
-229
-238
-255
-281
-312
-339
-372
-408
-439
-469
-494
-503
-498
-485
-476
-457
-425
-391
-352
-316
-286
-259
-247
-239
-226
-220
-216
-222
-235
-253
-268
-265
-260
-247
-221
-192
-153
-115
-75
-32
4
44
88
123
153
183
225
273
317
347
365
375
377
378
379
381
385
393
392
384
375
366
363
353
347
343
338
342
351
367
386
403
419
426
421
408
386
361
332
304
269
237
214
182
146
106
68
34
2
-25
-53
-77
-104
-118
-128
-130
-126
-118
-108
-119
-120
-114
-116
-114
-119
-140
-167
-198
-230
-266
-306
-338
-373
-407
-436
-464
-476
-474
-458
-416
-363
-319
-278
-231
-190
-147
-110
-78
-62
-66
-78
-107
-142
-169
-189
-206
-219
-238
-256
-261
-262
-241
-203
-153
-98
-34
33
91
145
193
232
261
277
277
265
252
227
200
169
143
117
90
71
58
60
65
73
93
121
154
194
227
251
273
291
303
308
307
295
259
214
171
125
85
49
17
-11
-38
-62
-79
-89
-79
-57
-36
-20
-4
23
54
88
119
134
129
110
85
51
15
-26
-62
-94
-125
-149
-181
-206
-221
-231
-239
-245
-239
-223
-196
-150
-98
-54
-13
19
41
61
77
88
90
88
83
80
73
64
52
35
20
10
2
1
7
23
42
61
85
107
132
160
192
221
246
261
262
250
231
204
163
112
57
1
-59
-111
-150
-187
-217
-237
-254
-256
-243
-221
-202
-175
-145
-118
-83
-59
-47
-45
-62
-92
-129
-173
-220
-267
-304
-335
-366
-395
-421
-439
-438
-425
-394
-344
-285
-226
-161
-97
-40
17
64
95
122
147
163
168
163
142
117
93
77
64
62
72
92
119
151
187
229
268
305
343
377
402
421
434
441
446
443
430
403
366
322
272
222
181
147
121
103
94
91
97
112
127
141
150
160
176
188
194
185
171
155
128
102
75
44
19
0
-29
-61
-96
-129
-155
-177
-189
-197
-194
-181
-158
-129
-103
-81
-58
-43
-35
-32
-33
-42
-51
-63
-83
-105
-129
-156
-181
-207
-236
-265
-290
-308
-309
-303
-299
-290
-280
-264
-246
-227
-213
-197
-185
-189
-193
-206
-230
-249
-271
-298
-315
-326
-334
-340
-348
-356
-356
-349
-342
-329
-316
-300
-271
-238
-199
-156
-115
-76
-44
-13
13
29
33
29
20
14
14
18
27
48
73
95
119
143
175
213
243
264
283
305
335
380
423
454
483
500
520
536
545
547
530
492
447
406
371
345
327
310
301
301
300
309
320
326
330
321
303
300
305
317
332
332
316
286
250
207
164
120
71
20
-23
-52
-61
-58
-50
-48
-52
-52
-48
-42
-33
-24
-23
-35
-63
-100
-138
-177
-221
-267
-312
-352
-379
-399
-405
-399
-396
-401
-415
-430
-426
-408
-385
-361
-334
-314
-305
-304
-305
-311
-329
-353
-378
-396
-397
-391
-374
-346
-321
-308
-302
-299
-282
-259
-245
-232
-216
-195
-162
-128
-93
-60
-34
-17
-6
6
18
31
42
49
51
57
69
81
96
111
118
121
119
124
136
145
154
166
181
196
202
204
215
234
256
275
283
293
301
303
306
301
291
275
252
230
217
215
218
232
246
259
273
287
308
334
354
368
378
388
400
412
415
404
381
358
322
275
219
157
110
71
43
19
1
-8
-14
-15
-14
-20
-19
-15
-10
-8
-11
-12
-12
-22
-39
-69
-108
-148
-182
-216
-251
-287
-323
-353
-376
-397
-411
-415
-412
-407
-399
-391
-378
-365
-347
-328
-322
-324
-327
-328
-332
-350
-367
-385
-402
-416
-426
-434
-436
-422
-395
-362
-325
-290
-247
-203
-163
-122
-90
-61
-36
-15
8
24
40
54
68
80
79
80
80
79
80
79
85
92
103
121
143
167
193
225
256
284
311
328
342
351
356
358
345
326
308
297
290
285
283
281
275
269
267
265
264
265
270
277
282
286
292
293
294
293
292
285
270
252
221
183
144
106
71
40
14
-5
-20
-39
-59
-72
-91
-100
-97
-88
-67
-49
-34
-21
-15
-7
-2
9
23
32
43
38
17
-22
-75
-133
-187
-227
-253
-261
-258
-250
-240
-224
-206
-189
-165
-146
-123
-96
-78
-67
-64
-74
-96
-126
-154
-180
-205
-240
-272
-297
-315
-310
-299
-281
-251
-222
-186
-148
-117
-86
-56
-36
-25
-19
-28
-53
-79
-113
-150
-178
-201
-204
-193
-181
-164
-149
-142
-133
-117
-90
-44
1
41
79
96
94
88
79
65
60
60
64
65
60
60
70
77
86
98
108
113
126
137
150
160
165
175
182
195
213
231
245
258
268
267
269
275
273
265
253
234
216
205
188
177
162
139
121
109
100
95
87
72
57
49
43
43
51
62
81
93
100
113
117
111
112
99
81
63
36
16
1
-24
-42
-54
-64
-59
-49
-46
-40
-35
-32
-18
2
20
38
47
38
28
9
-23
-57
-104
-156
-201
-248
-290
-321
-346
-365
-372
-367
-345
-309
-273
-237
-210
-199
-190
-180
-170
-152
-143
-142
-150
-175
-193
-200
-214
-219
-226
-243
-249
-247
-238
-214
-183
-156
-123
-93
-60
-19
12
40
61
76
83
81
69
59
46
24
4
-10
-16
-16
-10
-4
12
39
68
103
137
163
188
211
227
250
269
282
296
297
299
313
320
322
326
323
315
304
285
269
258
239
218
191
161
143
146
159
181
199
210
222
233
242
243
241
225
195
164
124
82
58
34
5
-33
-79
-112
-131
-142
-147
-150
-152
-154
-159
-163
-158
-144
-136
-137
-139
-137
-130
-128
-139
-158
-181
-209
-249
-294
-336
-372
-387
-386
-366
-340
-317
-292
-266
-233
-195
-168
-157
-148
-133
-109
-83
-61
-47
-44
-51
-65
-76
-84
-91
-94
-96
-89
-84
-82
-84
-83
-68
-45
-19
11
45
86
130
166
197
219
225
208
186
165
156
156
151
146
139
131
136
142
144
141
127
116
119
134
156
178
191
203
210
211
207
199
181
154
121
84
60
37
15
-5
-26
-42
-48
-56
-65
-68
-67
-68
-74
-87
-104
-104
-95
-83
-75
-77
-73
-58
-41
-26
-25
-30
-33
-29
-28
-35
-48
-65
-75
-82
-87
-95
-95
-79
-54
-26
1
28
56
78
87
91
87
79
70
54
36
19
5
-2
-1
-3
-12
-21
-29
-33
-31
-32
-44
-48
-44
-38
-21
-14
-5
14
15
14
13
-1
-18
-35
-49
-68
-79
-86
-92
-86
-82
-81
-76
-74
-57
-26
7
40
71
99
121
131
134
134
129
109
88
69
49
33
22
16
7
-15
-47
-73
-77
-65
-44
-29
-17
-2
10
20
32
50
58
58
57
54
57
69
64
62
59
34
8
-22
-46
-49
-50
-57
-60
-62
-73
-82
-89
-93
-90
-101
-117
-106
-106
-109
-96
-104
-112
-105
-120
-131
-116
-111
-102
-81
-70
-58
-51
-57
-52
-37
-21
-12
-12
-7
11
30
42
50
53
49
45
45
55
71
80
91
97
112
131
137
141
152
160
180
203
223
240
245
244
245
247
247
242
225
212
199
184
176
167
153
135
107
80
74
71
62
56
49
40
43
47
34
19
10
-1
-15
-26
-41
-59
-78
-97
-108
-127
-151
-179
-212
-236
-247
-254
-260
-263
-270
-275
-271
-268
-261
-258
-256
-247
-234
-219
-209
-201
-183
-170
-163
-156
-149
-140
-127
-115
-107
-90
-74
-58
-49
-39
-27
-17
2
15
28
44
53
67
79
78
74
68
67
68
66
66
62
55
49
47
45
42
30
19
14
13
13
13
10
7
9
16
22
24
26
30
36
46
50
47
39
34
31
23
16
19
32
40
47
55
66
87
98
103
106
107
113
120
125
130
133
135
137
138
143
151
158
168
181
188
188
179
173
167
154
141
126
109
102
100
101
101
99
105
114
109
99
83
68
54
34
20
1
-18
-35
-54
-73
-92
-110
-124
-130
-133
-139
-149
-158
-170
-176
-179
-186
-192
-190
-189
-192
-194
-190
-179
-171
-176
-188
-206
-225
-241
-254
-267
-274
-270
-250
-229
-205
-184
-168
-145
-124
-100
-74
-57
-36
-14
-2
10
18
17
18
16
15
22
34
53
78
103
125
143
158
169
174
180
179
182
189
186
186
183
173
163
152
137
123
116
111
122
128
128
124
113
109
93
79
65
45
30
25
21
20
16
5
-3
-18
-30
-45
-62
-73
-87
-89
-82
-76
-74
-74
-75
-75
-69
-64
-58
-61
-64
-62
-56
-44
-41
-42
-40
-36
-22
-10
2
15
25
39
54
65
73
73
76
77
75
77
79
81
84
86
90
97
99
97
104
100
92
85
72
66
56
43
32
20
8
-1
-6
-17
-36
-57
-67
-76
-86
-89
-98
-111
-119
-122
-125
-124
-125
-127
-122
-118
-113
-104
-97
-100
-103
-111
-122
-129
-144
-158
-163
-172
-171
-168
-159
-148
-139
-115
-89
-69
-43
-20
-2
16
32
53
67
75
84
89
94
101
100
101
105
109
121
133
141
148
153
161
169
168
164
156
145
132
120
111
97
87
83
81
75
67
58
43
28
26
26
25
27
27
21
8
2
2
1
-5
-16
-30
-42
-50
-55
-57
-56
-59
-64
-69
-77
-84
-85
-84
-80
-69
-61
-51
-41
-34
-28
-25
-22
-24
-22
-7
12
17
19
23
27
29
37
51
60
60
58
54
49
53
62
62
56
48
32
14
6
0
-8
-15
-20
-27
-32
-31
-35
-48
-55
-65
-74
-78
-80
-75
-69
-70
-79
-82
-79
-80
-79
-72
-71
-72
-70
-61
-52
-39
-13
2
9
12
13
17
16
24
35
40
36
27
22
20
14
4
-4
-12
-25
-26
-23
-25
-28
-26
-21
-20
-13
-10
-6
-7
-13
-10
-3
6
16
25
37
42
42
44
51
62
68
84
102
104
102
100
96
91
88
87
80
67
59
62
65
65
67
64
57
47
41
32
9
-14
-22
-26
-33
-29
-20
-17
-22
-28
-29
-40
-58
-67
-75
-87
-88
-87
-88
-84
-75
-68
-67
-72
-76
-74
-73
-77
-76
-68
-58
-46
-32
-25
-21
-18
-13
-10
-5
-2
1
7
13
20
29
36
43
45
43
42
50
62
66
70
72
68
63
56
49
42
34
33
36
29
23
23
24
23
20
13
1
-11
-22
-30
-33
-35
-36
-40
-38
-41
-44
-45
-51
-54
-59
-60
-59
-61
-55
-44
-32
-24
-18
-15
-12
-9
-9
-6
-1
4
3
-2
-3
-3
-2
1
7
10
11
9
8
10
20
35
40
37
33
25
19
18
19
23
27
24
22
23
29
31
34
34
39
40
34
34
29
24
24
30
34
40
39
33
32
28
27
26
26
26
20
17
6
2
-4
-13
-15
-21
-22
-22
-28
-28
-24
-22
-26
-36
-45
-52
-57
-58
-59
-58
-61
-67
-76
-82
-80
-78
-71
-62
-59
-59
-63
-63
-48
-30
-8
17
28
32
30
24
17
20
28
38
50
55
58
56
54
57
57
63
71
79
87
85
77
70
59
46
29
20
21
23
21
10
-1
-18
-33
-38
-35
-27
-22
-17
-23
-34
-41
-50
-49
-36
-21
-12
-12
-18
-28
-28
-22
-17
-9
-5
-2
-3
-4
0
4
10
13
16
13
3
-2
-4
-3
-2
-9
-20
-26
-25
-27
-32
-35
-40
-49
-61
-66
-59
-46
-30
-17
-11
-15
-22
-28
-28
-13
7
37
68
86
93
85
75
72
80
94
100
93
81
72
67
70
81
87
84
72
59
52
51
55
53
39
18
-10
-31
-47
-56
-67
-81
-96
-98
-93
-82
-71
-71
-72
-77
-78
-75
-64
-55
-51
-55
-60
-68
-78
-79
-70
-59
-50
-36
-19
-8
0
5
3
-6
-23
-37
-39
-33
-10
19
44
58
51
30
9
-10
-16
-9
6
19
24
29
31
37
36
30
21
8
0
5
22
43
62
75
75
59
39
21
5
-10
-16
-20
-15
-6
6
22
24
16
-2
-28
-43
-44
-31
-7
14
20
12
-3
-11
-13
-8
-6
-5
-11
-20
-15
3
30
53
70
70
58
40
27
24
26
29
34
39
49
53
47
45
32
12
-6
-20
-27
-29
-28
-23
-18
-17
-16
-21
-28
-32
-37
-34
-24
-11
7
25
39
44
40
31
18
3
3
11
24
43
60
71
73
64
50
38
30
27
23
17
9
2
-10
-20
-30
-36
-42
-49
-67
-86
-104
-120
-122
-109
-92
-74
-65
-69
-82
-105
-129
-144
-154
-154
-139
-112
-84
-57
-40
-29
-25
-13
0
18
38
55
69
65
57
50
43
45
53
57
62
63
54
50
54
66
90
109
115
110
93
73
63
66
81
100
111
109
97
83
70
61
48
28
10
-3
-2
11
38
64
75
67
47
28
20
28
43
51
45
26
1
-20
-28
-27
-26
-28
-39
-58
-67
-58
-40
-17
-1
-1
-17
-33
-42
-41
-41
-42
-46
-55
-57
-51
-42
-43
-44
-56
-74
-80
-77
-70
-59
-55
-59
-68
-75
-79
-77
-73
-73
-78
-84
-88
-83
-77
-74
-76
-83
-89
-92
-91
-82
-69
-57
-49
-41
-37
-32
-23
-15
-3
7
6
3
2
1
9
21
30
43
50
49
53
57
57
67
77
83
89
92
88
83
85
88
90
89
84
81
80
77
73
63
49
45
44
49
56
56
52
43
35
29
25
28
34
42
41
32
28
30
31
33
32
21
9
1
3
13
22
23
15
7
-2
-9
-15
-17
-19
-19
-15
-11
-13
-15
-20
-27
-36
-46
-55
-55
-50
-43
-35
-33
-34
-27
-21
-19
-18
-23
-32
-35
-28
-22
-21
-20
-23
-28
-39
-57
-70
-77
-75
-66
-53
-41
-32
-23
-12
-7
-10
-13
-14
-16
-11
-3
8
18
25
33
44
53
55
55
49
31
14
3
2
15
31
41
42
34
24
13
9
11
10
-1
-21
-36
-43
-42
-28
-8
9
17
10
-2
-9
-12
0
17
25
20
12
6
10
17
18
16
11
5
8
17
27
29
23
20
14
14
19
21
22
16
3
-15
-28
-29
-26
-22
-17
-21
-28
-32
-30
-21
-11
-5
-7
-16
-21
-20
-15
-8
-2
-3
-6
-8
-4
7
22
30
30
27
24
26
32
40
42
32
15
2
-6
-10
-9
-6
-8
-13
-16
-21
-22
-21
-19
-22
-29
-37
-45
-47
-40
-34
-34
-36
-41
-44
-40
-23
-3
11
14
1
-12
-20
-23
-17
-11
-10
-15
-19
-17
-10
5
19
28
30
19
9
9
19
31
32
27
22
20
23
33
50
65
73
75
67
57
49
42
38
35
33
30
32
33
29
31
32
30
31
27
21
17
11
4
-5
-10
-14
-19
-17
-20
-26
-30
-32
-29
-22
-14
-11
-19
-30
-37
-41
-44
-48
-48
-56
-63
-62
-61
-50
-35
-27
-24
-27
-37
-47
-43
-29
-13
1
7
9
7
10
12
21
32
37
35
27
19
15
17
20
26
27
18
14
14
12
11
9
7
8
5
0
1
5
7
6
-2
-15
-30
-43
-44
-39
-37
-36
-35
-31
-29
-23
-17
-8
1
2
0
-5
-8
-8
-7
-6
-5
-7
-13
-18
-20
-22
-25
-24
-17
-8
-2
5
15
21
20
20
22
19
21
23
27
26
22
18
21
24
28
28
22
12
11
17
28
42
53
61
71
86
95
98
104
100
88
76
67
68
75
86
83
75
64
48
36
28
22
13
-4
-19
-28
-30
-27
-24
-29
-41
-59
-75
-85
-90
-87
-88
-87
-91
-96
-97
-98
-95
-92
-90
-98
-110
-116
-113
-95
-76
-67
-66
-74
-85
-82
-75
-64
-50
-48
-52
-59
-60
-45
-23
1
11
9
1
2
12
26
44
50
50
50
50
53
65
66
61
59
52
46
49
52
55
58
53
50
49
39
32
25
17
13
12
11
12
10
9
5
2
-5
-11
-15
-18
-14
-9
-3
5
4
2
10
16
20
15
4
-5
0
20
40
49
44
37
34
34
37
41
41
40
36
29
29
29
38
49
47
35
20
9
6
8
6
2
-4
-7
-6
-7
-12
-12
-12
-15
-23
-31
-33
-32
-25
-20
-13
-7
-5
-1
1
-1
-3
-2
-1
-1
0
4
2
-8
-16
-26
-34
-42
-50
-49
-49
-43
-34
-33
-33
-33
-33
-35
-44
-48
-53
-56
-48
-34
-22
-18
-20
-19
-21
-23
-26
-22
-17
-15
-6
4
10
20
27
28
19
10
4
0
0
6
17
21
21
23
28
32
37
43
44
41
35
36
44
50
53
52
48
47
49
51
52
49
53
58
61
62
60
57
52
47
42
31
17
8
8
16
27
33
35
33
27
22
19
15
7
-2
-6
-2
9
15
12
5
-2
-7
-8
-8
-12
-16
-17
-19
-24
-28
-33
-39
-43
-45
-47
-50
-47
-45
-39
-32
-30
-33
-39
-44
-50
-59
-66
-70
-68
-66
-62
-58
-59
-66
-71
-72
-72
-75
-74
-73
-69
-64
-58
-55
-51
-47
-45
-41
-39
-38
-32
-22
-14
-8
-2
5
9
8
3
-2
-6
-9
-7
-3
0
0
6
9
15
27
37
47
52
54
56
53
53
58
58
54
49
45
39
35
37
38
36
36
40
46
47
46
47
49
47
47
53
58
60
64
67
65
63
60
57
51
50
49
44
34
29
27
25
24
24
25
26
31
36
38
41
45
46
44
40
31
21
6
-7
-18
-25
-35
-42
-44
-54
-58
-58
-58
-60
-62
-62
-61
-60
-59
-58
-52
-48
-43
-41
-41
-39
-38
-38
-41
-44
-51
-59
-68
-75
-81
-85
-82
-79
-78
-77
-75
-70
-59
-43
-27
-12
-1
5
8
8
8
5
-1
-7
-11
-18
-25
-26
-24
-20
-17
-18
-19
-16
-7
0
9
19
25
31
41
50
57
69
78
82
84
85
79
70
61
55
52
45
38
29
21
18
17
16
14
16
21
28
34
35
38
45
54
60
60
52
39
25
17
8
-8
-19
-29
-38
-46
-49
-50
-49
-43
-36
-29
-26
-23
-22
-16
-3
8
16
20
18
15
8
6
3
-2
-5
-11
-18
-24
-32
-31
-29
-23
-11
-4
-3
-3
-3
2
11
20
25
26
24
23
21
23
25
23
17
6
-2
-12
-16
-16
-16
-12
-11
-11
-10
-12
-11
-6
-4
-5
-9
-18
-26
-24
-16
-4
5
13
12
6
-3
-10
-19
-29
-32
-35
-37
-37
-40
-36
-31
-27
-18
-12
-4
6
13
16
18
17
18
23
28
34
33
24
12
2
-6
-7
-6
-3
1
-1
-3
-5
-12
-11
-3
8
19
30
32
26
22
13
10
13
16
13
11
6
5
6
5
5
-1
-7
-8
-11
-3
8
18
27
30
36
43
46
50
48
41
33
20
8
-2
-14
-22
-30
-36
-41
-48
-54
-65
-69
-68
-64
-58
-54
-51
-44
-39
-35
-28
-23
-24
-23
-23
-22
-14
-11
-9
-7
-10
-11
-12
-11
-3
6
13
22
28
37
45
55
68
76
81
76
68
56
43
39
31
23
15
5
-9
-16
-20
-20
-18
-18
-19
-17
-8
-3
-2
-2
-5
-6
-3
5
13
21
24
24
20
16
11
1
-10
-21
-26
-24
-15
-11
-11
-11
-19
-22
-14
-6
-1
4
2
-1
-2
0
5
8
8
4
-7
-11
-14
-20
-25
-29
-29
-18
-4
11
19
22
23
24
23
28
29
29
30
29
30
35
39
40
39
34
25
17
14
8
0
-8
-13
-16
-19
-23
-25
-25
-22
-24
-20
-17
-20
-22
-24
-27
-30
-33
-31
-29
-29
-33
-36
-41
-43
-42
-43
-43
-44
-43
-46
-48
-52
-55
-49
-42
-36
-31
-27
-28
-26
-27
-29
-27
-22
-21
-14
-2
2
6
8
11
16
23
27
28
30
35
42
51
57
67
73
72
71
68
70
70
69
65
66
67
67
66
63
65
67
69
75
77
78
71
61
56
52
48
42
38
37
40
36
29
21
21
22
15
1
-10
-15
-15
-23
-30
-32
-28
-25
-28
-32
-36
-42
-47
-50
-52
-57
-66
-77
-82
-80
-78
-84
-89
-84
-78
-78
-85
-90
-84
-77
-73
-68
-54
-38
-26
-23
-22
-23
-24
-25
-23
-20
-18
-12
-5
-2
-3
-1
-3
-14
-19
-19
-20
-23
-29
-27
-21
-15
-6
4
9
10
17
23
28
29
26
27
24
24
31
37
42
46
49
48
48
47
38
29
21
20
22
23
19
16
11
2
-5
-5
-2
-2
-1
2
9
14
17
24
29
35
38
35
34
37
35
28
26
32
39
49
55
58
59
60
54
48
42
31
28
24
19
21
20
16
14
10
8
9
3
-7
-13
-17
-21
-23
-25
-25
-28
-34
-35
-32
-27
-21
-20
-25
-29
-31
-37
-42
-45
-42
-42
-43
-42
-38
-33
-28
-25
-21
-16
-16
-21
-27
-26
-23
-19
-18
-19
-20
-21
-22
-21
-21
-23
