SAMPLES:	23698
BITSPERSAMPLE:	16
CHANNELS:	1
SAMPLERATE:	16000
NORMALIZED:	FALSE
5
10
6
1
-1
2
7
8
3
-3
-6
-7
0
4
0
-9
-12
-6
4
8
1
-8
-8
-2
-2
-4
-5
-1
-2
-4
-4
-1
-1
-1
-7
-15
-18
-19
-18
-19
-17
-19
-26
-28
-28
-22
-20
-22
-24
-22
-18
-15
-11
-6
-9
-13
-12
-2
10
12
5
2
8
17
23
24
20
17
15
15
17
17
17
16
12
6
7
8
9
14
12
5
-1
1
4
4
1
-4
-9
-10
-9
-3
3
1
-5
-6
-1
5
8
5
1
-3
-3
2
9
12
8
-1
-3
2
7
10
10
9
4
-2
-2
0
4
1
-2
-7
-10
-6
-2
3
-1
-8
-11
-6
4
7
-3
-13
-12
-4
6
10
6
1
-4
1
9
16
16
9
1
2
7
9
10
8
2
-2
-2
1
3
5
2
-2
-3
-7
-13
-8
0
-2
-14
-21
-13
-5
-5
-9
-15
-14
-10
-2
3
1
-4
-7
-3
7
13
13
5
-1
0
5
9
7
7
5
0
-2
0
3
2
2
1
-1
-6
-10
-7
1
0
-5
-12
-10
-4
0
0
-1
-6
-10
-2
5
5
1
-1
-1
2
8
9
8
6
4
5
8
10
10
9
6
4
2
2
2
4
7
4
-6
-10
-5
2
1
-2
-7
-10
-9
-8
-4
-5
-12
-16
-14
-6
0
-2
-5
-7
-7
-1
3
6
8
6
4
4
11
15
16
15
11
7
5
6
10
11
7
1
-5
-3
1
1
-3
-6
-11
-10
-7
-5
-3
-6
-9
-14
-10
-3
-3
-5
-6
-6
-7
-4
2
5
0
-5
-5
-1
4
6
7
5
2
3
5
8
11
13
8
2
3
8
13
9
0
-7
-5
-2
-4
-6
-7
-10
-15
-14
-10
-10
-9
-11
-14
-12
-4
4
8
10
7
3
4
10
15
14
11
8
5
7
10
12
6
-1
-5
-5
-5
-6
-5
-7
-7
-6
-4
-6
-4
0
1
-4
-9
-4
4
10
8
1
0
3
9
10
9
4
-2
-3
-1
4
4
1
-2
-4
0
4
5
1
-3
-3
-1
-2
-5
-7
-4
-1
-2
-5
-8
-4
0
-3
-9
-14
-11
-5
-1
-5
-8
-5
0
4
6
6
7
7
7
7
8
12
14
11
8
9
11
11
4
1
2
7
6
-2
-5
-2
4
7
-1
-7
-7
-2
-2
-10
-14
-13
-8
-3
-3
-2
-6
-9
-9
-6
-5
-4
-7
-9
-11
-6
2
9
9
2
-1
0
4
5
4
2
1
0
1
3
3
5
5
2
-1
-3
-2
-4
-8
-8
-7
-4
-2
-1
5
5
-1
-5
-5
-1
2
-1
-2
-5
-1
6
8
9
8
5
4
3
4
7
5
4
3
4
3
2
2
2
3
3
-1
-5
-2
1
3
-3
-9
-8
-1
5
5
-2
-7
-4
0
4
6
4
1
0
0
1
1
1
-3
-5
-3
-2
-1
-2
-1
-2
-1
-2
-6
-5
1
5
3
-2
-4
-1
1
4
0
-6
-9
-6
-1
1
-2
-5
-9
-6
-1
3
5
3
2
3
4
8
8
5
3
4
5
3
0
2
5
7
0
-7
-5
1
5
-1
-8
-9
-6
-1
2
-1
-5
-9
-5
3
5
4
-1
-2
2
8
9
6
4
3
3
0
-3
-5
-4
-3
-7
-7
-8
-5
1
4
3
0
-3
-2
4
8
3
-2
-3
-1
0
1
-1
-2
-3
-2
-4
-4
1
5
3
-2
-4
0
1
2
0
-4
-5
-4
1
3
2
2
-2
-1
2
1
0
1
4
3
0
0
0
3
4
2
-1
-5
-2
2
5
5
-2
-4
-1
5
8
3
-2
-3
0
-1
-4
-4
-1
-2
-3
-4
2
8
7
5
3
1
2
2
2
0
1
1
0
2
4
4
2
-2
-4
-6
-2
1
-1
0
-2
-2
0
1
2
0
-3
-4
-1
-2
-4
-3
-1
-2
-3
-4
-3
2
4
1
-4
-5
-3
-1
-4
-8
-7
-4
-5
-4
1
2
1
-4
-7
-4
-1
-1
-3
-4
-4
0
1
0
1
1
1
-1
0
1
3
3
2
3
2
1
1
3
4
3
-1
-2
2
6
5
2
2
1
4
8
10
8
6
2
4
8
7
5
1
-2
-1
3
4
5
6
5
3
4
7
9
6
1
0
2
2
2
4
6
3
-2
-1
5
8
5
-1
-6
-4
1
2
-1
-2
-6
-7
-6
-4
-2
-4
-12
-16
-12
-5
-2
-4
-8
-6
-4
-1
-1
-4
-8
-10
-10
-9
-6
-4
-3
-3
-2
-2
1
2
1
-4
-9
-11
-8
-7
-7
-7
-8
-5
-3
-2
1
0
-3
-8
-7
-1
2
0
-2
-2
1
6
8
8
6
3
2
2
5
7
2
-2
-3
0
2
0
-4
-5
-5
-5
-6
-2
1
0
-2
-1
3
4
5
3
5
5
6
5
6
7
6
6
4
5
8
8
7
3
2
2
4
7
6
6
8
9
14
13
11
12
10
9
8
5
3
4
2
3
1
-1
-2
-2
-1
-5
-7
-6
-5
-5
-6
-7
-6
-3
-2
-2
-6
-5
-1
-2
-2
1
1
0
0
-1
-1
0
1
-1
0
-1
-3
-4
-7
-8
-5
-3
-6
-8
-5
0
0
-2
-5
-7
-4
-3
-5
-8
-9
-6
-2
-5
-9
-10
-6
-5
-6
-7
-3
-3
-5
-2
-1
0
4
5
2
3
6
10
11
7
3
3
7
5
2
2
2
-1
-1
0
0
3
3
-2
-6
-4
0
1
-3
-8
-7
-5
0
3
6
4
1
3
8
13
13
12
8
5
6
9
8
2
-2
-4
0
5
6
1
-4
-2
-1
2
2
1
1
0
-3
1
6
6
3
0
0
1
1
1
1
1
0
1
4
5
2
-4
-3
-2
-1
-1
-2
-4
-6
-9
-7
-4
1
1
-4
-7
-7
-1
-2
1
2
2
1
0
0
2
3
1
-3
-3
-1
-2
-7
-12
-10
-3
0
0
-2
-4
-3
0
2
4
5
3
-1
-5
-5
-4
-3
-1
1
-2
-7
-9
-5
-1
0
-3
-6
-9
-7
-2
-4
-7
-7
-4
0
7
7
4
-1
0
5
9
9
6
3
1
2
3
5
3
-1
-2
-3
-2
-2
-2
-1
0
3
0
-2
1
5
7
8
8
6
7
12
15
10
6
7
12
14
13
8
6
9
14
15
12
6
5
5
6
7
8
2
-1
1
4
4
1
-2
-6
-8
-5
-3
-5
-9
-10
-12
-11
-9
-10
-11
-12
-13
-12
-13
-13
-8
-6
-10
-14
-12
-8
0
-1
-7
-11
-8
-4
-1
-2
-3
-3
-6
-7
-1
5
4
-4
-12
-10
-3
2
-1
-9
-11
-8
-3
-1
-3
-5
-5
-5
-5
-2
3
4
0
-4
-3
0
3
2
-1
-2
-1
-2
0
4
3
0
-3
-4
2
3
2
0
1
2
1
2
6
8
5
0
-1
7
15
12
5
3
8
15
14
8
6
8
13
13
12
12
17
17
13
11
14
17
17
12
7
9
13
11
6
2
2
3
0
-6
-5
-2
-1
-8
-13
-9
0
1
-5
-11
-11
-3
0
-2
-7
-8
-4
-2
-3
-4
-3
-3
-4
-3
-2
-2
1
2
1
0
0
0
0
-2
-3
-2
-3
-5
-8
-10
-9
-8
-10
-12
-13
-13
-10
-8
-8
-8
-7
-6
-2
1
0
-3
-2
0
3
3
0
0
2
6
6
3
3
4
9
10
10
6
4
8
11
8
4
-2
-7
-6
-1
0
-6
-14
-15
-12
-8
-8
-9
-8
-8
-6
-4
-4
-1
3
4
1
-2
0
2
6
6
1
-1
2
8
12
11
5
1
4
9
12
12
9
2
-1
3
7
9
5
0
-2
0
1
3
4
3
0
-5
-2
1
3
2
-1
-5
-1
1
0
0
0
-3
-3
3
7
6
3
1
3
3
4
5
4
1
-4
-5
0
5
4
-2
-7
-9
-7
-4
-3
-5
-7
-7
-6
-6
-5
-5
-8
-8
-7
-4
0
-1
-5
-7
-5
-3
0
0
-5
-6
-3
-1
-1
-2
1
2
-2
-7
-6
0
3
2
-3
-2
0
3
-1
-6
-5
1
5
3
-1
-1
0
1
-2
-2
2
5
3
-1
-3
0
2
1
-1
0
2
3
4
4
4
4
6
6
7
6
6
7
7
7
8
8
6
3
3
4
3
4
0
-3
-3
1
4
2
-2
-1
6
10
6
1
3
7
9
8
6
6
9
10
5
1
2
7
6
-1
-5
-4
-1
-1
-6
-5
-3
-6
-11
-14
-10
-2
1
-2
-6
-3
0
0
-3
-5
-1
1
-2
-4
-3
-2
0
-2
-4
-6
-6
-5
-6
-8
-8
-8
-5
-4
-2
-3
-6
-10
-10
-5
0
-1
-2
-5
-6
-3
0
1
0
0
1
2
2
2
5
6
3
-1
-1
-3
-3
-5
-7
-7
-4
0
-1
-1
-2
0
1
1
0
3
6
7
6
5
8
10
10
8
4
1
0
1
2
2
1
0
1
1
1
1
0
2
1
0
-2
-4
0
2
-1
-3
0
5
8
5
4
5
9
10
7
4
4
3
2
0
-2
-5
-6
-4
-5
-5
-5
-2
1
2
0
-5
-4
2
6
5
1
-3
0
3
3
-1
-8
-8
-4
-2
-2
-3
2
4
4
3
4
7
6
3
-1
0
3
3
2
-1
-1
-1
-4
-6
-3
1
-2
-9
-11
-6
-1
3
1
-3
-5
-1
2
3
2
0
-3
-6
-4
0
3
0
-4
-5
-4
-1
2
5
6
1
-2
-3
1
3
1
0
-1
-3
0
6
5
3
0
0
1
0
0
-2
-4
-7
-4
-1
1
3
3
-1
-7
-4
0
0
1
0
0
1
4
8
11
9
3
4
8
10
9
6
3
4
4
2
-2
-1
0
-1
-2
-3
-1
3
3
-1
-2
0
2
2
4
1
0
0
2
3
2
-1
-3
-1
0
2
2
1
-1
0
1
1
-1
-1
-1
-3
-5
-3
-2
-5
-6
-6
-5
-4
-4
-5
-3
-3
-3
-5
-6
-2
1
-1
-3
-6
-5
-1
-1
-4
-6
-4
0
3
0
-4
-3
1
2
1
-4
-4
-2
-1
1
0
-2
-2
-4
-5
-1
0
-1
-1
-3
-3
0
2
1
1
-2
-3
0
1
1
3
3
0
1
1
6
9
7
0
-2
3
10
11
5
-1
-2
2
6
5
2
-1
-2
0
3
3
5
5
2
0
0
3
7
10
6
0
-3
-1
3
7
3
-2
-1
2
7
7
5
4
1
-2
-1
2
3
3
0
-2
1
3
2
-2
-1
0
-1
-2
-3
0
2
0
-7
-7
-4
-2
-4
-5
-9
-12
-12
-7
-2
-3
-7
-10
-7
-3
-1
0
0
-1
0
-1
0
1
0
-3
-4
-5
-5
-6
-6
-2
-2
-4
-5
-2
3
3
-2
-3
1
3
4
3
1
-3
-3
-3
1
1
-1
-3
-2
-1
0
1
2
3
2
-1
0
3
8
7
6
4
5
6
6
4
3
1
2
2
2
1
0
-1
-2
0
0
3
3
3
2
1
1
1
2
1
0
1
0
0
1
2
4
4
2
1
4
3
2
1
0
0
1
2
3
2
-2
-1
1
0
0
-1
0
2
2
3
1
-2
-3
-1
-1
-3
-5
-4
-1
-1
-3
-7
-7
-5
-2
0
-1
-2
0
1
-1
-2
0
0
0
-2
-1
0
2
1
0
1
0
0
-2
-1
1
3
2
-3
-5
-3
3
3
-4
-9
-8
-3
0
1
-2
-2
1
4
7
6
3
2
4
5
2
0
3
3
-1
-4
-5
-4
1
2
0
-3
-2
0
2
0
0
2
3
1
-1
2
4
3
0
-3
-2
1
0
-4
-7
-6
-4
-4
-2
-2
-1
-1
1
2
2
2
1
1
2
3
4
4
3
3
4
4
5
4
2
0
0
-1
-4
-6
-2
2
1
0
1
3
4
1
0
-1
1
-2
-2
0
1
0
-2
-1
1
4
3
1
1
0
3
2
-2
-4
0
3
1
-1
-1
0
1
-3
-4
-2
-1
-4
-4
-2
1
-1
-2
-1
1
0
-3
-5
-6
-5
-3
-4
-3
-4
-4
-1
0
0
-2
-3
-4
-4
-3
-2
-4
-1
-3
-3
1
3
3
2
1
4
4
1
0
4
6
6
4
5
9
12
10
10
8
5
3
4
5
3
-1
-5
-1
2
3
-4
-6
-2
2
-1
-6
-6
-3
-3
-6
-7
-7
-5
-3
-2
-1
-1
-1
0
2
3
3
1
0
1
2
0
0
-2
-3
-1
4
5
4
2
4
10
9
5
3
7
6
4
3
4
6
5
1
0
1
1
-1
0
0
-4
-5
-5
-4
-6
-7
-12
-11
-9
-7
-6
-8
-9
-6
-5
-6
-8
-8
-8
-7
-5
-3
-3
0
1
-1
-2
-2
2
7
4
0
0
3
2
1
5
6
3
1
2
7
7
6
2
2
3
6
8
6
3
3
4
4
4
3
1
1
1
1
2
2
3
3
1
-2
-1
3
4
0
-3
-5
-5
-1
0
0
-2
-5
-5
-4
-2
-1
-2
-2
-1
2
3
4
2
0
-1
-4
-3
-4
-5
-6
-5
-4
-2
-3
-4
0
4
4
0
0
4
9
8
1
0
2
6
7
3
0
-1
0
1
1
2
-2
-3
-2
-1
-1
-2
-1
2
2
-1
1
3
2
2
0
-1
-1
-1
-2
-3
-2
-2
-2
-2
-1
2
3
0
-2
-1
1
1
-1
-3
-2
-5
-6
-5
-5
-5
-5
-4
-3
-1
2
4
5
4
1
1
4
5
2
-2
-3
-2
0
-1
-3
-4
-1
0
-1
-2
-2
1
1
-2
-2
0
3
5
4
2
2
2
3
3
4
3
3
3
3
6
6
3
2
2
4
6
5
3
0
1
3
2
-2
-3
-2
-4
-7
-8
-7
-4
-5
-7
-7
-4
0
-1
0
0
0
0
1
1
0
2
0
2
2
2
4
3
5
3
1
2
4
4
3
1
0
0
1
1
-1
-2
-1
-1
-3
-3
-3
-3
-1
-2
-4
-4
-1
0
-1
-3
-2
-3
-1
-3
-4
-2
-1
0
0
1
1
1
-1
-3
-5
-3
-1
-2
-4
-4
0
1
0
-1
0
1
1
0
-1
-1
1
2
2
2
0
1
2
3
1
1
1
0
1
-1
-4
-2
-1
0
-1
-3
-1
2
4
1
-3
-1
5
4
0
-2
3
4
3
1
1
3
4
1
-2
-1
1
5
3
-2
0
4
4
1
-2
1
5
2
-1
-1
2
5
3
-1
-2
4
7
3
-1
0
4
6
3
-2
-3
2
5
0
-4
-3
1
4
2
-3
-2
2
2
-1
-4
-3
0
0
-4
-4
-1
0
-4
-6
-5
-1
1
-3
-8
-4
-1
-1
-3
-5
-1
3
1
-4
-4
-1
2
1
-1
-4
-2
1
0
0
1
0
1
4
1
-1
0
1
1
-1
1
3
3
1
-1
-1
2
2
1
3
3
1
0
0
2
3
1
-1
0
2
2
2
1
1
1
1
2
1
1
0
0
1
0
0
-2
-1
2
1
-1
-2
-2
-1
-4
-3
-4
-3
-2
-1
-1
-3
-3
-2
-1
1
1
-3
-3
-2
0
1
1
0
0
3
4
3
1
-1
-1
2
4
2
-1
-1
4
7
5
3
4
4
6
7
5
3
4
3
4
6
5
4
2
4
5
1
-5
-6
-3
3
2
-3
-6
-3
0
0
-4
-9
-8
-4
-3
-5
-9
-11
-10
-7
-4
-4
-6
-8
-9
-6
-5
-9
-11
-10
-6
-3
-3
-3
-3
1
3
4
1
-3
-1
7
10
8
3
1
6
11
11
7
5
8
7
6
6
8
10
8
6
7
7
5
1
1
4
7
5
1
-2
-3
0
1
1
0
-2
-4
-7
-8
-8
-7
-4
-4
-5
-6
-7
-6
-5
-6
-4
-5
-8
-6
-3
-2
-3
-6
-6
-3
4
5
0
-2
1
5
5
3
1
5
6
6
6
7
7
6
5
5
7
6
6
5
3
-1
1
3
4
0
-1
-1
-2
-5
-8
-7
-3
-2
-3
-6
-6
-4
-3
-5
-6
-4
-2
-1
1
1
-1
0
-1
1
1
2
2
2
2
0
3
4
4
5
3
2
2
1
-2
-2
-3
0
1
-3
-7
-6
-3
-1
-3
-6
-6
-2
0
-1
-5
-5
-2
1
-1
-4
-3
0
2
0
-1
-1
2
7
3
2
5
7
9
8
6
6
6
5
3
4
6
3
-1
-6
-2
3
3
0
-6
-7
-2
1
-1
-3
-2
-2
-2
-4
-2
-1
1
1
-2
-4
-1
2
2
0
0
1
3
4
3
1
2
3
2
2
5
4
1
-2
-3
-1
1
-1
-5
-5
-5
-4
-2
-1
0
-3
-4
-3
-2
0
1
0
-2
-1
2
3
5
3
2
1
-1
1
2
4
4
3
2
3
3
4
1
-3
-6
-5
-3
-7
-16
-20
-19
-15
-10
-8
-5
-4
-1
7
15
19
19
17
13
7
0
-2
1
2
5
5
7
9
14
18
16
16
21
23
21
15
14
14
9
3
-2
-4
-6
-6
-6
-6
-4
-1
-3
-8
-11
-10
-7
-10
-14
-14
-9
-7
-9
-11
-8
-6
-6
-6
-8
-9
-1
7
10
10
10
11
11
10
6
2
1
-1
-3
-8
-9
-7
-7
-13
-24
-32
-32
-29
-30
-34
-35
-32
-29
-30
-28
-27
-26
-25
-23
-20
-19
-16
-7
-2
1
-2
0
9
16
20
15
7
1
4
19
27
23
12
2
6
12
10
8
12
23
25
13
15
28
54
89
137
193
227
227
192
137
82
29
-14
-68
-141
-205
-241
-255
-245
-198
-119
-44
-1
9
5
2
-8
-41
-103
-171
-226
-266
-315
-365
-366
-301
-216
-180
-180
-154
-66
23
46
22
10
34
70
71
49
46
89
133
121
78
71
119
163
154
130
151
193
218
215
221
245
284
315
294
247
217
226
239
202
132
70
22
-21
-58
-54
-21
-5
-32
-68
-69
-11
79
107
80
60
101
162
162
122
122
159
183
141
104
121
152
155
126
112
115
124
133
138
135
127
104
81
56
38
37
19
-19
-63
-79
-76
-85
-121
-157
-167
-174
-202
-258
-315
-327
-321
-327
-371
-405
-381
-352
-350
-371
-350
-287
-248
-257
-280
-287
-274
-268
-289
-314
-323
-305
-293
-303
-324
-331
-312
-307
-317
-306
-261
-210
-175
-145
-111
-79
-44
-26
-30
-22
15
46
58
51
48
63
70
88
114
175
226
259
295
324
365
428
463
461
448
437
437
429
427
399
364
333
338
344
290
194
94
63
135
307
529
708
803
858
919
967
936
877
792
643
433
196
29
-63
-76
-29
23
40
58
150
257
270
196
135
103
49
-100
-279
-427
-513
-528
-515
-508
-530
-563
-568
-487
-363
-284
-290
-331
-344
-370
-395
-392
-358
-330
-373
-431
-464
-451
-386
-329
-325
-386
-462
-495
-493
-477
-454
-430
-403
-381
-351
-320
-279
-187
-89
-56
-104
-154
-151
-157
-245
-348
-390
-399
-432
-498
-519
-468
-388
-305
-279
-266
-207
-106
-12
-5
-36
-41
-20
-5
-9
-7
21
56
97
143
175
198
234
292
310
288
253
254
243
184
105
63
91
101
105
105
142
226
352
454
548
644
771
889
897
842
838
1028
1230
1292
1226
1224
1361
1507
1532
1508
1497
1509
1510
1420
1279
1113
1046
1006
893
652
422
324
288
145
-91
-258
-330
-369
-516
-713
-870
-930
-960
-1036
-1199
-1360
-1419
-1377
-1345
-1374
-1402
-1379
-1257
-1170
-1161
-1155
-1053
-893
-815
-846
-897
-850
-688
-555
-512
-548
-541
-406
-250
-165
-176
-156
-78
-40
-69
-129
-169
-140
-75
-54
-141
-212
-138
8
77
48
25
43
75
31
-66
-144
-172
-177
-203
-266
-318
-309
-228
-154
-115
-110
-108
-84
-85
-93
-114
-119
-119
-151
-220
-254
-225
-146
-70
-54
-104
-130
-118
-112
-145
-202
-182
-171
-172
-196
-175
-23
150
318
413
471
548
657
787
853
828
777
775
809
800
706
657
706
778
814
824
902
1078
1222
1308
1444
1690
1979
2129
2194
2259
2320
2340
2309
2259
2090
1779
1466
1203
920
591
306
135
-56
-322
-552
-651
-674
-774
-953
-1108
-1210
-1285
-1362
-1462
-1554
-1610
-1594
-1555
-1563
-1611
-1578
-1445
-1314
-1303
-1391
-1403
-1352
-1319
-1407
-1527
-1561
-1519
-1470
-1464
-1436
-1329
-1125
-887
-684
-542
-383
-195
-33
33
24
37
69
87
44
-4
-12
1
43
68
76
97
178
267
316
342
358
346
287
190
115
75
24
-57
-132
-199
-245
-204
-125
-77
-84
-83
-51
-9
8
-1
39
87
90
70
61
65
101
145
166
127
58
16
19
51
28
-19
-33
1
69
139
216
311
388
425
471
540
605
659
700
700
705
750
852
953
1011
1042
1080
1139
1167
1221
1226
1195
1146
1138
1197
1379
1657
1891
2044
2136
2278
2411
2481
2416
2249
1966
1597
1215
818
435
91
-148
-309
-445
-577
-641
-623
-594
-667
-799
-933
-1058
-1225
-1515
-1862
-2163
-2352
-2473
-2595
-2747
-2833
-2769
-2561
-2321
-2112
-1948
-1772
-1575
-1440
-1384
-1321
-1246
-1234
-1293
-1395
-1441
-1413
-1313
-1172
-1044
-928
-830
-701
-543
-409
-313
-273
-238
-195
-166
-137
-75
31
133
220
334
477
633
784
949
1097
1171
1180
1161
1146
1101
1014
900
785
681
564
463
418
393
394
415
456
480
466
469
474
481
466
441
410
351
283
202
158
140
116
56
-12
-29
-9
29
58
85
107
150
189
192
146
98
87
81
43
-43
-80
-29
67
131
189
269
356
471
592
706
811
936
1048
1068
965
898
931
1011
1083
1242
1528
1818
1997
2108
2266
2420
2466
2330
2084
1779
1461
1103
716
349
106
-38
-138
-229
-334
-394
-382
-316
-386
-628
-945
-1222
-1484
-1838
-2229
-2531
-2742
-2882
-3006
-3057
-2985
-2803
-2509
-2223
-1997
-1832
-1650
-1431
-1290
-1281
-1333
-1376
-1413
-1458
-1518
-1573
-1526
-1360
-1182
-1032
-905
-751
-568
-379
-244
-207
-182
-101
-31
-47
-106
-62
140
356
497
598
745
977
1165
1251
1222
1118
1035
936
811
663
540
482
456
446
427
432
528
668
754
719
634
613
646
674
610
521
518
600
682
693
694
709
736
722
604
444
320
213
80
-113
-304
-401
-399
-369
-393
-416
-341
-150
13
97
144
205
295
329
329
286
298
386
465
500
506
568
725
877
937
939
941
968
986
1018
1050
1203
1449
1780
2046
2195
2316
2482
2684
2733
2603
2339
2106
1824
1437
952
514
202
-45
-306
-592
-854
-1009
-1023
-1054
-1183
-1428
-1634
-1778
-1967
-2280
-2595
-2768
-2805
-2837
-2896
-2911
-2814
-2564
-2301
-2124
-2011
-1894
-1759
-1635
-1632
-1692
-1736
-1743
-1779
-1884
-1989
-1986
-1853
-1680
-1522
-1426
-1319
-1154
-936
-788
-756
-717
-573
-398
-279
-184
-32
206
444
618
740
868
1038
1234
1347
1327
1256
1225
1245
1198
1056
924
853
874
870
820
801
858
987
1058
1009
924
910
969
1037
1041
1031
1063
1147
1205
1198
1167
1178
1225
1206
1086
876
712
621
519
372
177
-15
-158
-244
-300
-341
-348
-285
-185
-71
12
104
251
402
502
516
547
615
693
694
631
592
581
589
578
567
581
611
670
745
782
820
973
1285
1626
1815
1895
1984
2136
2252
2201
2060
1880
1678
1405
1059
709
399
132
-84
-329
-624
-897
-1169
-1381
-1635
-1988
-2373
-2721
-3004
-3257
-3515
-3685
-3746
-3724
-3615
-3463
-3224
-2927
-2599
-2230
-1919
-1711
-1541
-1414
-1309
-1283
-1355
-1408
-1457
-1519
-1587
-1651
-1657
-1570
-1413
-1246
-1149
-1106
-1038
-893
-695
-523
-415
-287
-111
46
184
334
558
819
992
1069
1134
1215
1319
1377
1348
1277
1176
1132
1182
1190
1152
1115
1149
1266
1326
1345
1386
1458
1515
1484
1382
1338
1383
1469
1518
1480
1465
1540
1646
1716
1662
1542
1445
1375
1230
944
628
401
250
68
-150
-321
-362
-341
-330
-373
-360
-251
-120
-31
21
64
95
212
329
386
395
456
618
741
718
665
659
632
580
454
389
354
335
395
346
240
385
785
1341
1693
1621
1536
1648
1862
1898
1577
1161
892
551
159
-280
-691
-836
-826
-824
-957
-1324
-1560
-1483
-1500
-1731
-2245
-2740
-2956
-3175
-3493
-3813
-4003
-3821
-3513
-3355
-3244
-3112
-2697
-2104
-1712
-1548
-1513
-1463
-1242
-1119
-1176
-1226
-1183
-1016
-951
-1073
-1114
-967
-677
-446
-528
-713
-802
-699
-469
-429
-541
-496
-330
-131
17
152
483
901
1194
1287
1229
1320
1648
1908
1929
1726
1614
1748
1853
1830
1792
1758
1815
1866
1785
1641
1508
1543
1660
1606
1383
1223
1310
1590
1739
1703
1700
1859
2040
2023
1841
1688
1591
1451
1203
825
464
247
215
163
-76
-326
-358
-218
-167
-268
-351
-327
-271
-244
-252
-238
-168
-42
70
110
112
197
378
501
488
382
361
419
404
274
107
18
26
45
45
22
89
354
665
864
930
1009
1159
1272
1186
883
488
182
-36
-315
-687
-1071
-1286
-1360
-1411
-1515
-1664
-1829
-1913
-1995
-2269
-2694
-3065
-3257
-3430
-3688
-3888
-3883
-3712
-3457
-3203
-2911
-2530
-2069
-1614
-1280
-1103
-998
-837
-627
-561
-677
-784
-761
-635
-591
-659
-654
-486
-291
-164
-141
-134
-26
110
182
165
111
154
300
468
581
628
782
1069
1332
1490
1587
1787
2068
2237
2251
2190
2180
2259
2283
2176
2026
1916
1879
1869
1751
1589
1509
1514
1546
1485
1346
1297
1378
1504
1546
1503
1515
1580
1608
1553
1397
1221
1095
973
785
515
259
119
40
-55
-166
-288
-351
-292
-236
-292
-396
-456
-413
-366
-382
-430
-423
-331
-213
-121
-88
-60
8
113
152
77
-46
-108
-126
-232
-428
-551
-493
-408
-381
-416
-410
-376
-276
-48
152
270
359
523
666
601
316
74
-45
-166
-431
-816
-1115
-1299
-1407
-1541
-1735
-1931
-2049
-2137
-2213
-2389
-2689
-2916
-3039
-3083
-3112
-3117
-3010
-2791
-2523
-2206
-1954
-1705
-1378
-1064
-828
-757
-728
-552
-359
-244
-229
-332
-324
-184
-25
110
128
149
303
459
544
548
585
798
971
962
901
921
1111
1331
1439
1502
1555
1692
1923
2038
2060
2121
2218
2291
2190
1979
1885
1903
1902
1754
1504
1354
1343
1354
1320
1204
1122
1086
1000
947
925
930
1002
1019
924
813
782
869
917
774
566
456
425
373
246
117
66
62
22
-62
-158
-234
-297
-385
-550
-784
-969
-1072
-1099
-1154
-1225
-1183
-980
-743
-575
-422
-243
-52
139
257
238
115
-67
-168
-192
-261
-394
-472
-435
-348
-260
-193
-147
-108
-102
-196
-325
-415
-435
-389
-417
-536
-585
-510
-370
-269
-267
-323
-369
-412
-496
-713
-1008
-1265
-1487
-1666
-1898
-2159
-2293
-2278
-2151
-2023
-1977
-1830
-1534
-1215
-1033
-1012
-956
-822
-712
-703
-778
-840
-781
-671
-548
-473
-430
-304
-98
42
45
22
118
323
413
348
306
466
771
977
1033
1069
1186
1427
1622
1650
1633
1669
1780
1868
1805
1743
1813
1958
2027
1917
1775
1776
1868
1830
1577
1249
1085
1037
895
654
422
362
468
521
504
522
617
818
931
900
794
718
725
641
361
-3
-226
-262
-284
-467
-622
-575
-417
-330
-354
-369
-312
-257
-343
-534
-793
-988
-1066
-1104
-1169
-1259
-1232
-1008
-710
-447
-210
27
308
544
629
576
459
360
278
148
-58
-288
-426
-409
-320
-263
-223
-160
-54
8
-56
-152
-266
-372
-508
-728
-917
-939
-835
-707
-636
-565
-367
-166
-56
-25
-97
-198
-300
-527
-888
-1313
-1632
-1705
-1746
-1838
-1886
-1808
-1514
-1169
-936
-723
-502
-274
-139
-233
-404
-534
-604
-644
-779
-967
-1080
-1008
-750
-477
-306
-129
115
342
521
610
766
998
1160
1254
1217
1149
1187
1285
1414
1465
1348
1243
1165
1093
1025
922
875
899
906
870
869
975
1205
1383
1438
1446
1431
1427
1373
1246
1071
831
615
487
374
275
241
339
496
556
558
602
674
707
593
367
98
-192
-400
-537
-692
-823
-813
-678
-494
-362
-217
-8
161
213
113
-107
-366
-617
-819
-1016
-1246
-1396
-1393
-1264
-1079
-836
-469
-84
217
401
471
482
462
393
206
-56
-287
-475
-629
-706
-652
-520
-416
-314
-167
-33
35
87
84
-62
-302
-522
-674
-843
-983
-925
-721
-537
-385
-198
102
390
555
663
682
602
472
296
54
-268
-543
-618
-644
-745
-853
-867
-713
-512
-425
-409
-427
-482
-560
-749
-959
-1112
-1229
-1299
-1348
-1373
-1306
-1128
-814
-451
-190
31
325
669
937
1060
1108
1174
1189
1097
938
777
646
520
399
281
133
46
61
130
234
289
361
514
695
856
948
1046
1245
1407
1462
1441
1445
1501
1493
1414
1293
1169
1080
1001
936
900
852
814
739
604
439
301
186
45
-162
-418
-670
-867
-966
-1027
-1088
-1080
-976
-859
-764
-672
-517
-299
-161
-163
-233
-300
-345
-411
-495
-554
-575
-535
-471
-420
-324
-151
34
172
212
190
159
161
177
101
-55
-193
-265
-268
-275
-292
-281
-263
-255
-247
-244
-241
-256
-320
-430
-540
-609
-616
-626
-689
-715
-615
-417
-209
-8
194
412
603
777
918
971
986
988
944
768
486
272
191
130
16
-173
-383
-515
-565
-604
-713
-869
-1002
-1118
-1275
-1496
-1674
-1654
-1485
-1367
-1373
-1365
-1163
-790
-389
-75
137
311
498
651
745
803
847
880
837
651
383
163
99
134
86
-78
-230
-258
-151
-15
84
174
280
435
577
690
861
1087
1312
1467
1543
1640
1775
1876
1940
1902
1764
1648
1564
1467
1295
1074
912
748
541
338
160
43
-63
-217
-416
-614
-744
-776
-803
-884
-996
-1059
-1019
-938
-858
-754
-638
-507
-408
-388
-377
-327
-221
-166
-239
-382
-459
-427
-328
-264
-251
-201
-124
-56
-23
-47
-99
-135
-190
-301
-471
-634
-728
-759
-820
-940
-1047
-1079
-1017
-940
-849
-723
-604
-511
-398
-234
-38
106
131
160
307
534
765
931
1057
1201
1376
1518
1553
1522
1463
1393
1276
1021
628
275
104
24
-137
-441
-769
-947
-961
-959
-1047
-1190
-1320
-1406
-1443
-1480
-1531
-1531
-1426
-1304
-1259
-1252
-1175
-907
-554
-303
-199
-128
27
254
473
596
634
664
673
633
541
412
334
292
209
72
-111
-216
-171
-89
-33
-8
93
337
600
818
1068
1359
1663
1915
2036
2076
2116
2130
2052
1844
1533
1277
1105
975
857
720
636
635
679
715
686
614
548
416
192
-139
-494
-755
-1009
-1307
-1554
-1719
-1736
-1621
-1469
-1283
-1084
-820
-529
-326
-191
-104
-42
13
-49
-227
-398
-492
-487
-450
-450
-439
-399
-327
-253
-214
-197
-241
-351
-516
-762
-1070
-1304
-1425
-1510
-1625
-1736
-1668
-1411
-1144
-854
-494
-176
108
393
679
942
1077
1114
1150
1146
1144
1230
1414
1581
1596
1588
1649
1701
1697
1643
1540
1392
1097
662
232
-116
-312
-464
-746
-1107
-1367
-1422
-1321
-1241
-1213
-1198
-1178
-1115
-1074
-1060
-983
-859
-747
-744
-863
-890
-751
-506
-274
-197
-206
-189
-112
34
132
144
198
218
143
16
-105
-93
0
3
-58
-156
-199
-84
98
265
385
521
773
1049
1288
1505
1710
1931
2087
2087
2009
1900
1819
1713
1445
1109
827
689
652
576
515
551
646
765
815
792
777
730
600
317
-116
-523
-834
-1104
-1378
-1680
-1883
-1904
-1789
-1612
-1417
-1164
-834
-541
-357
-238
-174
-132
-172
-340
-557
-789
-944
-992
-1000
-982
-944
-866
-710
-566
-467
-391
-402
-527
-735
-972
-1194
-1421
-1596
-1662
-1661
-1568
-1414
-1190
-804
-318
151
507
778
1107
1457
1667
1701
1622
1592
1663
1747
1791
1776
1798
1899
1982
1960
1876
1817
1741
1556
1214
780
317
-96
-426
-706
-960
-1172
-1269
-1280
-1253
-1145
-958
-740
-585
-518
-462
-434
-434
-464
-511
-561
-677
-791
-818
-796
-726
-593
-484
-408
-353
-282
-166
-92
-74
-105
-210
-370
-486
-530
-532
-542
-552
-518
-516
-457
-230
68
367
583
782
1027
1239
1455
1675
1815
1864
1835
1733
1631
1539
1451
1326
1069
797
610
501
482
478
486
489
479
578
696
740
773
805
761
565
213
-107
-322
-578
-879
-1191
-1437
-1556
-1570
-1489
-1402
-1340
-1190
-976
-792
-748
-820
-878
-935
-1070
-1292
-1502
-1612
-1555
-1414
-1270
-1136
-967
-699
-410
-208
-119
-145
-225
-349
-549
-757
-890
-852
-754
-716
-668
-484
-163
218
624
969
1212
1341
1397
1445
1465
1380
1221
1003
825
790
906
1138
1364
1526
1721
1866
1900
1901
1777
1632
1401
1007
512
-38
-468
-681
-809
-944
-1074
-1138
-1020
-789
-529
-269
-114
-79
-83
-177
-294
-412
-531
-613
-760
-942
-1055
-1059
-897
-656
-490
-392
-401
-419
-352
-308
-261
-235
-332
-471
-629
-753
-753
-689
-545
-394
-315
-204
-35
171
399
619
804
896
894
932
989
1039
1126
1156
1174
1138
1045
1044
1058
1041
1023
953
890
851
811
841
855
851
882
881
836
807
761
750
694
489
208
-109
-366
-595
-886
-1237
-1568
-1788
-1860
-1893
-1905
-1826
-1702
-1540
-1419
-1371
-1307
-1226
-1143
-1100
-1175
-1257
-1223
-1117
-962
-864
-816
-690
-540
-445
-382
-364
-321
-268
-293
-325
-351
-296
-135
-3
75
152
270
429
552
592
622
672
722
770
791
793
805
812
922
1155
1426
1694
1920
2096
2234
2277
2238
2193
2017
1700
1301
828
347
-116
-471
-624
-712
-790
-777
-731
-621
-431
-222
-11
42
-45
-109
-214
-347
-492
-657
-766
-856
-925
-948
-927
-802
-612
-467
-406
-440
-475
-434
-425
-476
-543
-619
-690
-764
-784
-722
-631
-493
-373
-319
-235
-109
54
214
300
320
359
419
474
544
651
796
904
957
1016
1100
1220
1331
1363
1319
1208
1116
1093
1066
1031
1012
965
924
900
847
789
718
614
470
230
-101
-455
-791
-1099
-1433
-1766
-2052
-2287
-2410
-2424
-2376
-2256
-2061
-1815
-1579
-1382
-1196
-1021
-856
-710
-641
-636
-628
-603
-558
-486
-409
-319
-223
-136
-80
-56
-6
77
105
66
46
54
91
133
137
142
156
183
261
339
368
370
415
515
621
726
853
997
1167
1376
1590
1839
2086
2271
2402
2408
2297
2155
1984
1763
1472
1112
721
310
-22
-187
-261
-317
-389
-484
-529
-519
-478
-415
-410
-461
-557
-670
-776
-844
-858
-817
-785
-791
-781
-737
-646
-534
-451
-433
-505
-592
-622
-629
-635
-643
-650
-654
-666
-657
-607
-553
-467
-369
-332
-331
-301
-217
-112
22
170
286
372
467
596
734
849
939
995
1030
1058
1073
1069
1035
993
947
908
873
845
841
849
826
780
728
647
564
466
347
165
-124
-472
-813
-1135
-1426
-1696
-1954
-2193
-2361
-2425
-2374
-2214
-1984
-1747
-1559
-1356
-1146
-935
-726
-555
-444
-404
-423
-424
-371
-292
-209
-161
-90
12
94
172
244
319
402
412
356
298
259
249
240
184
133
80
51
73
100
151
223
299
424
593
777
960
1087
1210
1415
1715
2016
2228
2342
2393
2410
2389
2278
2063
1798
1515
1223
924
562
168
-98
-236
-332
-429
-548
-625
-611
-524
-425
-403
-424
-444
-450
-459
-521
-596
-621
-626
-662
-728
-824
-883
-848
-783
-763
-787
-834
-840
-792
-752
-705
-636
-559
-536
-550
-555
-535
-469
-398
-394
-467
-550
-546
-453
-347
-263
-161
-23
101
225
360
504
640
762
853
908
968
1050
1071
1008
888
803
799
807
772
699
625
597
585
533
449
319
159
-41
-282
-554
-830
-1109
-1376
-1632
-1887
-2096
-2190
-2158
-2068
-1972
-1829
-1595
-1315
-1054
-814
-578
-408
-324
-267
-217
-198
-243
-283
-264
-224
-183
-143
-83
-11
59
141
240
300
283
240
203
176
150
153
160
163
183
245
359
491
646
801
947
1088
1228
1389
1546
1664
1743
1806
1921
2084
2226
2335
2391
2382
2282
2104
1929
1741
1508
1214
854
475
92
-220
-378
-454
-507
-546
-584
-542
-442
-332
-222
-177
-223
-306
-433
-593
-755
-922
-1054
-1193
-1323
-1422
-1474
-1415
-1261
-1082
-932
-857
-782
-647
-502
-348
-233
-175
-191
-278
-369
-435
-485
-533
-587
-653
-733
-786
-785
-741
-645
-547
-471
-404
-338
-243
-115
2
78
142
216
280
373
487
571
625
654
669
701
723
724
729
700
639
559
438
323
188
15
-154
-379
-625
-858
-1074
-1219
-1362
-1491
-1563
-1609
-1572
-1455
-1282
-1065
-865
-673
-488
-346
-215
-117
-66
-10
-9
-15
31
67
128
214
290
362
433
474
488
465
401
297
156
28
-65
-94
-47
47
171
317
509
704
908
1103
1249
1373
1463
1537
1576
1556
1518
1489
1481
1583
1735
1879
2022
2093
2142
2163
2081
1924
1699
1452
1178
808
403
12
-289
-424
-448
-434
-404
-398
-313
-157
-87
-59
-104
-258
-444
-709
-1051
-1378
-1625
-1768
-1902
-2019
-2072
-2011
-1808
-1557
-1327
-1103
-890
-724
-575
-449
-353
-272
-235
-264
-356
-488
-596
-651
-699
-795
-944
-1074
-1147
-1157
-1097
-1017
-943
-853
-755
-675
-593
-493
-346
-172
-46
60
188
345
501
623
753
873
944
991
1022
1046
1033
962
885
834
761
666
587
519
425
277
107
-81
-287
-447
-613
-827
-1008
-1149
-1246
-1308
-1319
-1233
-1117
-976
-824
-681
-498
-321
-167
-1
95
133
165
225
314
350
310
254
198
156
114
36
-32
-64
-64
-27
41
162
374
601
782
963
1146
1307
1424
1468
1474
1436
1368
1325
1301
1293
1312
1351
1473
1704
1958
2205
2393
2514
2571
2514
2325
2064
1749
1390
976
534
137
-231
-509
-632
-624
-589
-589
-618
-593
-568
-595
-659
-818
-1051
-1303
-1567
-1810
-1983
-2069
-2052
-2049
-2048
-1936
-1746
-1493
-1231
-1020
-840
-761
-742
-681
-636
-620
-632
-663
-697
-799
-935
-983
-978
-959
-946
-1012
-1087
-1116
-1066
-950
-865
-790
-687
-589
-520
-452
-359
-235
-140
-59
53
167
280
416
570
713
784
821
904
988
1041
1065
1035
984
957
953
971
952
907
843
743
622
461
291
128
-71
-306
-545
-767
-910
-972
-993
-976
-919
-810
-655
-470
-284
-121
29
158
244
270
253
224
222
174
58
-19
-59
-82
-77
-47
14
78
127
233
391
589
812
1019
1202
1327
1374
1417
1447
1426
1367
1254
1158
1118
1119
1170
1224
1279
1423
1674
1989
2241
2365
2420
2405
2286
2057
1733
1368
1007
618
209
-213
-616
-884
-977
-976
-989
-1051
-1105
-1125
-1140
-1200
-1330
-1484
-1628
-1785
-1952
-2123
-2238
-2248
-2183
-2098
-2021
-1911
-1736
-1506
-1283
-1103
-981
-928
-892
-849
-810
-793
-802
-830
-865
-932
-995
-1020
-1032
-1057
-1112
-1209
-1279
-1255
-1149
-991
-831
-650
-444
-254
-81
90
274
477
611
689
738
771
863
937
973
987
984
1019
1083
1124
1166
1196
1208
1232
1234
1242
1269
1264
1247
1188
1076
943
766
566
349
92
-179
-452
-697
-862
-974
-1035
-1026
-982
-893
-751
-576
-392
-271
-204
-140
-110
-121
-170
-238
-267
-280
-303
-274
-188
-48
122
250
394
541
676
830
956
1062
1162
1222
1258
1269
1256
1253
1234
1218
1201
1159
1135
1134
1164
1215
1230
1226
1263
1374
1548
1706
1816
1885
1921
1912
1806
1634
1438
1184
876
492
33
-421
-803
-1030
-1170
-1334
-1515
-1680
-1757
-1744
-1742
-1767
-1831
-1915
-1983
-2096
-2229
-2292
-2281
-2227
-2176
-2169
-2100
-1953
-1739
-1482
-1264
-1076
-931
-821
-710
-626
-549
-475
-478
-545
-680
-836
-941
-1003
-1067
-1169
-1299
-1383
-1400
-1318
-1161
-977
-753
-529
-319
-115
82
314
558
732
869
983
1117
1294
1447
1553
1622
1678
1723
1772
1791
1775
1741
1685
1616
1544
1483
1442
1384
1313
1193
1014
819
617
397
154
-104
-351
-569
-754
-882
-956
-943
-863
-760
-651
-523
-383
-239
-138
-95
-78
-89
-114
-154
-200
-194
-154
-88
33
141
256
420
589
729
804
824
849
870
897
938
939
934
946
942
972
987
941
926
892
825
767
675
605
606
617
704
868
1029
1223
1393
1552
1736
1775
1695
1565
1318
1016
645
196
-239
-694
-1094
-1376
-1641
-1791
-1867
-1941
-1921
-1894
-1875
-1829
-1870
-1930
-1972
-2072
-2182
-2300
-2372
-2355
-2362
-2323
-2206
-2078
-1853
-1600
-1363
-1106
-895
-723
-566
-461
-361
-313
-344
-386
-486
-625
-742
-879
-972
-1047
-1152
-1169
-1134
-1043
-868
-659
-390
-114
154
451
684
891
1123
1307
1440
1539
1631
1761
1870
1931
1987
2001
2011
2011
1999
1999
1934
1839
1752
1625
1518
1417
1311
1230
1123
994
865
727
597
462
296
110
-122
-355
-527
-671
-768
-809
-816
-804
-791
-750
-670
-611
-564
-544
-549
-536
-527
-500
-456
-407
-318
-208
-89
58
199
343
491
602
684
724
746
794
810
784
750
688
634
592
549
494
403
313
262
202
153
163
207
309
465
673
919
1144
1338
1520
1638
1656
1599
1420
1167
886
535
124
-343
-773
-1079
-1343
-1595
-1779
-1934
-2017
-2059
-2093
-2068
-2069
-2093
-2084
-2130
-2200
-2250
-2274
-2201
-2146
-2135
-2028
-1889
-1699
-1425
-1184
-944
-696
-488
-293
-169
-102
-23
24
-9
-122
-265
-387
-507
-603
-688
-791
-850
-865
-822
-702
-526
-266
41
319
624
930
1204
1497
1738
1909
2027
2057
2081
2111
2098
2067
2024
1932
1844
1787
1760
1766
1723
1609
1485
1349
1238
1163
1071
975
875
759
643
522
431
380
310
178
-42
-273
-476
-657
-781
-879
-959
-1008
-1036
-1024
-945
-848
-726
-621
-556
-499
-461
-415
-342
-253
-162
-108
-85
-7
94
190
283
306
311
314
295
331
349
300
237
138
71
34
-38
-115
-205
-273
-275
-272
-266
-226
-152
-8
220
467
762
1044
1280
1516
1671
1740
1717
1573
1380
1151
800
367
-139
-635
-987
-1302
-1586
-1829
-2076
-2209
-2262
-2272
-2208
-2161
-2100
-2013
-1992
-1971
-1920
-1850
-1694
-1580
-1511
-1404
-1293
-1090
-836
-631
-420
-288
-207
-103
-47
16
72
82
52
-60
-226
-314
-341
-359
-378
-468
-529
-519
-469
-300
-47
236
570
874
1169
1473
1701
1945
2157
2231
2242
2163
2075
2051
2002
1940
1860
1725
1658
1610
1557
1550
1492
1418
1315
1158
1069
1021
961
925
830
711
619
489
396
300
147
-43
-314
-583
-802
-980
-1106
-1208
-1293
-1357
-1396
-1378
-1262
-1125
-1044
-1009
-1004
-957
-879
-830
-773
-729
-686
-581
-468
-360
-238
-126
-1
89
92
77
62
75
94
29
-105
-241
-322
-306
-292
-311
-340
-365
-328
-235
-145
-45
93
236
462
742
1026
1338
1594
1796
1976
2026
1981
1851
1657
1430
1032
502
-42
-569
-969
-1273
-1575
-1805
-2014
-2125
-2075
-1979
-1816
-1686
-1613
-1508
-1456
-1416
-1347
-1272
-1149
-1066
-1075
-1075
-1022
-864
-625
-460
-352
-289
-254
-180
-132
-73
-13
-25
-62
-150
-224
-219
-179
-107
-55
-66
-65
-6
135
358
554
733
938
1126
1340
1567
1760
1955
2092
2163
2207
2190
2162
2146
2065
1930
1741
1513
1337
1199
1120
1068
955
864
801
739
724
697
663
641
535
395
266
120
-2
-153
-344
-512
-740
-954
-1089
-1245
-1347
-1431
-1526
-1562
-1588
-1559
-1477
-1422
-1354
-1318
-1315
-1230
-1123
-1006
-905
-842
-721
-598
-493
-352
-253
-195
-161
-179
-169
-191
-216
-193
-241
-309
-348
-363
-305
-237
-170
-109
-122
-123
-40
101
260
359
414
490
625
858
1162
1464
1706
1862
1997
2092
2040
1880
1658
1379
1020
530
-22
-530
-919
-1158
-1339
-1502
-1633
-1697
-1617
-1437
-1280
-1172
-1088
-1008
-945
-944
-952
-910
-853
-806
-796
-821
-826
-754
-569
-369
-254
-208
-212
-209
-168
-100
1
115
178
164
123
123
201
326
398
402
382
367
395
472
590
730
889
1068
1225
1382
1557
1720
1887
1990
1970
1895
1807
1754
1680
1499
1281
1074
915
821
739
656
589
523
472
395
301
240
189
127
27
-153
-320
-423
-514
-584
-700
-873
-1020
-1124
-1237
-1354
-1450
-1516
-1578
-1656
-1769
-1819
-1771
-1691
-1651
-1663
-1672
-1604
-1425
-1227
-1082
-963
-838
-697
-547
-445
-357
-263
-215
-247
-315
-369
-355
-249
-116
5
99
174
293
486
662
774
826
810
777
772
785
831
861
857
883
1010
1314
1686
2002
2208
2308
2386
2384
2242
2004
1654
1272
878
400
-124
-617
-956
-1069
-1089
-1157
-1239
-1264
-1119
-893
-753
-723
-784
-861
-919
-1036
-1163
-1276
-1353
-1362
-1416
-1465
-1395
-1158
-814
-540
-422
-352
-245
-97
52
137
227
341
375
318
235
233
317
375
369
286
189
155
180
274
369
435
562
745
911
1030
1134
1275
1419
1436
1362
1263
1214
1205
1121
966
800
673
626
625
577
485
394
357
343
282
182
94
25
-54
-182
-322
-429
-505
-534
-602
-766
-972
-1108
-1158
-1233
-1372
-1535
-1667
-1762
-1846
-1892
-1875
-1785
-1675
-1574
-1489
-1361
-1110
-831
-613
-480
-381
-249
-115
9
98
98
38
-51
-126
-157
-154
-109
-17
45
76
151
307
559
768
858
881
865
874
912
957
1007
1019
1020
1028
1073
1286
1665
2029
2258
2358
2398
2432
2378
2227
1969
1594
1175
706
230
-223
-617
-806
-875
-938
-1000
-1049
-971
-794
-660
-648
-766
-907
-1021
-1157
-1316
-1505
-1652
-1677
-1664
-1669
-1613
-1463
-1199
-851
-571
-371
-205
-54
98
206
243
214
165
112
4
-122
-185
-199
-169
-96
-76
-97
-62
30
172
328
416
525
645
702
758
820
912
1036
1130
1182
1175
1170
1188
1151
1091
1029
947
898
822
668
546
474
424
390
302
196
106
36
-11
-104
-221
-367
-540
-703
-949
-1214
-1403
-1536
-1637
-1747
-1872
-1923
-1880
-1815
-1758
-1727
-1664
-1537
-1397
-1270
-1160
-1022
-837
-665
-517
-400
-271
-102
38
133
167
139
118
112
119
132
131
171
278
390
496
617
764
935
1082
1184
1233
1227
1199
1178
1189
1194
1162
1152
1158
1172
1318
1594
1871
2094
2206
2247
2258
2161
1990
1752
1425
1077
654
200
-219
-573
-706
-696
-714
-735
-787
-787
-690
-659
-702
-824
-1022
-1183
-1360
-1561
-1710
-1778
-1685
-1552
-1451
-1306
-1113
-841
-538
-339
-230
-165
-141
-99
-104
-190
-270
-352
-415
-437
-513
-588
-607
-596
-542
-516
-523
-469
-372
-223
-73
49
210
367
505
615
691
806
948
1049
1119
1143
1130
1131
1106
1094
1099
1065
1044
983
864
768
724
757
786
725
608
477
340
218
67
-143
-399
-674
-970
-1296
-1575
-1735
-1788
-1831
-1897
-1964
-1956
-1833
-1657
-1481
-1364
-1300
-1228
-1126
-1000
-865
-719
-556
-401
-261
-128
26
189
316
378
347
263
208
191
191
156
115
146
200
279
430
627
829
988
1086
1153
1159
1152
1186
1217
1226
1192
1121
1134
1175
1290
1566
1840
2110
2283
2327
2390
2361
2214
1979
1577
1183
796
324
-74
-436
-663
-701
-740
-744
-759
-812
-744
-681
-689
-757
-946
-1122
-1321
-1612
-1814
-1930
-1893
-1731
-1655
-1595
-1501
-1326
-1010
-746
-594
-476
-408
-326
-275
-311
-341
-357
-382
-417
-562
-723
-795
-784
-692
-671
-727
-733
-658
-533
-397
-271
-76
166
366
526
644
810
1069
1289
1427
1479
1479
1527
1568
1532
1493
1453
1425
1386
1226
1091
1030
1011
1067
1014
838
652
472
323
113
-209
-525
-805
-1068
-1308
-1582
-1790
-1882
-1932
-1945
-1952
-1936
-1818
-1664
-1526
-1437
-1393
-1323
-1236
-1128
-995
-875
-739
-551
-341
-143
16
143
232
240
188
113
53
27
-5
-35
-46
-2
142
329
531
712
843
955
1023
1040
1074
1111
1130
1153
1125
1106
1139
1194
1309
1410
1547
1845
2146
2367
2483
2486
2501
2421
2185
1917
1575
1193
828
398
-34
-420
-633
-566
-509
-547
-583
-631
-601
-550
-600
-702
-856
-1025
-1217
-1508
-1740
-1832
-1829
-1756
-1758
-1782
-1669
-1451
-1171
-945
-832
-738
-676
-634
-606
-632
-629
-601
-619
-688
-855
-997
-1017
-971
-892
-846
-845
-757
-571
-384
-210
-41
183
401
555
686
793
919
1108
1271
1371
1401
1400
1445
1481
1482
1477
1460
1438
1377
1254
1130
1028
992
968
845
639
420
253
124
-86
-388
-683
-945
-1171
-1410
-1654
-1821
-1903
-1921
-1932
-1967
-1923
-1769
-1590
-1471
-1439
-1406
-1296
-1137
-982
-890
-805
-653
-458
-250
-109
0
178
333
375
335
282
291
317
306
266
196
210
352
530
712
842
936
1076
1187
1258
1296
1298
1363
1411
1423
1459
1475
1547
1654
1727
1930
2208
2441
2614
2656
2623
2525
2295
2036
1737
1357
959
513
92
-275
-585
-691
-690
-703
-696
-733
-730
-644
-593
-588
-681
-866
-1072
-1338
-1617
-1814
-1929
-1965
-2002
-2067
-2077
-2037
-1917
-1732
-1588
-1454
-1328
-1246
-1137
-1055
-1015
-931
-896
-937
-1008
-1125
-1185
-1136
-1055
-958
-907
-853
-673
-420
-145
124
334
545
720
802
897
991
1088
1226
1301
1340
1382
1414
1488
1515
1484
1462
1382
1319
1244
1134
1081
1026
992
948
802
648
517
382
231
13
-220
-426
-649
-887
-1159
-1444
-1633
-1734
-1776
-1780
-1785
-1711
-1559
-1404
-1263
-1154
-1023
-860
-752
-690
-634
-533
-373
-217
-109
-33
47
131
199
226
241
268
274
258
227
188
212
301
453
625
690
700
793
933
1066
1150
1174
1214
1270
1322
1412
1517
1641
1762
1816
1883
2041
2264
2473
2562
2515
2394
2196
1939
1689
1426
1137
794
401
10
-358
-596
-645
-627
-645
-729
-841
-875
-822
-765
-765
-870
-1046
-1251
-1475
-1665
-1830
-1934
-1989
-2137
-2329
-2453
-2468
-2332
-2146
-1989
-1831
-1690
-1535
-1336
-1151
-982
-863
-832
-863
-966
-1057
-1056
-1003
-894
-760
-639
-479
-255
59
384
598
723
828
890
876
831
823
882
947
985
1056
1143
1255
1397
1500
1539
1554
1564
1520
1390
1239
1159
1110
1039
955
875
796
714
634
533
350
122
-107
-383
-702
-1043
-1327
-1510
-1654
-1758
-1815
-1827
-1767
-1678
-1588
-1488
-1365
-1165
-947
-807
-666
-487
-296
-95
66
196
295
333
349
329
288
276
262
255
258
251
297
391
507
657
760
795
820
860
923
996
1031
1050
1110
1176
1256
1377
1514
1638
1722
1758
1805
1940
2141
2261
2187
2004
1828
1652
1446
1198
930
664
380
96
-218
-499
-607
-571
-529
-594
-768
-911
-950
-928
-950
-1097
-1305
-1513
-1724
-1941
-2157
-2304
-2335
-2351
-2423
-2511
-2521
-2376
-2157
-1973
-1842
-1722
-1536
-1298
-1076
-921
-823
-747
-723
-751
-809
-859
-870
-840
-761
-646
-530
-359
-79
217
433
537
608
738
839
872
867
887
974
1085
1210
1356
1513
1706
1900
2033
2089
2098
2095
2055
1943
1785
1628
1483
1395
1335
1250
1152
1055
974
825
567
255
-70
-385
-750
-1156
-1503
-1752
-1905
-1991
-2040
-2014
-1869
-1672
-1499
-1349
-1189
-1012
-877
-796
-742
-707
-658
-614
-571
-538
-515
-453
-368
-289
-209
-119
-28
31
81
161
241
318
431
540
596
644
718
820
917
960
1007
1069
1124
1193
1288
1401
1535
1654
1717
1750
1832
1975
2080
2084
1967
1816
1705
1565
1404
1222
1006
800
577
307
36
-189
-293
-335
-454
-636
-838
-961
-961
-991
-1124
-1334
-1531
-1663
-1839
-2062
-2242
-2357
-2385
-2406
-2471
-2515
-2456
-2233
-1941
-1704
-1518
-1318
-1060
-793
-623
-549
-519
-510
-536
-643
-771
-839
-837
-749
-639
-537
-398
-193
75
323
460
517
584
684
764
801
870
994
1160
1363
1587
1820
2050
2258
2387
2397
2330
2246
2147
2025
1860
1665
1491
1344
1232
1135
1032
937
829
692
506
234
-90
-402
-758
-1171
-1598
-1965
-2213
-2355
-2409
-2389
-2288
-2113
-1911
-1723
-1518
-1292
-1103
-963
-869
-815
-749
-651
-556
-481
-448
-420
-356
-261
-143
-39
31
128
227
296
390
520
683
830
876
884
884
873
923
972
992
1014
1014
1078
1216
1325
1440
1524
1560
1591
1531
1504
1622
1726
1756
1697
1581
1538
1462
1340
1253
1083
894
715
454
210
-37
-254
-334
-479
-706
-922
-1154
-1258
-1315
-1446
-1547
-1677
-1760
-1793
-1942
-2053
-2096
-2140
-2110
-2149
-2207
-2148
-2066
-1881
-1658
-1483
-1227
-990
-792
-592
-522
-498
-468
-507
-555
-642
-737
-724
-665
-552
-405
-271
-80
119
250
364
456
539
647
718
758
820
930
1127
1341
1530
1709
1870
2025
2137
2182
2181
2164
2108
1993
1809
1637
1526
1470
1432
1333
1190
1053
902
713
449
78
-299
-694
-1123
-1534
-1926
-2194
-2310
-2367
-2347
-2273
-2165
-1966
-1735
-1518
-1327
-1173
-1020
-859
-743
-649
-562
-479
-369
-291
-250
-174
-96
8
119
168
208
237
253
297
338
384
465
511
533
557
577
631
687
721
770
795
811
901
990
1061
1150
1242
1365
1467
1484
1559
1713
1834
1901
1849
1760
1738
1662
1532
1377
1137
897
635
363
121
-185
-456
-630
-806
-982
-1189
-1374
-1425
-1450
-1500
-1564
-1674
-1738
-1784
-1885
-1958
-2045
-2082
-2034
-2031
-1982
-1881
-1752
-1517
-1304
-1139
-942
-762
-565
-410
-389
-398
-448
-522
-592
-722
-802
-779
-686
-467
-249
-33
240
417
587
692
670
689
696
680
675
662
786
1054
1306
1556
1778
1950
2139
2225
2224
2183
2041
1889
1712
1479
1294
1158
1112
1138
1119
1058
964
861
752
539
207
-197
-652
-1128
-1623
-2097
-2413
-2573
-2631
-2577
-2489
-2306
-1994
-1649
-1270
-945
-718
-533
-425
-395
-382
-386
-371
-345
-368
-358
-348
-300
-161
-35
70
135
146
228
317
379
456
484
526
558
512
493
492
508
591
639
717
853
977
1162
1345
1497
1643
1701
1719
1708
1618
1502
1429
1386
1315
1203
1098
1015
943
879
758
612
444
258
65
-198
-471
-704
-838
-887
-958
-1057
-1169
-1257
-1241
-1208
-1170
-1134
-1178
-1253
-1362
-1485
-1567
-1628
-1641
-1660
-1750
-1781
-1708
-1540
-1285
-1076
-931
-824
-777
-731
-725
-725
-714
-730
-735
-734
-659
-479
-219
108
403
568
683
746
761
773
741
701
672
648
661
749
948
1254
1570
1819
2000
2088
2116
2130
2114
2036
1880
1688
1474
1262
1088
1007
1033
1058
1019
895
702
488
245
-69
-476
-972
-1522
-2020
-2406
-2653
-2772
-2743
-2578
-2339
-2045
-1730
-1381
-980
-638
-428
-358
-385
-440
-512
-563
-582
-587
-559
-518
-435
-291
-136
65
278
417
492
486
452
464
452
448
440
380
352
324
331
414
509
643
781
872
990
1157
1351
1550
1642
1651
1649
1591
1487
1321
1120
1013
982
934
873
768
666
629
591
571
534
403
273
140
-57
-299
-569
-773
-854
-955
-1077
-1176
-1243
-1164
-1056
-986
-964
-1024
-1070
-1110
-1173
-1208
-1233
-1232
-1239
-1327
-1434
-1504
-1486
-1354
-1235
-1174
-1111
-1063
-968
-867
-823
-723
-628
-523
-388
-274
-68
195
416
595
655
619
578
523
520
529
509
526
588
688
837
1039
1297
1617
1857
2006
2062
2046
2056
2001
1862
1647
1400
1196
1068
1011
1019
1048
1044
982
817
540
202
-170
-564
-1024
-1553
-2011
-2367
-2561
-2616
-2606
-2475
-2241
-1951
-1624
-1309
-1005
-717
-531
-459
-503
-607
-649
-639
-601
-575
-586
-553
-442
-303
-177
-98
-43
15
67
109
110
101
120
147
169
194
257
373
533
676
785
876
978
1096
1216
1313
1391
1474
1561
1663
1726
1739
1747
1700
1592
1413
1221
1139
1084
1010
912
770
711
686
637
609
546
472
393
219
10
-207
-406
-493
-599
-740
-862
-1019
-1065
-1052
-1064
-1030
-1047
-1058
-1059
-1163
-1234
-1300
-1382
-1396
-1504
-1627
-1689
-1726
-1648
-1549
-1478
-1387
-1336
-1240
-1109
-1020
-869
-688
-528
-352
-233
-115
53
205
351
411
384
375
366
399
468
493
534
625
724
843
984
1161
1376
1551
1639
1677
1706
1763
1819
1813
1771
1691
1585
1474
1321
1159
999
807
576
261
-148
-548
-903
-1248
-1573
-1895
-2157
-2293
-2362
-2358
-2259
-2079
-1837
-1581
-1336
-1104
-907
-715
-541
-433
-383
-379
-346
-262
-189
-119
-68
-17
31
70
111
129
131
129
119
105
83
73
136
220
303
414
532
675
810
913
1004
1060
1139
1242
1328
1431
1501
1562
1637
1662
1687
1698
1646
1564
1383
1159
992
895
840
766
680
622
600
598
595
580
562
508
398
217
-56
-367
-596
-739
-854
-988
-1149
-1264
-1292
-1283
-1253
-1225
-1219
-1218
-1270
-1359
-1439
-1498
-1529
-1600
-1712
-1811
-1900
-1879
-1760
-1609
-1451
-1350
-1240
-1103
-965
-793
-599
-407
-261
-166
-82
5
119
235
284
269
227
209
226
271
343
442
598
743
871
1013
1177
1398
1624
1770
1845
1864
1887
1929
1966
1955
1879
1818
1770
1684
1530
1320
1092
823
454
-4
-499
-973
-1373
-1713
-2019
-2253
-2406
-2462
-2398
-2263
-2052
-1762
-1449
-1111
-817
-612
-441
-294
-173
-124
-169
-211
-244
-278
-303
-322
-305
-275
-237
-172
-133
-107
-55
-7
59
98
96
123
149
183
243
312
430
562
685
819
942
1107
1284
1423
1593
1771
1900
1986
1992
1976
1939
1809
1652
1438
1128
839
593
449
410
365
363
386
387
427
461
489
503
432
320
127
-158
-402
-579
-688
-746
-860
-967
-1028
-1053
-982
-920
-914
-924
-983
-1052
-1136
-1286
-1439
-1577
-1721
-1864
-2016
-2110
-2105
-2014
-1850
-1672
-1509
-1325
-1115
-883
-661
-477
-322
-196
-137
-149
-182
-166
-126
-118
-93
-48
61
220
352
521
719
928
1142
1308
1445
1587
1703
1824
1926
1924
1894
1894
1905
1905
1862
1828
1828
1807
1723
1552
1304
1042
717
294
-193
-728
-1222
-1639
-1996
-2284
-2483
-2542
-2481
-2346
-2155
-1908
-1562
-1184
-841
-566
-377
-239
-169
-158
-198
-287
-386
-457
-505
-529
-534
-480
-358
-209
-77
11
81
130
151
170
163
142
132
114
112
128
167
259
395
561
784
1022
1302
1612
1833
2035
2172
2183
2189
2133
2029
1904
1701
1465
1184
875
591
354
279
308
321
348
346
345
381
367
320
267
178
72
-86
-303
-527
-721
-820
-855
-909
-943
-934
-862
-729
-657
-642
-655
-751
-884
-1079
-1350
-1619
-1869
-2090
-2265
-2394
-2443
-2382
-2212
-1979
-1744
-1491
-1203
-930
-658
-439
-314
-205
-148
-170
-198
-230
-218
-125
-8
149
313
484
716
961
1218
1444
1605
1753
1822
1801
1772
1747
1753
1768
1736
1713
1748
1792
1853
1867
1837
1801
1696
1532
1303
958
548
93
-403
-893
-1407
-1892
-2277
-2551
-2695
-2728
-2633
-2419
-2177
-1909
-1599
-1277
-956
-671
-477
-388
-413
-483
-507
-514
-518
-548
-551
-487
-404
-278
-121
22
157
242
279
294
284
288
292
263
211
127
56
63
135
272
441
631
860
1074
1279
1507
1698
1843
1951
1973
1954
1908
1801
1699
1562
1369
1152
914
687
478
293
218
242
274
314
365
441
552
629
666
653
575
493
353
156
-61
-251
-368
-413
-458
-536
-600
-633
-635
-669
-764
-902
-1076
-1271
-1497
-1759
-1997
-2186
-2322
-2402
-2461
-2474
-2375
-2149
-1835
-1508
-1203
-900
-627
-420
-279
-211
-195
-182
-189
-226
-269
-277
-192
-29
153
318
486
675
879
1056
1190
1290
1343
1352
1317
1245
1208
1263
1350
1427
1498
1570
1673
1773
1826
1828
1743
1567
1294
897
447
1
-458
-888
-1305
-1725
-2069
-2284
-2370
-2334
-2233
-2084
-1882
-1672
-1470
-1276
-1061
-820
-636
-547
-532
-558
-564
-516
-452
-406
-391
-398
-356
-269
-162
-30
99
203
271
298
305
338
388
460
540
594
629
670
737
829
937
1025
1134
1275
1406
1538
1664
1771
1852
1902
1941
1910
1765
1607
1437
1251
1068
842
620
430
241
71
-47
-29
109
225
310
373
473
638
728
749
726
616
512
360
133
-67
-258
-370
-432
-577
-705
-817
-897
-877
-938
-1088
-1277
-1550
-1796
-2033
-2277
-2423
-2506
-2525
-2511
-2498
-2386
-2133
-1777
-1387
-1108
-893
-692
-578
-477
-444
-483
-504
-555
-616
-656
-656
-527
-312
-87
128
304
493
702
899
1094
1237
1315
1373
1399
1414
1458
1570
1735
1893
1972
1988
1995
1997
1975
1863
1682
1439
1137
805
413
13
-371
-770
-1126
-1457
-1757
-1938
-1991
-1949
-1867
-1779
-1668
-1502
-1301
-1082
-869
-668
-519
-459
-437
-455
-484
-453
-395
-354
-336
-341
-287
-151
-15
105
194
285
407
472
510
531
528
558
566
562
576
598
660
748
827
936
1057
1189
1331
1397
1436
1485
1495
1485
1393
1257
1154
1040
908
797
688
573
499
425
323
192
60
29
122
232
298
334
363
461
575
601
605
549
466
373
192
0
-200
-376
-461
-540
-668
-780
-888
-946
-975
-1076
-1214
-1390
-1572
-1721
-1892
-2058
-2157
-2183
-2133
-2067
-1985
-1798
-1520
-1225
-970
-811
-661
-513
-451
-468
-568
-691
-760
-803
-821
-790
-722
-546
-268
29
316
580
851
1113
1318
1427
1457
1467
1499
1537
1545
1537
1570
1676
1793
1856
1899
1923
1893
1797
1594
1314
1011
675
304
-108
-561
-948
-1214
-1418
-1594
-1761
-1860
-1860
-1798
-1721
-1630
-1519
-1410
-1307
-1207
-1133
-1052
-949
-825
-711
-643
-578
-470
-311
-155
-14
121
251
379
495
557
593
650
714
760
743
671
642
687
763
822
826
832
869
952
1048
1126
1208
1265
1308
1357
1371
1387
1397
1351
1285
1171
1041
941
843
741
629
498
399
345
279
174
51
-44
-65
-44
-46
-54
-70
-25
85
148
168
163
140
143
90
-32
-168
-324
-395
-441
-556
-633
-726
-845
-911
-1035
-1178
-1314
-1485
-1614
-1776
-1964
-2040
-2040
-1973
-1857
-1771
-1648
-1476
-1304
-1129
-1037
-969
-910
-924
-947
-1028
-1095
-1037
-941
-791
-621
-467
-220
96
427
752
987
1168
1319
1380
1410
1444
1454
1496
1517
1504
1509
1540
1660
1804
1860
1855
1794
1658
1496
1285
1006
714
345
-77
-468
-833
-1063
-1188
-1291
-1344
-1387
-1380
-1324
-1256
-1172
-1110
-1060
-1002
-962
-948
-906
-835
-734
-631
-568
-466
-317
-167
6
169
318
455
566
632
661
671
672
669
642
592
503
456
498
553
579
565
556
597
655
681
725
806
894
966
1018
1062
1097
1102
1092
1044
921
790
674
573
485
373
258
154
67
12
-51
-128
-163
-198
-218
-165
-115
-77
-24
9
119
247
310
386
426
447
465
400
289
91
-158
-297
-455
-621
-752
-945
-1053
-1121
-1214
-1249
-1337
-1416
-1424
-1492
-1514
-1483
-1489
-1430
-1407
-1415
-1379
-1384
-1325
-1244
-1205
-1132
-1108
-1102
-1022
-945
-815
-662
-544
-348
-140
60
319
567
811
1028
1200
1376
1474
1524
1615
1681
1739
1770
1724
1680
1642
1607
1614
1560
1434
1286
1073
882
692
454
232
-43
-318
-529
-710
-808
-864
-946
-1009
-1094
-1205
-1257
-1309
-1303
-1272
-1303
-1302
-1307
-1266
-1103
-948
-771
-596
-501
-351
-200
-63
134
285
406
507
526
560
618
681
765
775
726
687
640
650
685
687
709
667
588
552
542
580
647
671
699
741
787
867
905
902
873
771
656
519
354
232
147
88
52
4
-54
-81
-93
-96
-124
-191
-212
-179
-128
-41
45
150
303
408
472
535
564
606
614
520
352
133
-58
-209
-381
-553
-749
-925
-1003
-1052
-1085
-1093
-1144
-1187
-1237
-1354
-1436
-1494
-1507
-1466
-1490
-1545
-1580
-1582
-1493
-1377
-1274
-1146
-1049
-967
-876
-780
-622
-417
-228
-32
149
342
588
839
1091
1282
1395
1471
1520
1578
1639
1670
1665
1622
1550
1464
1374
1310
1265
1184
1066
935
810
712
613
493
360
174
-51
-257
-421
-543
-651
-783
-917
-1023
-1102
-1155
-1187
-1181
-1168
-1167
-1144
-1116
-1071
-995
-899
-794
-701
-613
-503
-372
-223
-61
85
206
311
413
520
601
670
710
729
744
718
693
673
649
630
593
531
465
431
445
489
527
580
617
618
603
535
450
364
278
199
113
39
-3
-26
-18
34
79
101
113
93
48
-53
-162
-218
-260
-227
-122
5
182
364
560
778
928
1028
1077
1025
906
715
451
164
-127
-342
-504
-670
-777
-859
-914
-908
-902
-878
-841
-849
-854
-923
-1046
-1146
-1261
-1350
-1426
-1519
-1561
-1562
-1518
-1393
-1253
-1114
-967
-837
-708
-613
-509
-341
-158
42
234
417
610
838
1078
1275
1404
1489
1543
1534
1478
1416
1328
1236
1158
1032
889
772
725
743
729
677
614
526
422
331
219
79
-96
-281
-489
-728
-936
-1087
-1169
-1217
-1284
-1332
-1341
-1298
-1193
-1083
-1011
-954
-875
-783
-722
-655
-551
-429
-291
-154
-24
152
361
591
798
900
948
975
994
1005
971
894
782
654
552
470
407
396
410
430
432
422
453
504
545
558
527
435
318
241
210
189
140
99
66
31
21
30
74
115
114
81
-6
-96
-139
-146
-145
-161
-116
17
202
399
613
844
1047
1197
1214
1136
1026
873
684
423
102
-196
-401
-503
-568
-633
-684
-710
-694
-654
-648
-687
-742
-836
-990
-1210
-1427
-1529
-1544
-1553
-1587
-1621
-1604
-1511
-1342
-1174
-1063
-947
-843
-781
-714
-624
-497
-295
-94
64
204
361
587
864
1092
1228
1302
1332
1328
1298
1244
1138
1011
891
746
625
566
561
596
630
614
582
574
569
539
446
285
63
-200
-456
-681
-863
-996
-1113
-1217
-1292
-1310
-1246
-1113
-934
-793
-726
-702
-689
-674
-634
-559
-471
-381
-289
-177
-23
171
397
651
883
1045
1134
1162
1145
1098
1016
890
742
611
491
392
349
317
303
310
308
328
340
343
356
349
316
256
190
128
86
67
34
21
41
64
91
115
147
189
210
215
215
192
171
149
99
67
94
210
362
517
665
815
991
1091
1121
1115
1012
854
639
374
105
-127
-273
-372
-476
-599
-692
-754
-770
-775
-819
-861
-951
-1050
-1139
-1278
-1377
-1457
-1532
-1554
-1572
-1573
-1539
-1464
-1328
-1203
-1101
-992
-884
-738
-600
-492
-309
-125
40
228
383
556
729
869
990
1050
1068
1044
971
890
764
631
534
436
364
330
306
322
384
445
508
555
593
601
534
438
295
118
-71
-287
-488
-672
-832
-924
-970
-972
-958
-913
-814
-726
-668
-636
-604
-563
-562
-588
-567
-474
-349
-193
-15
189
427
688
940
1151
1286
1305
1278
1204
1053
876
686
512
363
221
149
144
188
268
317
330
335
342
373
375
315
240
168
126
93
19
-36
-49
-87
-76
-27
-7
52
119
210
304
300
243
205
181
147
72
11
71
227
364
474
584
731
921
1026
1066
1065
1011
968
872
710
514
271
80
-76
-268
-462
-642
-758
-803
-889
-992
-1044
-1079
-1060
-1077
-1187
-1257
-1316
-1382
-1428
-1525
-1605
-1622
-1611
-1535
-1449
-1357
-1208
-1026
-826
-653
-507
-329
-143
48
205
287
364
461
537
572
559
514
479
425
388
371
374
423
462
489
475
426
455
520
528
519
523
556
588
549
471
398
308
188
33
-143
-297
-431
-533
-620
-737
-827
-868
-876
-857
-835
-815
-763
-674
-600
-522
-408
-206
37
251
461
663
883
1114
1298
1409
1458
1435
1380
1298
1160
998
836
693
562
415
310
235
189
193
149
76
27
-10
-5
-13
-68
-103
-127
-152
-164
-207
-211
-154
-122
-87
-69
-70
-43
1
87
152
128
95
68
4
-50
-89
-57
64
163
262
383
522
752
971
1088
1152
1146
1107
1051
917
731
514
302
155
-8
-221
-399
-531
-587
-649
-780
-860
-916
-984
-1047
-1148
-1257
-1328
-1376
-1402
-1467
-1563
-1604
-1589
-1512
-1413
-1331
-1210
-1051
-896
-752
-635
-500
-334
-190
-102
-91
-89
-30
39
115
205
263
315
366
403
453
498
553
615
614
565
526
538
605
639
645
653
643
656
680
665
657
628
513
350
142
-64
-226
-382
-522
-659
-789
-856
-853
-797
-704
-623
-532
-417
-334
-261
-154
-8
161
317
451
612
794
991
1188
1316
1367
1376
1330
1239
1107
935
765
608
457
309
162
50
-21
-72
-111
-143
-185
-211
-197
-200
-215
-225
-242
-249
-271
-311
-302
-254
-197
-158
-146
-99
-6
97
206
273
297
268
172
66
-58
-174
-207
-147
-25
119
256
425
646
874
1071
1203
1268
1248
1148
973
742
497
257
58
-89
-219
-303
-358
-383
-367
-364
-375
-421
-517
-647
-819
-1003
-1168
-1323
-1458
-1594
-1718
-1786
-1769
-1639
-1462
-1300
-1146
-1030
-950
-879
-813
-730
-667
-649
-658
-656
-616
-509
-331
-104
99
229
334
423
507
581
631
651
634
574
498
451
446
493
576
635
682
730
774
847
923
943
892
764
577
377
186
33
-107
-259
-409
-554
-635
-644
-588
-501
-416
-333
-250
-168
-81
20
128
240
347
436
517
605
703
828
939
995
1001
983
943
892
817
723
619
485
355
245
148
71
14
-49
-123
-215
-303
-355
-394
-417
-434
-462
-472
-470
-459
-435
-407
-342
-250
-162
-62
18
74
132
159
161
134
72
-3
-97
-171
-177
-101
32
156
276
408
534
693
835
930
997
968
862
712
516
364
277
238
225
149
50
-20
-71
-54
-46
-81
-141
-280
-458
-656
-853
-997
-1129
-1263
-1396
-1524
-1566
-1513
-1396
-1245
-1136
-1041
-930
-857
-814
-777
-736
-670
-628
-645
-651
-600
-468
-277
-92
55
162
248
352
459
540
607
658
687
686
637
588
596
621
634
626
608
621
636
620
615
622
613
575
477
337
185
62
-31
-153
-308
-458
-553
-546
-515
-515
-502
-481
-410
-299
-194
-64
101
301
503
632
697
751
819
900
953
927
859
802
757
729
687
595
498
421
329
213
89
-16
-85
-150
-249
-363
-473
-559
-631
-696
-731
-742
-698
-619
-592
-578
-507
-388
-232
-93
-30
10
63
103
120
74
-8
-60
-94
-142
-221
-250
-139
55
243
394
544
742
954
1094
1156
1146
1089
1014
873
655
415
231
183
179
118
46
8
71
169
169
116
33
-83
-209
-426
-697
-900
-1036
-1140
-1239
-1333
-1339
-1238
-1075
-912
-843
-799
-744
-728
-763
-892
-1030
-1060
-1063
-1080
-1079
-1051
-897
-633
-370
-130
46
216
408
531
602
628
629
656
636
568
536
516
545
602
601
618
669
720
763
747
715
686
612
533
424
278
163
59
-39
-139
-262
-331
-374
-395
-364
-311
-206
-73
35
108
183
286
432
522
517
507
480
468
472
472
493
482
471
486
469
450
436
394
380
318
203
106
-16
-110
-180
-279
-399
-554
-719
-835
-910
-935
-909
-886
-818
-742
-657
-508
-362
-204
-91
-82
-62
-51
-67
-47
-73
-105
-135
-175
-130
-80
-25
174
423
610
735
794
913
1058
1101
1100
1022
890
806
678
518
360
234
289
401
452
496
481
515
568
490
353
163
-28
-155
-352
-574
-750
-924
-1017
-1101
-1201
-1200
-1140
-1021
-879
-836
-817
-802
-849
-930
-1069
-1192
-1216
-1227
-1239
-1215
-1156
-974
-692
-425
-211
-50
103
243
311
332
345
344
377
405
411
447
530
677
829
881
878
868
854
859
817
781
758
678
589
484
391
347
285
197
117
30
-55
-141
-196
-206
-221
-217
-163
-127
-134
-121
-41
113
275
372
411
420
399
378
377
361
301
218
168
153
157
204
274
339
369
348
294
208
137
77
-17
-146
-349
-577
-724
-777
-776
-735
-676
-596
-523
-425
-271
-137
-41
41
88
80
15
-77
-136
-160
-207
-295
-353
-333
-249
-133
72
323
516
672
744
798
870
848
802
755
622
484
376
288
257
239
311
455
545
583
587
586
601
549
399
210
6
-187
-351
-525
-629
-669
-709
-741
-814
-857
-854
-848
-811
-819
-890
-968
-1071
-1167
-1237
-1284
-1272
-1264
-1250
-1181
-1100
-950
-740
-551
-386
-261
-133
-26
37
123
211
274
324
365
394
466
575
700
817
851
838
786
722
681
657
644
602
536
464
420
371
347
336
293
222
82
-40
-162
-270
-290
-286
-254
-229
-195
-127
-29
110
249
366
440
470
483
474
475
479
451
423
378
343
342
337
384
451
515
568
548
513
474
397
313
184
3
-205
-427
-608
-735
-825
-859
-828
-774
-677
-552
-430
-296
-208
-161
-151
-206
-279
-367
-450
-494
-515
-507
-480
-393
-271
-99
141
372
560
688
745
745
706
640
587
533
450
365
274
243
287
363
493
617
705
762
751
729
694
628
525
362
171
-17
-177
-298
-378
-409
-421
-455
-501
-560
-636
-657
-630
-650
-747
-890
-1022
-1104
-1178
-1227
-1248
-1250
-1219
-1198
-1165
-1091
-943
-736
-583
-507
-471
-409
-302
-168
-15
92
192
305
397
478
564
701
852
926
884
798
773
779
780
743
674
632
584
541
472
417
429
423
338
171
-4
-135
-163
-180
-224
-270
-300
-228
-162
-130
-28
137
304
396
415
425
453
507
535
485
386
325
289
248
226
217
277
355
380
353
300
279
252
172
4
-198
-395
-591
-762
-913
-1017
-1047
-1018
-934
-824
-717
-561
-413
-288
-195
-156
-117
-162
-252
-300
-352
-360
-336
-331
-286
-194
-54
158
368
541
718
849
936
948
861
790
712
627
518
393
319
293
347
494
656
745
809
823
828
836
735
604
445
286
172
25
-121
-203
-226
-188
-176
-234
-314
-402
-461
-482
-566
-720
-874
-1025
-1114
-1187
-1250
-1241
-1240
-1242
-1223
-1200
-1148
-1057
-951
-848
-780
-726
-665
-596
-498
-378
-252
-133
1
134
265
419
598
740
748
694
664
649
621
588
557
562
591
586
578
579
582
591
582
517
362
146
-53
-165
-248
-370
-496
-512
-423
-335
-218
-45
172
392
527
559
535
475
425
385
308
195
84
42
82
128
194
322
474
603
655
644
598
523
416
257
61
-122
-302
-473
-635
-759
-789
-716
-593
-497
-419
-300
-144
-27
4
-31
-61
-102
-167
-240
-336
-360
-286
-210
-132
-73
8
207
435
626
746
765
779
759
663
579
494
395
304
208
147
132
170
289
398
463
518
537
543
533
462
379
297
157
9
-121
-217
-214
-173
-169
-204
-257
-303
-363
-423
-443
-512
-637
-750
-878
-987
-1079
-1174
-1202
-1189
-1180
-1177
-1201
-1193
-1138
-1072
-991
-941
-912
-874
-831
-701
-487
-292
-101
76
238
425
569
669
772
826
808
742
663
639
627
620
664
703
735
735
675
652
640
603
523
333
107
-77
-211
-284
-358
-433
-429
-331
-179
-43
55
184
352
484
543
506
422
373
323
253
178
109
84
101
139
216
322
456
560
573
525
456
397
284
98
-85
-246
-366
-478
-583
-641
-640
-574
-480
-434
-402
-306
-172
-55
-17
-58
-86
-83
-87
-118
-176
-194
-168
-155
-113
-50
30
212
402
524
594
628
691
747
711
653
588
511
454
363
279
254
266
327
373
379
407
401
392
395
339
279
213
122
23
-105
-179
-190
-215
-244
-263
-292
-321
-376
-443
-477
-524
-590
-703
-828
-903
-948
-991
-1030
-1077
-1120
-1142
-1175
-1189
-1173
-1137
-1081
-1039
-1009
-979
-909
-767
-596
-452
-311
-148
21
178
307
423
526
590
622
614
585
581
615
654
678
677
666
661
657
631
553
450
336
188
-12
-205
-320
-390
-436
-432
-384
-274
-146
-15
157
328
489
601
617
581
540
489
472
461
448
469
518
607
691
751
835
912
936
907
808
678
531
376
229
61
-99
-219
-317
-379
-402
-404
-375
-344
-321
-295
-247
-180
-139
-126
-125
-126
-119
-127
-139
-141
-142
-138
-138
-163
-176
-127
-2
127
223
283
298
306
308
304
308
284
243
180
85
17
5
60
168
244
293
328
329
321
312
326
316
242
139
15
-112
-178
-192
-194
-224
-292
-331
-339
-363
-391
-420
-484
-588
-717
-844
-961
-1065
-1166
-1255
-1352
-1455
-1524
-1563
-1565
-1528
-1459
-1372
-1277
-1181
-1054
-878
-667
-466
-303
-140
19
170
325
467
593
693
756
813
868
923
1007
1093
1156
1200
1201
1173
1144
1099
1014
882
730
556
357
160
12
-86
-158
-204
-192
-121
-35
74
195
302
393
467
518
534
507
465
439
415
392
371
394
477
541
558
552
561
585
572
503
377
218
59
-82
-216
-353
-474
-550
-581
-591
-615
-613
-557
-496
-452
-431
-391
-312
-244
-193
-146
-105
-45
33
93
131
146
147
126
57
-5
14
69
121
162
174
215
264
282
298
289
252
202
123
14
-98
-145
-85
10
68
83
89
126
193
227
218
215
194
136
34
-72
-117
-116
-126
-186
-279
-351
-388
-405
-444
-500
-543
-618
-726
-850
-954
-1015
-1040
-1052
-1108
-1210
-1303
-1328
-1262
-1194
-1185
-1170
-1100
-997
-872
-728
-553
-361
-197
-55
82
196
338
522
677
821
911
957
1025
1077
1132
1191
1214
1206
1192
1190
1196
1163
1104
1020
865
667
466
293
146
22
-84
-157
-203
-212
-174
-128
-36
88
213
313
366
386
412
430
424
428
423
448
486
535
611
657
671
662
601
498
376
243
130
20
-109
-252
-394
-478
-533
-606
-658
-671
-655
-618
-609
-590
-549
-488
-395
-335
-291
-238
-178
-97
-30
-3
10
14
-8
-36
-92
-181
-208
-173
-117
-97
-89
-32
44
95
105
91
41
-7
-72
-150
-206
-228
-167
-74
-25
20
30
55
141
192
226
223
187
173
121
32
-33
-62
-61
-88
-127
-153
-173
-171
-157
-197
-252
-333
-453
-554
-677
-794
-875
-939
-982
-1046
-1127
-1147
-1107
-1029
-950
-886
-795
-698
-596
-486
-372
-208
-46
114
278
414
578
758
918
1052
1135
1190
1231
1251
1293
1314
1304
1330
1320
1261
1175
1052
954
826
652
459
243
69
-80
-200
-277
-353
-401
-408
-402
-360
-300
-228
-121
-49
-7
24
63
117
174
219
239
281
324
360
387
394
372
336
287
178
40
-88
-183
-274
-380
-482
-579
-636
-653
-665
-688
-717
-704
-647
-619
-579
-499
-406
-277
-160
-64
38
93
127
163
172
167
141
79
42
-8
-62
-16
62
115
169
205
241
248
203
187
157
104
76
19
-42
-78
-75
24
136
218
312
350
375
439
481
492
462
411
379
314
218
153
112
122
153
135
122
123
113
106
62
-28
-144
-282
-419
-563
-737
-895
-1001
-1079
-1146
-1192
-1174
-1112
-1066
-1022
-968
-908
-833
-749
-662
-558
-417
-273
-160
-48
106
306
491
645
790
876
949
1035
1099
1145
1146
1111
1069
979
869
799
720
647
563
422
266
101
-60
-186
-277
-355
-436
-515
-536
-495
-446
-369
-259
-141
-42
40
108
144
178
232
278
291
274
245
235
219
179
166
163
130
85
26
-58
-166
-270
-368
-472
-562
-653
-744
-833
-916
-940
-879
-781
-679
-562
-412
-234
-70
76
224
341
402
430
435
422
411
384
338
290
238
216
249
302
349
389
404
389
338
262
184
125
76
-19
-129
-198
-215
-157
-61
43
162
271
344
386
429
474
472
431
377
301
219
145
115
125
167
216
230
220
199
182
177
109
-55
-266
-456
-600
-755
-910
-1024
-1101
-1114
-1115
-1100
-1030
-933
-817
-721
-704
-715
-699
-653
-598
-547
-462
-352
-230
-95
66
293
549
776
938
1032
1133
1233
1287
1304
1270
1215
1139
1018
914
810
693
612
501
339
179
28
-100
-210
-322
-407
-477
-564
-619
-622
-599
-543
-474
-402
-309
-208
-99
-22
2
38
81
85
77
77
90
107
96
83
81
72
72
55
-18
-108
-177
-245
-320
-408
-528
-631
-697
-755
-763
-705
-612
-499
-408
-318
-192
-52
105
252
365
467
522
532
529
511
515
527
504
470
429
409
458
500
498
471
404
333
283
223
162
105
43
-16
-63
-88
-88
-52
55
179
266
299
283
288
318
334
343
324
275
233
181
153
176
191
172
138
109
95
62
1
-70
-140
-239
-391
-555
-713
-861
-960
-1003
-1054
-1122
-1194
-1224
-1161
-1061
-989
-942
-918
-901
-895
-889
-826
-714
-593
-472
-336
-172
5
173
355
544
714
839
896
926
939
946
950
893
783
670
558
463
396
322
242
149
39
-61
-160
-251
-324
-370
-392
-399
-398
-387
-324
-231
-113
6
104
189
237
269
311
339
351
359
370
395
408
413
430
445
441
423
366
281
207
133
63
-24
-138
-237
-324
-397
-449
-462
-441
-391
-330
-269
-190
-92
22
136
238
323
367
396
409
421
438
438
438
426
389
346
303
277
298
303
257
191
104
37
-24
-103
-144
-180
-214
-234
-255
-242
-185
-82
40
129
171
178
162
139
123
97
54
6
-29
-33
-28
14
110
217
280
274
246
200
136
55
-65
-210
-378
-566
-748
-903
-1008
-1055
-1066
-1078
-1081
-1063
-1031
-974
-929
-899
-887
-885
-881
-881
-855
-774
-630
-451
-258
-48
183
450
714
937
1096
1175
1210
1214
1190
1146
1078
991
877
745
619
508
413
325
230
132
43
-49
-144
-233
-301
-315
-307
-304
-294
-271
-204
-110
-31
33
85
133
174
183
172
170
163
152
133
113
100
112
143
190
210
181
136
72
4
-75
-165
-260
-355
-455
-552
-611
-632
-604
-553
-487
-395
-286
-155
-40
51
132
239
371
473
533
558
597
649
672
653
608
544
464
374
295
247
214
180
129
62
2
-38
-47
-46
-39
-44
-56
-70
-68
-44
13
78
121
128
107
92
90
108
124
123
105
91
108
157
201
236
265
271
251
199
129
43
-64
-184
-327
-476
-613
-757
-878
-979
-1038
-1068
-1108
-1153
-1194
-1198
-1154
-1100
-1060
-1032
-990
-920
-839
-745
-618
-469
-298
-123
63
261
446
632
792
927
1021
1071
1076
1057
1023
962
868
747
627
517
420
326
234
132
17
-81
-180
-254
-303
-359
-390
-392
-356
-288
-234
-178
-100
-5
102
171
217
266
297
302
291
273
280
297
304
309
306
321
346
365
349
294
235
164
74
-27
-116
-195
-274
-357
-425
-461
-468
-441
-398
-335
-264
-189
-116
-54
27
135
261
374
468
544
614
673
705
710
694
643
550
437
327
239
178
144
115
84
45
37
39
56
79
75
60
9
-26
-37
-45
-71
-77
-66
-64
-90
-135
-140
-128
-109
-96
-94
-81
-71
-47
-9
17
21
13
-15
-68
-145
-215
-270
-340
-422
-521
-604
-679
-760
-822
-868
-905
-931
-964
-989
-984
-957
-904
-865
-829
-776
-697
-616
-544
-452
-319
-152
10
158
299
455
610
735
840
915
973
982
947
885
792
700
609
533
433
298
173
71
7
-68
-135
-189
-229
-253
-277
-267
-231
-190
-152
-109
-56
5
59
114
174
222
247
263
276
297
325
360
409
424
419
420
437
448
413
342
266
209
149
70
-26
-119
-193
-246
-285
-332
-349
-325
-277
-236
-223
-192
-148
-87
-27
46
139
224
306
353
400
442
459
461
441
414
384
317
235
157
98
85
76
61
48
44
82
129
154
161
146
127
95
40
-10
-62
-117
-150
-158
-145
-141
-144
-104
-34
8
14
4
9
10
-14
-45
-79
-134
-182
-192
-188
-203
-267
-335
-378
-427
-497
-588
-690
-782
-867
-928
-969
-1003
-1014
-1002
-973
-943
-911
-871
-806
-722
-646
-573
-524
-462
-367
-234
-78
57
198
350
476
606
732
839
887
850
827
828
787
692
579
511
476
417
356
311
271
240
202
166
136
99
84
88
92
109
129
174
231
252
257
261
267
262
239
241
271
295
306
324
382
445
463
437
389
333
271
205
121
18
-69
-143
-201
-242
-282
-325
-378
-419
-425
-430
-438
-421
-389
-319
-247
-178
-82
13
125
239
308
388
458
502
558
559
537
496
406
344
257
136
63
-25
-59
-61
-72
-7
15
41
112
142
184
162
67
25
-43
-98
-129
-216
-227
-219
-197
-127
-109
-58
-4
-27
-12
-12
-43
-67
-137
-182
-217
-281
-286
-309
-365
-387
-429
-462
-516
-632
-710
-762
-847
-947
-1051
-1079
-1051
-1036
-1007
-974
-918
-809
-708
-631
-567
-508
-416
-318
-230
-146
-38
113
267
415
563
711
840
938
1009
1036
1039
1017
948
870
787
695
625
539
456
412
381
369
327
281
282
276
260
239
205
190
180
163
136
96
74
75
77
64
45
63
109
145
190
225
270
302
284
262
213
131
54
-34
-125
-219
-288
-326
-360
-385
-419
-436
-433
-445
-466
-474
-471
-444
-409
-360
-289
-230
-137
-9
108
228
327
383
421
436
455
475
449
400
334
258
183
110
62
35
-2
-7
-7
19
66
103
170
186
166
149
104
63
13
-33
-55
-93
-110
-101
-76
-20
14
46
85
117
159
169
143
105
34
-34
-77
-127
-185
-248
-276
-285
-320
-354
-378
-434
-490
-538
-620
-691
-749
-786
-800
-808
-786
-737
-673
-596
-504
-445
-409
-352
-276
-209
-161
-110
-39
60
161
269
387
526
663
765
837
855
852
840
799
730
649
570
487
382
281
227
205
197
178
147
135
107
74
56
15
-26
-55
-83
-116
-168
-175
-127
-76
-49
-15
45
113
158
195
241
269
261
233
199
127
46
-18
-89
-173
-260
-329
-359
-359
-349
-337
-349
-358
-370
-398
-419
-430
-429
-430
-424
-386
-332
-276
-183
-49
102
214
269
344
429
496
526
509
519
542
506
457
421
402
428
385
314
307
289
265
216
170
183
188
157
131
99
110
143
123
109
93
66
87
85
52
39
-24
-39
-10
-34
-37
-31
-9
28
3
-30
-39
-63
-95
-179
-277
-332
-434
-549
-646
-725
-755
-818
-910
-934
-917
-896
-894
-909
-879
-828
-775
-739
-715
-653
-558
-454
-345
-259
-145
3
108
224
326
428
556
632
665
691
723
749
733
695
672
661
647
596
508
446
410
390
347
255
178
130
99
54
4
-29
-63
-96
-127
-161
-165
-151
-141
-118
-100
-69
-31
17
75
137
212
252
267
264
247
251
227
165
117
75
34
-3
-41
-58
-59
-79
-108
-144
-162
-213
-297
-336
-346
-333
-341
-358
-318
-232
-127
-24
66
150
256
342
380
392
403
424
437
422
367
328
332
336
312
259
219
198
173
143
106
83
73
57
31
5
7
25
22
26
51
82
97
80
53
41
17
-4
-29
-71
-76
-63
-46
-33
-36
-17
20
35
20
-26
-73
-112
-181
-272
-381
-492
-586
-685
-775
-831
-869
-893
-910
-919
-897
-856
-817
-790
-775
-731
-655
-579
-504
-421
-318
-193
-74
27
102
163
244
330
404
452
480
527
570
583
594
596
616
651
662
666
659
629
586
526
461
389
300
219
163
120
84
28
-33
-90
-143
-174
-198
-219
-227
-211
-176
-119
-61
3
80
159
228
278
309
322
324
314
269
204
141
90
53
12
-13
-22
-41
-80
-124
-164
-199
-248
-301
-337
-358
-352
-326
-286
-223
-145
-58
37
131
217
294
354
395
419
428
427
410
396
374
339
323
318
306
285
245
223
213
187
155
126
102
79
41
1
-21
-26
-15
-3
-6
-4
20
41
45
28
-6
-33
-48
-63
-84
-101
-91
-71
-56
-56
-73
-81
-102
-153
-227
-305
-378
-446
-518
-589
-643
-672
-680
-702
-734
-742
-738
-738
-756
-799
-815
-799
-788
-772
-736
-674
-582
-474
-375
-304
-216
-88
22
85
122
169
237
283
294
310
346
385
428
458
485
515
546
578
584
575
557
530
480
418
359
311
282
241
189
163
166
175
185
189
207
247
282
298
315
357
417
464
497
515
525
531
519
475
416
353
281
220
143
67
4
-41
-80
-128
-175
-240
-316
-394
-466
-529
-586
-625
-645
-631
-576
-474
-339
-207
-88
43
173
281
366
414
432
438
425
398
360
315
295
290
271
234
193
168
151
125
67
-11
-86
-151
-218
-293
-353
-383
-383
-373
-365
-308
-229
-135
-44
12
77
128
170
192
190
187
181
172
130
86
42
7
-22
-97
-161
-217
-273
-317
-389
-459
-519
-563
-595
-647
-692
-716
-713
-697
-699
-687
-650
-603
-545
-472
-391
-303
-229
-172
-119
-79
-20
27
53
77
92
126
156
169
186
210
241
280
304
320
350
389
445
474
483
496
487
489
469
434
407
358
331
305
258
223
189
168
156
148
149
156
180
196
207
230
275
328
371
410
439
471
489
472
432
376
310
233
148
68
-1
-66
-150
-247
-360
-465
-554
-648
-734
-821
-896
-928
-924
-882
-812
-715
-581
-425
-258
-98
64
219
346
429
472
514
539
543
521
489
459
426
397
367
329
287
254
221
169
110
50
-13
-77
-140
-188
-222
-226
-201
-160
-105
-38
42
114
160
208
247
270
279
257
245
233
207
179
135
96
78
64
30
-20
-73
-126
-184
-244
-309
-403
-497
-578
-657
-716
-762
-774
-760
-744
-704
-638
-560
-486
-434
-404
-377
-356
-343
-339
-337
-314
-267
-214
-148
-73
19
117
199
260
294
307
319
319
314
307
295
301
341
389
435
474
494
498
489
459
417
363
296
223
158
112
86
76
70
74
97
137
190
238
280
329
367
402
430
441
445
440
423
398
355
306
263
218
171
109
44
-6
-59
-139
-235
-360
-497
-642
-783
-893
-966
-1007
-1000
-936
-814
-644
-458
-253
-53
123
279
392
455
480
452
399
349
299
261
231
212
216
232
247
254
239
207
145
57
-34
-140
-245
-329
-397
-440
-458
-441
-379
-281
-170
-68
26
129
220
286
322
333
344
346
343
342
329
326
329
327
329
317
292
259
203
129
43
-56
-156
-256
-358
-462
-551
-608
-631
-623
-607
-583
-543
-501
-461
-440
-437
-432
-440
-461
-474
-472
-437
-380
-301
-200
-93
24
146
246
309
338
342
338
312
258
192
153
154
162
176
193
231
282
312
320
305
275
241
176
99
33
-19
-50
-73
-77
-46
6
74
138
208
282
347
387
392
378
353
341
319
287
248
214
200
208
214
202
189
174
160
120
37
-57
-176
-305
-448
-597
-717
-818
-870
-863
-811
-708
-570
-412
-238
-74
83
218
321
390
411
409
416
429
431
420
417
446
483
501
495
463
423
361
260
135
0
-113
-204
-288
-367
-424
-436
-410
-355
-284
-182
-55
64
154
203
236
278
287
274
251
238
252
254
258
270
288
331
339
294
221
125
53
-31
-145
-267
-388
-480
-561
-647
-707
-734
-734
-711
-684
-652
-605
-547
-500
-479
-491
-494
-477
-459
-441
-412
-350
-282
-225
-163
-99
-24
41
87
128
142
153
166
163
157
155
158
177
185
199
240
282
307
307
302
290
261
215
174
139
121
124
139
156
173
205
260
333
403
440
459
466
473
465
437
416
396
374
357
345
339
332
330
340
321
263
189
127
50
-58
-168
-276
-384
-511
-626
-697
-728
-724
-686
-620
-537
-430
-318
-210
-116
-51
18
69
96
111
112
132
162
189
218
243
239
227
214
197
158
76
-42
-163
-265
-350
-415
-468
-499
-505
-484
-443
-393
-334
-250
-150
-41
47
108
175
236
302
365
411
441
461
501
554
591
592
565
539
489
425
333
228
136
48
-21
-94
-171
-244
-300
-339
-382
-434
-470
-496
-511
-507
-495
-467
-445
-428
-405
-380
-348
-315
-281
-244
-192
-123
-59
-5
49
121
192
233
239
223
215
207
196
190
182
181
193
191
190
184
175
171
139
101
61
28
18
-7
-19
-23
-26
-16
-17
-3
26
61
103
138
171
205
252
280
290
299
297
304
290
274
256
237
236
230
222
195
147
84
4
-105
-230
-357
-497
-623
-737
-811
-838
-840
-790
-710
-601
-474
-345
-220
-101
13
107
182
219
246
276
301
338
368
393
421
447
470
476
444
398
328
222
101
-36
-168
-279
-383
-455
-506
-523
-502
-455
-398
-330
-237
-142
-59
15
87
162
234
290
348
404
460
518
569
620
654
663
651
617
554
465
360
255
170
78
-10
-105
-196
-248
-274
-291
-325
-370
-405
-431
-462
-489
-506
-504
-499
-499
-492
-509
-499
-462
-398
-328
-274
-210
-137
-52
27
108
162
189
177
147
148
143
122
89
80
99
105
100
103
125
142
138
99
43
3
-29
-49
-73
-79
-46
18
68
104
143
201
273
323
341
329
311
302
303
288
252
234
232
230
219
239
286
345
368
330
279
215
143
34
-129
-317
-499
-658
-790
-889
-928
-916
-858
-775
-667
-529
-396
-263
-162
-69
15
77
123
131
139
153
194
251
289
323
359
396
414
399
355
306
247
150
28
-111
-227
-312
-386
-445
-488
-491
-453
-392
-321
-249
-182
-114
-53
1
56
123
208
300
391
474
559
643
720
785
819
817
787
719
630
529
441
361
271
182
100
46
11
-14
-39
-59
-90
-132
-171
-205
-251
-312
-366
-406
-425
-437
-432
-412
-383
-352
-317
-286
-254
-213
-180
-141
-120
-124
-128
-121
-103
-97
-113
-115
-102
-84
-73
-83
-95
-112
-108
-98
-107
-132
-170
-191
-206
-203
-170
-134
-112
-103
-75
-28
17
50
70
75
77
95
117
135
140
138
163
193
211
217
248
287
307
302
281
247
203
153
100
31
-77
-175
-255
-342
-436
-527
-575
-576
-548
-511
-463
-398
-331
-242
-138
-51
20
84
137
177
225
277
325
380
414
450
502
548
583
598
580
540
474
381
268
148
36
-58
-135
-209
-279
-315
-304
-256
-206
-161
-112
-51
8
48
76
115
186
260
322
385
459
546
624
681
712
720
718
677
605
515
436
348
236
123
11
-77
-136
-188
-250
-315
-372
-426
-484
-546
-589
-602
-601
-612
-637
-642
-625
-603
-571
-537
-498
-456
-422
-402
-376
-337
-294
-265
-252
-248
-236
-215
-198
-192
-189
-182
-165
-159
-160
-148
-127
-107
-100
-113
-126
-128
-115
-86
-58
-26
8
53
108
154
211
259
299
337
348
354
350
340
343
350
358
365
370
372
378
393
413
424
413
394
350
294
231
146
49
-49
-135
-231
-324
-390
-435
-443
-431
-416
-388
-338
-274
-190
-105
-39
18
73
119
160
183
199
212
230
251
265
267
256
242
233
227
207
170
104
30
-32
-94
-163
-228
-277
-312
-332
-349
-357
-341
-302
-263
-222
-177
-138
-99
-55
4
89
169
230
293
365
447
517
573
607
607
598
580
538
478
410
343
289
219
132
57
-6
-57
-116
-175
-229
-290
-348
-393
-435
-457
-476
-496
-493
-480
-455
-416
-374
-349
-324
-286
-243
-214
-198
-178
-155
-137
-124
-117
-110
-94
-82
-70
-58
-46
-43
-37
-37
-52
-66
-88
-105
-119
-125
-130
-132
-113
-83
-45
-7
31
72
125
170
198
237
268
292
310
321
332
329
333
326
324
321
309
317
303
269
244
227
190
140
79
29
-6
-62
-121
-171
-191
-213
-240
-256
-267
-249
-215
-169
-129
-110
-64
-4
52
86
118
168
200
221
222
258
294
288
283
273
283
291
287
258
221
180
131
86
15
-66
-117
-152
-199
-242
-272
-266
-238
-225
-214
-185
-161
-152
-125
-90
-53
-6
29
74
120
181
253
304
333
342
363
366
339
285
246
234
198
146
74
10
-40
-82
-141
-223
-295
-362
-432
-501
-548
-568
-572
-578
-600
-594
-555
-512
-477
-451
-406
-343
-288
-262
-236
-173
-87
-15
9
5
17
55
85
78
48
27
25
17
-25
-78
-100
-95
-105
-135
-153
-147
-130
-120
-127
-116
-68
1
59
98
146
230
323
382
418
456
512
569
591
586
580
595
608
601
582
542
488
447
409
350
273
193
123
56
-26
-100
-141
-159
-185
-221
-240
-236
-225
-219
-216
-196
-152
-95
-45
-21
4
49
111
167
184
171
162
168
175
155
109
81
82
78
32
-44
-98
-117
-150
-225
-304
-347
-360
-375
-410
-436
-433
-404
-384
-383
-375
-341
-295
-275
-276
-255
-182
-86
-21
-1
28
100
193
260
285
294
315
334
335
317
312
337
348
307
231
167
155
150
101
16
-58
-92
-117
-152
-202
-236
-235
-227
-242
-273
-288
-272
-247
-228
-218
-195
-150
-105
-73
-42
-5
50
105
136
141
139
142
139
123
106
95
72
33
-27
-87
-123
-140
-169
-217
-252
-259
-245
-231
-220
-192
-153
-105
-55
-3
50
108
163
209
251
301
350
382
396
398
411
437
437
410
373
336
309
262
203
136
76
22
-47
-124
-192
-229
-250
-281
-323
-358
-359
-330
-285
-239
-200
-166
-117
-50
26
96
152
203
245
268
270
267
260
260
243
209
170
120
76
34
6
-36
-84
-128
-178
-212
-243
-263
-281
-299
-306
-308
-299
-289
-283
-274
-244
-215
-206
-191
-178
-141
-94
-63
-39
-4
34
77
115
138
165
193
222
236
225
200
194
202
200
185
148
134
129
113
87
52
22
-5
-34
-68
-111
-150
-173
-181
-180
-192
-201
-195
-178
-147
-126
-108
-80
-40
-5
32
73
106
122
131
149
170
180
150
108
81
67
47
6
-47
-90
-112
-133
-150
-164
-168
-158
-136
-114
-96
-66
-26
29
76
107
145
191
237
281
309
329
350
363
374
387
383
376
354
326
305
275
245
183
119
66
19
-32
-104
-171
-219
-248
-278
-314
-344
-351
-343
-312
-279
-255
-222
-160
-96
-43
-9
13
59
102
129
141
135
122
117
110
94
61
19
-26
-79
-119
-163
-205
-253
-312
-353
-370
-379
-384
-389
-386
-370
-346
-318
-283
-242
-209
-174
-142
-112
-84
-43
13
54
73
93
124
165
192
204
220
236
254
265
270
275
292
296
281
259
250
249
235
213
170
128
109
82
46
2
-47
-81
-101
-114
-131
-150
-157
-144
-118
-95
-72
-40
0
33
60
94
125
149
165
171
185
181
160
134
106
79
50
8
-38
-85
-121
-143
-151
-168
-198
-194
-172
-151
-137
-126
-93
-53
-17
-4
16
39
68
106
125
140
152
157
169
180
185
189
197
191
171
162
152
133
103
68
39
20
-13
-76
-138
-178
-198
-228
-280
-327
-339
-325
-319
-312
-283
-231
-169
-122
-76
-13
60
115
156
204
237
255
267
276
278
278
267
230
177
131
90
42
-22
-94
-147
-183
-227
-273
-317
-331
-311
-295
-297
-297
-270
-230
-207
-202
-178
-131
-89
-69
-49
12
81
123
148
188
243
279
285
277
292
305
292
264
223
200
191
184
161
130
113
106
90
52
5
-27
-41
-70
-122
-164
-176
-167
-170
-178
-167
-133
-92
-81
-75
-44
4
39
41
48
80
121
140
132
133
170
203
191
158
140
134
111
71
30
-10
-37
-56
-94
-141
-164
-163
-178
-215
-232
-219
-197
-187
-191
-179
-142
-91
-59
-56
-37
12
60
78
79
107
152
178
182
182
198
199
187
164
129
98
56
7
-53
-121
-171
-201
-248
-308
-356
-371
-365
-371
-371
-346
-287
-230
-186
-138
-78
-8
72
140
182
227
278
327
345
338
342
337
315
271
229
184
130
86
38
-17
-70
-106
-150
-194
-225
-240
-227
-218
-212
-211
-188
-142
-103
-79
-55
-10
36
81
124
149
170
206
239
252
265
275
297
307
296
275
258
245
227
210
188
167
149
123
85
51
14
-20
-59
-99
-133
-156
-170
-199
-230
-236
-216
-196
-187
-172
-149
-124
-101
-79
-58
-41
-25
-1
14
15
21
24
23
16
2
-13
-39
-72
-110
-144
-168
-200
-236
-254
-260
-264
-274
-287
-278
-257
-242
-225
-204
-185
-161
-132
-104
-79
-52
-19
17
54
87
119
137
155
176
197
207
208
223
234
239
225
190
171
158
137
98
50
12
-40
-85
-126
-160
-185
-204
-202
-200
-189
-155
-107
-49
-4
46
106
174
239
297
347
386
426
455
475
491
498
488
455
412
363
313
264
202
127
49
-16
-74
-139
-194
-229
-249
-272
-297
-309
-305
-287
-256
-229
-206
-180
-142
-89
-49
-18
15
51
86
106
116
122
125
130
127
115
92
67
47
26
5
-19
-38
-63
-101
-143
-172
-187
-213
-250
-278
-292
-298
-313
-323
-315
-292
-264
-242
-227
-210
-173
-117
-75
-57
-51
-22
26
56
65
64
78
100
114
106
90
79
71
64
40
12
-8
-27
-47
-71
-87
-91
-100
-111
-106
-100
-106
-115
-100
-51
-14
7
24
58
112
151
186
215
244
275
308
339
353
363
370
381
381
373
359
331
294
260
225
171
119
77
35
-28
-100
-155
-198
-233
-266
-272
-261
-263
-258
-230
-169
-117
-92
-61
-18
36
79
116
153
187
224
250
255
233
215
201
179
139
102
83
54
6
-49
-98
-142
-187
-234
-278
-312
-330
-326
-315
-303
-295
-277
-246
-211
-195
-191
-160
-99
-33
3
13
37
83
128
148
148
131
127
128
112
91
84
87
70
33
-2
-16
-29
-65
-108
-137
-148
-159
-188
-228
-250
-227
-189
-178
-197
-214
-181
-121
-85
-78
-65
-20
36
65
57
55
83
132
165
166
156
147
141
133
126
122
103
75
40
18
3
-11
-29
-66
-93
-93
-71
-66
-77
-81
-51
-9
8
20
38
76
121
160
188
216
269
317
348
359
358
372
384
388
375
354
330
305
272
229
186
128
54
-25
-87
-128
-168
-216
-264
-292
-317
-328
-315
-294
-275
-248
-209
-168
-136
-93
-18
65
114
145
174
200
223
238
247
248
239
213
178
133
77
25
-25
-85
-146
-201
-252
-304
-363
-408
-421
-421
-430
-441
-434
-401
-371
-346
-312
-273
-235
-194
-140
-85
-36
8
41
69
100
120
141
161
165
162
157
149
141
122
101
83
63
31
-11
-46
-72
-91
-112
-137
-154
-160
-157
-150
-145
-139
-122
-99
-75
-37
11
55
85
102
126
162
195
213
216
220
234
253
263
254
237
231
220
194
157
127
116
110
87
42
7
-17
-26
-34
-36
-35
-34
-32
-34
-41
-41
-29
-11
8
36
73
99
117
126
137
158
179
196
210
223
242
262
263
237
205
186
160
119
69
16
-32
-70
-114
-170
-235
-285
-309
-326
-353
-380
-382
-361
-330
-304
-269
-224
-173
-123
-77
-29
13
50
91
127
168
206
220
220
200
176
156
116
71
27
-3
-30
-75
-126
-170
-201
-230
-272
-313
-339
-343
-338
-332
-322
-302
-271
-247
-221
-187
-143
-87
-39
-1
41
100
155
189
200
213
234
247
242
228
213
201
183
148
112
82
54
18
-28
-74
-101
-113
-127
-154
-171
-157
-138
-122
-114
-100
-60
-29
1
26
70
130
169
188
208
239
278
300
295
280
274
273
268
242
209
180
154
131
92
54
27
6
-7
-27
-49
-59
-57
-53
-61
-61
-55
-37
-22
-23
-17
0
13
19
30
55
79
82
77
79
91
108
115
105
97
102
115
115
100
83
53
26
-6
-39
-74
-118
-158
-206
-250
-288
-321
-338
-356
-371
-364
-342
-311
-292
-276
-237
-182
-137
-102
-71
-27
23
57
84
112
146
178
183
182
171
161
144
109
72
25
-29
-80
-119
-150
-193
-241
-274
-300
-304
-299
-292
-283
-275
-247
-207
-168
-138
-99
-49
4
62
115
165
208
251
281
306
332
345
350
340
323
303
291
267
226
185
148
107
69
29
0
-26
-67
-106
-129
-136
-133
-129
-122
-112
-89
-48
-6
30
61
98
135
167
196
218
240
248
245
237
233
229
211
182
152
128
105
80
50
4
-31
-66
-98
-131
-160
-179
-197
-219
-231
-223
-202
-186
-187
-171
-148
-120
-87
-65
-42
-22
6
24
41
53
71
85
86
82
86
103
106
94
82
72
70
61
39
7
-33
-77
-127
-178
-224
-260
-293
-326
-345
-336
-305
-276
-256
-234
-194
-142
-93
-54
-17
19
65
110
143
169
197
224
240
241
233
221
200
175
145
101
51
13
-15
-37
-58
-76
-97
-119
-127
-127
-125
-128
-135
-131
-115
-88
-63
-45
-25
2
34
65
75
75
90
119
141
141
136
137
146
160
159
142
121
104
98
75
47
26
7
-16
-44
-61
-67
-78
-92
-91
-82
-73
-74
-70
-54
-30
1
13
8
8
33
66
85
85
91
96
102
103
105
107
106
105
98
93
85
70
50
30
7
-13
-42
-72
-109
-134
-133
-135
-166
-202
-205
-177
-154
-153
-158
-142
-104
-64
-38
-16
19
58
85
93
110
135
151
157
161
173
194
200
192
176
167
153
112
56
4
-35
-72
-119
-181
-234
-260
-278
-311
-345
-347
-324
-287
-259
-247
-225
-184
-122
-74
-50
-12
34
70
92
120
159
180
172
160
162
175
185
178
150
120
100
82
53
17
-19
-44
-61
-89
-108
-108
-97
-89
-93
-95
-86
-70
-38
-6
13
30
61
104
138
157
174
187
204
226
244
254
244
230
221
210
192
163
125
88
57
27
-5
-48
-84
-104
-116
-126
-133
-121
-108
-100
-91
-81
-62
-32
-4
11
20
37
58
66
71
68
63
48
38
34
25
8
-12
-24
-30
-40
-60
-76
-93
-109
-137
-166
-180
-192
-205
-232
-247
-247
-243
-233
-225
-209
-194
-178
-153
-109
-60
-24
-9
6
35
61
79
90
106
121
136
158
172
177
178
185
197
196
178
161
134
101
66
24
-14
-50
-81
-108
-139
-159
-168
-168
-163
-156
-143
-122
-93
-64
-35
-11
18
45
71
107
142
173
192
208
225
238
237
230
214
194
173
153
129
97
64
33
1
-27
-50
-66
-88
-113
-130
-136
-129
-123
-123
-114
-96
-74
-51
-26
6
37
60
79
94
108
112
105
90
62
33
16
6
-9
-31
-56
-69
-75
-82
-94
-105
-102
-101
-106
-110
-115
-111
-112
-124
-135
-137
-122
-105
-96
-89
-73
-52
-31
-20
-10
3
8
19
35
49
63
74
80
79
76
81
85
80
66
49
37
29
16
-10
-39
-63
-78
-88
-94
-96
-88
-80
-79
-77
-64
-44
-30
-21
-9
5
21
47
76
100
119
136
160
188
204
219
233
245
248
237
220
208
188
148
100
54
13
-28
-77
-116
-143
-172
-200
-224
-237
-241
-242
-230
-200
-167
-129
-97
-69
-42
-20
4
38
70
88
100
108
124
136
136
127
117
110
97
76
53
34
9
-22
-54
-91
-125
-152
-169
-176
-186
-196
-199
-187
-165
-151
-136
-104
-66
-31
-5
20
47
68
84
105
132
152
150
139
130
124
120
110
98
86
71
58
45
29
15
9
2
-9
-17
-21
-17
-3
12
11
-6
-7
8
21
38
52
66
76
66
64
72
80
90
96
104
108
93
73
64
63
62
53
35
15
-6
-25
-45
-63
-84
-110
-127
-137
-151
-165
-177
-178
-175
-173
-179
-183
-170
-149
-129
-109
-89
-75
-61
-37
-10
14
32
49
65
77
82
84
89
92
96
90
65
36
15
1
-19
-43
-69
-104
-135
-153
-161
-175
-188
-195
-191
-174
-151
-129
-101
-65
-27
11
39
70
97
129
161
182
204
220
230
234
227
206
191
182
173
161
139
109
91
81
70
52
27
-4
-39
-56
-58
-45
-34
-40
-49
-58
-62
-60
-42
-22
-3
4
8
7
1
10
24
43
54
50
42
34
30
18
-3
-23
-32
-32
-35
-44
-52
-52
-52
-56
-65
-70
-61
-44
-29
-16
-4
9
9
10
10
19
38
47
51
53
52
53
54
46
39
35
37
39
34
32
30
26
18
5
-4
-5
-20
-43
-60
-77
-97
-126
-142
-150
-151
-150
-146
-144
-143
-133
-121
-109
-94
-72
-45
-13
18
42
61
77
91
100
113
123
125
137
152
149
130
114
96
87
74
52
21
-11
-26
-34
-47
-68
-95
-107
-105
-105
-108
-107
-105
-102
-82
-64
-48
-29
-16
-7
3
14
32
45
48
51
61
75
81
90
94
101
103
89
71
61
59
53
35
8
-11
-24
-39
-57
-73
-71
-69
-58
-43
-31
-7
22
47
62
74
81
90
102
107
108
112
111
102
94
84
75
67
57
51
46
48
47
34
17
11
4
-2
-10
-27
-43
-53
-64
-72
-75
-76
-77
-72
-78
-83
-81
-75
-61
-49
-27
-1
15
25
29
27
27
30
27
20
13
1
-15
-39
-69
-100
-131
-155
-177
-195
-212
-227
-236
-245
-252
-260
-265
-257
-242
-226
-214
-197
-180
-162
-137
-113
-93
-73
-54
-32
-2
33
68
104
137
163
190
209
228
244
248
247
244
231
208
182
159
134
108
79
50
36
35
43
42
42
59
85
106
113
117
121
131
148
159
162
159
161
166
159
145
140
142
145
154
155
159
165
160
142
117
102
91
77
48
17
-2
-14
-43
-83
-105
-103
-100
-115
-133
-133
-123
-112
-113
-116
-107
-86
-66
-64
-72
-71
-56
-48
-65
-87
-87
-68
-71
-105
-128
-135
-139
-165
-192
-208
-221
-222
-228
-238
-249
-243
-226
-228
-239
-234
-205
-184
-189
-181
-154
-122
-101
-88
-69
-42
-25
-12
6
29
54
77
100
113
127
140
148
142
123
107
96
85
69
55
49
39
24
5
-12
-19
-23
-21
-19
-9
8
23
43
62
78
94
114
131
152
178
200
213
225
245
263
271
276
280
290
289
279
266
251
236
212
171
133
105
77
51
23
-1
-11
-17
-27
-39
-51
-59
-66
-74
-90
-106
-105
-100
-104
-112
-109
-92
-81
-81
-79
-66
-46
-29
-13
1
8
21
29
18
5
-3
-19
-41
-63
-80
-89
-98
-113
-127
-134
-130
-127
-131
-136
-131
-123
-127
-132
-138
-142
-134
-121
-121
-121
-100
-77
-64
-64
-66
-64
-52
-43
-37
-35
-41
-33
-20
-27
-36
-33
-32
-40
-43
-48
-48
-39
-32
-30
-24
-16
-12
-3
3
13
29
34
34
35
45
65
82
90
91
103
109
112
109
103
110
116
107
99
89
76
67
62
48
29
28
30
22
19
11
3
6
11
11
10
15
15
16
28
41
56
57
57
77
85
79
91
105
100
97
102
104
100
90
92
91
78
62
48
37
23
7
-9
-22
-36
-47
-46
-54
-77
-89
-91
-91
-96
-100
-91
-86
-87
-92
-96
-87
-69
-56
-43
-32
-22
-10
4
0
-9
3
10
9
2
1
8
4
-15
-32
-39
-48
-69
-96
-112
-111
-102
-99
-112
-130
-132
-123
-110
-106
-108
-101
-83
-73
-70
-55
-30
-10
-7
-12
-11
0
6
13
19
22
21
18
21
18
17
12
-2
-11
-10
-6
1
4
5
12
21
23
30
41
55
78
100
121
140
152
161
167
168
169
180
188
190
185
181
176
167
158
150
136
117
100
85
80
75
61
43
34
34
27
9
-5
-4
-5
-9
-13
-16
-12
-6
-1
-4
-9
1
12
11
4
-4
-8
-15
-24
-35
-45
-56
-58
-49
-48
-49
-41
-36
-43
-51
-58
-70
-93
-125
-152
-170
-179
-186
-194
-199
-196
-188
-183
-177
-168
-162
-159
-161
-162
-169
-169
-155
-135
-113
-100
-88
-71
-45
-20
-1
5
9
7
7
9
9
5
6
9
9
7
3
3
6
9
16
23
32
45
58
69
75
70
65
68
81
91
97
102
107
120
128
135
146
157
157
151
149
150
147
139
129
120
113
106
102
100
101
96
82
71
60
53
52
50
48
44
35
38
47
48
44
45
51
51
43
31
19
7
2
-6
-21
-35
-42
-42
-39
-36
-35
-33
-34
-39
-52
-64
-81
-102
-111
-117
-127
-149
-169
-177
-178
-180
-182
-180
-174
-160
-138
-117
-105
-98
-89
-78
-74
-74
-67
-51
-41
-34
-24
-8
10
22
36
50
56
57
56
51
42
39
37
36
31
24
23
19
6
-3
3
7
1
-7
-5
10
21
28
35
46
62
69
69
61
59
71
88
95
88
95
115
134
131
119
113
113
110
102
95
81
64
49
34
19
-2
-18
-25
-32
-41
-48
-50
-51
-48
-42
-41
-45
-51
-52
-49
-45
-51
-54
-53
-50
-43
-35
-36
-37
-34
-28
-28
-35
-37
-24
-18
-29
-34
-28
-22
-26
-27
-19
-15
-23
-28
-20
-7
1
1
3
9
15
17
16
18
23
29
28
20
16
23
29
24
13
10
20
31
34
28
15
10
13
6
-15
-41
-51
-52
-65
-87
-101
-97
-86
-86
-88
-84
-69
-49
-32
-19
-10
3
18
31
41
50
60
66
70
75
84
91
91
89
95
106
111
100
79
65
60
48
21
-10
-27
-27
-32
-49
-58
-56
-48
-42
-44
-43
-38
-31
-29
-31
-36
-45
-45
-35
-28
-27
-29
-25
-17
-12
-8
0
12
22
24
28
38
43
41
32
28
26
23
18
9
9
5
-5
-10
-9
-5
-3
2
10
11
12
15
16
20
15
4
2
3
3
-6
-13
-11
-13
-16
-20
-20
-25
-34
-39
-43
-48
-51
-51
-43
-38
-33
-25
-21
-20
-19
-13
-5
-3
3
12
16
10
7
11
19
24
40
63
72
73
78
83
84
78
68
68
67
61
59
52
37
25
15
5
-15
-34
-41
-43
-53
-63
-65
-65
-71
-79
-79
-72
-69
-65
-61
-57
-54
-53
-50
-46
-51
-45
-40
-42
-39
-31
-11
12
32
50
60
71
83
94
99
96
92
91
85
72
50
35
30
22
14
6
6
13
16
19
21
22
25
27
25
17
10
8
12
10
1
-4
-8
-7
-5
-8
-14
-19
-22
-25
-33
-43
-42
-37
-36
-41
-42
-42
-42
-46
-58
-69
-77
-86
-100
-109
-108
-101
-97
-90
-82
-74
-64
-52
-42
-29
-14
-6
5
15
20
22
23
25
23
22
21
15
7
8
6
-3
-5
-5
-8
-4
-2
4
13
18
32
43
42
41
42
54
64
62
61
65
71
75
82
85
84
87
87
93
97
91
97
101
97
99
96
96
97
95
85
68
50
32
21
5
-17
-34
-44
-49
-45
-36
-28
-30
-31
-28
-22
-20
-22
-27
-22
-10
-11
-16
-14
-4
10
14
8
7
15
29
36
25
8
-2
-5
-12
-33
-57
-64
-60
-67
-82
-99
-110
-105
-101
-110
-119
-129
-131
-126
-124
-133
-132
-117
-108
-107
-103
-88
-71
-62
-50
-37
-22
-9
-4
-1
8
18
24
24
17
12
20
22
9
1
-1
4
3
-7
-13
-18
-16
-7
-5
-8
-7
8
28
36
35
42
59
72
71
65
77
91
94
89
83
81
79
74
70
63
58
50
42
37
36
35
35
41
44
41
46
52
60
66
66
72
72
71
62
52
52
53
54
48
45
46
48
51
43
36
41
42
38
27
16
13
4
-8
-23
-40
-45
-50
-61
-73
-85
-85
-83
-89
-94
-87
-77
-71
-68
-66
-59
-53
-53
-53
-54
-54
-48
-47
-50
-55
-61
-60
-64
-65
-60
-57
-51
-53
-49
-41
-37
-30
-26
-20
-15
-13
-6
3
2
2
9
19
21
19
15
17
21
22
23
18
14
18
23
21
17
19
26
36
38
36
41
46
43
42
43
51
52
46
46
51
56
49
33
21
21
22
12
-8
-24
-26
-24
-28
-40
-47
-39
-28
-28
-29
-25
-22
-18
-11
-2
2
8
12
13
14
11
9
-2
-10
-11
-10
-17
-34
-44
-38
-26
-19
-18
-20
-17
-4
-1
-7
-12
-2
13
21
20
24
33
33
33
34
37
33
30
30
30
31
24
17
15
20
33
37
29
15
11
16
15
3
-7
-7
-10
-13
-11
-16
-17
-18
-23
-24
-27
-26
-21
-19
-17
-20
-28
-34
-31
-13
5
10
6
1
-4
-4
-4
-6
-4
7
19
22
17
9
3
-5
-15
-17
-13
-9
-8
-13
-17
-15
-12
-7
-1
4
5
6
6
5
6
12
15
9
-1
1
10
19
22
21
24
28
27
21
20
25
27
27
20
15
15
17
17
16
13
9
1
-10
-22
-27
-23
-12
-3
1
0
-8
-22
-34
-35
-25
-12
-3
-2
-10
-19
-21
-16
-14
-14
-14
-16
-20
-28
-30
-29
-30
-35
-43
-47
-48
-44
-40
-32
-21
-15
-18
-14
-9
-6
-2
2
8
14
18
21
27
31
36
41
50
60
67
74
80
87
95
102
105
101
92
84
75
63
51
40
24
3
-9
-19
-27
-36
-42
-46
-54
-64
-68
-64
-55
-49
-44
-41
-31
-23
-25
-23
-20
-22
-23
-18
-9
-7
-9
-13
-15
-13
-11
-5
-6
-13
-13
-18
-21
-23
-25
-25
-21
-18
-15
-12
-10
-14
-12
-6
-2
6
11
13
13
12
15
23
28
23
24
24
18
13
6
1
-3
-14
-31
-38
-33
-26
-17
-17
-20
-19
-22
-23
-22
-24
-26
-24
-20
-20
-18
-17
-22
-32
-36
-27
-14
-6
-4
-9
-14
-13
-4
8
19
24
27
32
32
36
35
33
35
29
23
26
32
28
24
19
18
19
20
22
22
20
9
6
7
5
10
12
9
11
14
16
18
15
17
20
26
32
37
38
42
47
49
52
53
53
55
54
47
42
38
31
24
14
5
1
-6
-16
-24
-33
-37
-37
-39
-41
-42
-42
-47
-48
-43
-40
-39
-41
-47
-44
-40
-32
-24
-23
-25
-27
-24
-18
-13
-13
-19
-24
-32
-42
-50
-53
-51
-43
-40
-43
-44
-45
-39
-34
-34
-33
-28
-25
-19
-11
-8
-2
2
2
1
7
8
9
10
9
12
15
19
21
27
32
36
33
24
16
13
12
9
5
2
9
12
14
18
15
16
16
14
9
10
13
18
26
26
31
34
30
22
13
15
20
24
27
30
33
31
26
18
12
9
3
-3
-8
-9
-8
-7
-5
-12
-16
-17
-21
-20
-16
-5
4
5
5
5
10
17
18
17
16
18
20
17
14
13
20
30
31
29
27
29
32
29
24
29
33
28
29
29
30
30
21
10
4
-2
-9
-11
-17
-26
-26
-34
-45
-52
-55
-53
-48
-48
-51
-49
-50
-54
-51
-51
-48
-46
-47
-43
-38
-38
-41
-47
-48
-45
-37
-33
-37
-40
-35
-28
-28
-28
-28
-26
-24
-23
-18
-7
0
3
0
0
1
0
-2
-1
2
10
17
25
27
25
29
26
24
25
31
40
42
38
41
51
61
60
51
47
47
49
50
48
50
50
47
42
32
25
26
31
28
26
27
32
39
46
44
45
51
50
51
49
47
53
53
50
43
35
26
19
9
2
0
0
-5
-9
-13
-16
-14
-16
-19
-20
-19
-17
-15
-21
-20
-16
-16
-18
-26
-36
-43
-49
-57
-59
-63
-64
-66
-72
-77
-79
-72
-65
-60
-59
-57
-50
-45
-48
-49
-49
-48
-48
-57
-57
-54
-55
-56
-58
-62
-61
-60
-63
-64
-65
-59
-47
-41
-36
-23
-7
0
3
9
18
28
30
26
29
31
31
32
32
24
21
20
23
24
28
33
39
45
48
55
61
62
63
65
68
76
81
83
88
92
94
95
90
80
74
70
67
60
53
57
64
61
57
53
48
48
48
40
38
35
35
36
33
27
24
20
12
6
0
-8
-13
-20
-23
-22
-24
-27
-31
-36
-40
-44
-48
-51
-55
-54
-52
-54
-59
-63
-67
-71
-79
-89
-93
-89
-84
-82
-82
-80
-75
-74
-74
-71
-70
-68
-64
-63
-60
-54
-46
-40
-40
-45
-48
-53
-57
-57
-56
-47
-38
-32
-24
-10
1
11
15
19
24
32
40
43
47
53
57
54
45
39
38
37
33
27
27
32
34
37
41
46
53
58
62
68
72
79
83
82
78
73
72
68
61
56
49
40
36
39
38
32
28
31
34
32
31
30
29
26
19
19
19
14
4
-4
-9
-12
-20
-28
-28
-27
-29
-26
-27
-27
-25
-21
-21
-28
-34
-34
-36
-43
-46
-51
-51
-51
-53
-52
-55
-54
-51
-45
-38
-31
-24
-17
-12
-8
-6
-5
-6
-11
-13
-10
-12
-13
-13
-9
-9
-11
-15
-10
-4
-2
1
7
17
24
30
29
28
32
30
25
16
14
15
10
0
-14
-23
-26
-31
-39
-44
-42
-35
-33
-32
-29
-22
-15
-13
-11
-5
3
13
15
18
21
27
31
30
26
27
25
19
13
9
15
21
23
17
12
17
26
32
33
35
39
42
44
46
47
50
46
38
31
23
19
14
5
-1
-10
-19
-23
-30
-35
-34
-32
-31
-28
-25
-21
-16
-16
-15
-16
-17
-18
-16
-15
-18
-19
-22
-26
-31
-38
-38
-36
-35
-33
-29
-22
-19
-13
-9
-4
3
3
8
12
15
18
14
12
11
10
15
17
16
12
11
17
15
11
10
10
14
11
10
9
7
4
-2
-7
-12
-13
-11
-11
-12
-9
-5
-5
-11
-16
-13
-11
-7
-2
1
9
21
24
18
15
16
13
9
8
9
13
16
15
10
7
3
1
-3
-8
-8
-6
-2
-1
-4
-9
-12
-16
-19
-19
-18
-14
-9
-7
-4
3
7
10
7
6
9
15
21
19
20
23
28
28
24
22
23
24
28
27
24
23
21
18
12
3
-6
-7
-4
-7
-8
-9
-10
-9
-13
-20
-25
-30
-36
-39
-38
-34
-30
-29
-32
-31
-30
-26
-26
-27
-24
-20
-14
-10
-8
-8
-5
-5
-7
-6
-2
6
12
13
15
17
21
22
20
14
9
9
7
10
6
5
6
5
0
-3
-4
-1
1
-2
-3
-2
3
5
4
5
7
9
8
6
2
0
1
0
0
2
5
7
5
2
4
7
10
15
17
20
29
34
33
29
25
26
28
28
26
27
30
28
23
16
11
8
3
1
-1
-2
-5
-10
-15
-18
-18
-18
-19
-18
-21
-26
-30
-33
-30
-25
-22
-21
-19
-20
-21
-24
-21
-19
-15
-10
-4
1
4
6
8
12
12
7
7
10
13
16
15
11
4
-2
-5
-8
-11
-7
-3
-5
-11
-15
-16
-17
-20
-26
-27
-24
-26
-27
-29
-33
-34
-37
-39
-42
-42
-43
-46
-44
-40
-33
-29
-29
-27
-23
-18
-16
-11
-4
0
3
6
4
9
14
16
15
10
7
12
23
31
31
30
27
25
24
27
30
32
34
37
38
39
41
38
33
28
28
31
38
46
51
53
54
51
47
46
47
48
49
47
46
48
50
46
35
21
14
13
14
13
13
13
12
11
13
15
14
10
9
10
9
8
10
12
10
6
-1
-9
-14
-18
-20
-22
-26
-30
-32
-34
-37
-39
-44
-47
-45
-45
-45
-41
-40
-39
-38
-40
-45
-52
-57
-60
-56
-53
-49
-46
-44
-44
-43
-40
-42
-43
-43
-43
-39
-38
-39
-37
-34
-36
-37
-37
-37
-35
-30
-28
-27
-27
-26
-24
-20
-14
-9
-3
3
5
9
11
16
19
18
17
21
24
29
31
33
33
32
32
33
38
39
40
40
37
39
42
44
41
38
40
43
45
48
53
58
61
60
57
60
58
55
57
54
49
44
42
41
40
35
31
30
28
27
27
24
21
21
23
23
21
19
20
21
23
23
22
19
19
15
10
4
0
-2
-5
-11
-18
-24
-25
-25
-25
-28
-34
-39
-43
-43
-46
-52
-60
-67
-67
-70
-71
-76
-81
-82
-83
-85
-89
-93
-94
-95
-97
-98
-97
-96
-92
-86
-86
-86
-85
-83
-76
-72
-71
-69
-66
-59
-51
-43
-35
-29
-17
-5
5
9
15
18
24
33
36
37
41
48
56
59
58
58
60
61
64
67
72
78
79
80
78
80
81
82
88
91
90
89
88
86
82
77
77
76
79
84
86
85
84
80
75
71
68
69
68
65
61
55
52
50
47
45
40
35
31
27
26
30
25
23
21
23
24
18
7
0
-4
-11
-19
-27
-31
-35
-38
-48
-57
-64
-69
-75
-79
-83
-83
-83
-86
-88
-92
-93
-97
-104
-104
-98
-96
-98
-97
-99
-103
-100
-97
-96
-94
-90
-86
-81
-77
-69
-60
-54
-54
-49
-38
-32
-30
-28
-30
-29
-23
-18
-13
-4
0
4
9
16
20
25
27
29
32
34
30
27
30
32
35
38
42
46
51
51
53
55
57
59
61
65
68
68
69
67
65
63
61
59
56
55
54
52
49
47
40
35
36
33
29
25
19
14
11
5
3
1
-4
-5
-2
-4
-10
-15
-19
-24
-27
-31
-34
-35
-34
-33
-31
-30
-28
-26
-29
-26
-21
-22
-22
-18
-18
-19
-16
-17
-16
-11
-8
-3
1
1
5
7
6
5
4
2
4
11
13
14
20
22
19
18
12
8
6
2
-1
0
3
6
8
11
12
15
15
13
13
9
7
8
5
2
2
5
3
2
2
0
-2
-3
-2
-2
-4
-7
-6
-6
-1
4
2
1
-1
1
3
2
-1
-2
0
1
-1
-5
-14
-18
-23
-31
-36
-37
-40
-36
-30
-28
-25
-24
-21
-15
-14
-18
-23
-24
-24
-24
-24
-23
-19
-15
-14
-16
-19
-21
-21
-17
-17
-18
-17
-13
-9
-3
3
10
15
21
30
35
35
36
34
32
25
18
14
12
11
9
9
11
15
21
26
27
26
25
27
26
20
13
10
7
3
-2
-5
-4
1
5
9
6
0
-3
-4
-7
-16
-21
-21
-19
-14
-10
-8
-4
2
9
16
24
26
27
25
21
15
12
5
0
-4
-5
-3
-3
-1
3
7
5
0
-2
0
3
3
5
5
4
5
7
7
2
-3
-3
-1
1
1
0
1
5
5
1
-8
-15
-20
-23
-24
-19
-15
-11
-6
-1
6
12
11
3
-5
-14
-14
-13
-14
-14
-13
-7
-7
-4
-5
-5
-7
-11
-17
-22
-22
-23
-19
-15
-10
-3
3
8
9
6
4
1
1
4
8
9
5
2
3
6
9
9
3
1
4
13
18
15
9
9
11
12
10
4
0
1
4
9
10
13
16
15
15
10
7
7
8
5
3
-2
-7
-10
-13
-16
-21
-25
-26
-23
-18
-16
-13
-15
-12
-8
-3
-3
-5
-6
-6
-5
-2
-1
-2
-1
2
4
8
8
4
6
6
10
11
15
17
18
19
18
15
12
12
10
10
9
6
4
1
0
2
5
7
11
9
6
5
5
3
1
-4
-8
-13
-16
-17
-13
-8
-7
-7
-10
-11
-8
-2
-1
-5
-11
-12
-10
-6
-2
-1
-3
-5
-5
-3
-4
-5
-5
-7
-5
-1
6
11
11
3
0
-5
-8
-9
-11
-12
-15
-20
-20
-20
-17
-13
-13
-20
-21
-17
-11
-8
-10
-12
-15
-18
-16
-12
-5
-1
0
-1
0
3
9
12
6
0
2
7
12
15
17
19
21
20
22
20
20
20
19
19
22
27
31
33
34
36
36
35
29
26
25
22
15
10
9
12
13
12
11
6
4
4
3
-2
-7
-10
-12
-15
-16
-15
-15
-16
-17
-17
-16
-12
-7
-5
-7
-5
-5
-4
-4
-3
-2
0
0
-2
-3
-4
-3
-3
-5
-6
-9
-10
-9
-9
-10
-11
-13
-10
-6
-6
-5
-6
-6
-3
-4
-4
-4
-5
-3
0
1
0
0
-2
-3
-6
-10
-10
-10
-12
-13
-17
-20
-22
-22
-20
-18
-15
-17
-18
-18
-19
-21
-22
-21
-19
-10
-1
3
7
11
16
20
21
21
21
24
27
25
22
21
20
18
14
10
6
2
1
0
1
3
3
3
1
3
3
-1
0
1
5
10
14
15
17
23
25
24
19
17
18
20
19
17
15
12
6
1
-7
-11
-13
-15
-17
-17
-14
-12
-11
-12
-7
-1
1
1
0
2
7
6
6
4
2
3
1
-3
-10
-13
-12
-11
-10
-9
-7
-5
-5
-7
-6
-8
-12
-13
-16
-15
-13
-13
-14
-13
-11
-10
-11
-14
-12
-8
-3
-1
-1
2
4
8
9
8
4
3
4
3
2
4
7
8
8
9
9
9
8
5
5
3
3
5
6
8
11
8
4
0
0
3
1
-4
-4
1
3
4
5
6
6
4
0
-3
-3
-2
1
1
-3
-5
-2
-2
-5
-10
-10
-9
-10
-11
-9
-4
1
1
3
2
3
6
5
4
3
3
4
6
3
5
6
4
-1
-3
1
3
4
1
-1
2
4
4
3
1
2
3
3
0
0
2
2
0
-2
-2
-2
-3
-6
-7
-5
-3
-2
-3
-1
2
4
3
2
4
5
6
3
1
2
7
8
4
0
4
6
5
4
2
0
2
2
-1
-1
-2
-3
-6
-9
-8
-5
-3
-6
-7
-4
-3
0
0
-3
-5
-8
-9
-11
-14
-15
-16
-17
-18
-17
-13
-10
-6
-5
-6
-3
2
2
1
5
6
7
9
10
13
12
10
9
8
8
8
5
4
3
5
7
8
8
8
9
10
9
8
6
2
-1
-5
-2
3
3
2
2
2
0
-2
-4
-7
-9
-8
-9
-12
-11
-8
-5
-3
-5
-5
-2
-1
0
0
-1
-4
-5
-4
-4
-4
-4
-3
-1
-1
-2
1
6
9
14
17
17
14
11
10
9
8
7
6
9
9
10
11
11
9
8
5
3
4
4
3
2
2
3
1
-2
-5
-4
-4
-5
-6
-7
-8
-8
-7
-6
-7
-7
-5
-2
-2
-1
2
6
7
9
7
3
-1
-4
-5
-4
-4
-3
-2
-3
-4
-6
-12
-21
-26
-28
-26
-25
-24
-20
-15
-10
-6
-5
-8
-9
-7
-4
-4
-4
-6
-4
-1
1
1
1
4
7
7
6
3
5
8
9
10
10
9
13
13
13
10
5
3
2
-1
-3
-1
0
3
4
6
8
12
14
10
6
3
2
4
1
-1
-1
1
5
6
5
4
1
2
-1
-3
-2
-1
1
4
4
8
14
16
17
18
15
10
8
5
4
3
3
4
6
5
5
5
3
4
4
7
7
6
6
8
7
8
7
7
6
4
2
-3
-6
-5
-3
-3
-5
-4
-3
-3
-9
-14
-18
-21
-25
-28
-26
-25
-20
-19
-19
-23
-23
-23
-24
-22
-24
-20
-16
-18
-17
-15
-13
-9
-8
-8
-9
-6
-1
-1
-5
-9
-10
-14
-16
-19
-17
-12
-10
-10
-9
-8
-7
-8
-10
-14
-17
-14
-12
-11
-9
-9
-8
-8
-9
-9
-5
-1
1
5
11
15
18
17
15
15
17
17
14
15
13
14
17
14
14
18
23
28
31
31
33
34
31
31
30
34
35
35
39
39
38
37
34
35
35
36
38
40
41
42
39
39
35
30
32
33
28
27
27
26
26
23
26
25
23
24
24
25
25
24
24
19
14
13
8
5
-2
-7
-7
-13
-20
-20
-21
-26
-31
-33
-34
-37
