SAMPLES:	22483
BITSPERSAMPLE:	16
CHANNELS:	1
SAMPLERATE:	16000
NORMALIZED:	FALSE
1
1
0
0
0
-1
-1
0
1
1
1
2
0
0
-1
0
-1
-4
-3
-3
-4
-5
-4
-3
-1
0
3
3
3
3
4
3
4
4
5
5
4
4
3
3
-1
-3
-5
-6
-7
-8
-8
-7
-4
-2
-1
0
2
5
6
6
7
5
4
5
5
6
5
5
4
3
2
1
-3
-4
-5
-5
-8
-8
-7
-7
-6
-6
-5
-5
-5
-3
-2
0
1
2
3
3
3
4
2
1
-1
-1
-2
-4
-4
-3
-2
-1
1
2
3
5
7
8
9
10
9
8
6
5
5
3
0
0
-1
-4
-4
-5
-6
-6
-6
-6
-7
-8
-7
-6
-4
-3
0
1
2
3
5
6
6
7
5
5
5
4
4
3
2
1
0
0
-3
-2
-1
0
0
2
2
1
1
2
1
0
-1
0
0
0
-2
-4
-7
-10
-12
-10
-9
-7
-5
-5
-5
-5
-4
-3
-2
-1
0
1
1
3
3
4
2
0
-1
-1
-2
-1
0
-1
-1
-1
-1
0
1
2
2
2
2
3
3
3
4
3
3
2
1
2
1
2
1
-2
-4
-6
-7
-8
-6
-6
-5
-3
-1
-1
2
2
3
5
5
5
5
7
6
5
4
1
-1
-3
-4
-5
-4
-3
-2
0
1
1
3
4
6
8
9
9
10
9
9
9
8
5
5
2
0
-2
-5
-6
-8
-10
-12
-11
-10
-8
-6
-4
-2
0
1
1
3
4
3
1
1
-1
-3
-4
-5
-4
-4
-4
-3
-2
-2
-1
0
1
2
3
5
5
6
6
6
5
7
5
5
6
4
3
3
2
1
-1
-4
-4
-4
-5
-4
-3
-1
0
0
-1
-1
-2
-2
-1
-2
-2
-4
-4
-5
-6
-6
-7
-8
-9
-9
-8
-7
-6
-3
-2
0
1
2
3
2
4
4
4
4
4
5
5
6
6
5
5
5
4
6
4
4
5
5
7
8
8
9
8
7
6
5
2
-1
-5
-5
-6
-8
-9
-9
-9
-10
-9
-9
-9
-8
-6
-5
-4
-2
0
1
3
3
5
4
4
6
6
6
6
4
4
3
3
3
3
3
4
3
2
3
3
3
2
2
2
2
3
1
-1
0
-1
-2
-3
-5
-7
-6
-6
-7
-8
-7
-8
-9
-7
-6
-4
-3
-1
-1
-1
-1
-1
-2
-2
-2
-3
-2
-2
-2
-2
-2
-2
-3
-3
-2
-1
-1
0
0
0
-1
0
0
0
0
0
1
0
-1
-2
-3
-4
-3
-5
-4
-5
-5
-4
-3
-2
-3
-2
-1
0
0
1
3
4
5
5
7
8
8
7
6
6
7
6
5
6
7
8
8
10
10
8
9
10
10
10
11
10
9
7
7
7
6
5
5
4
3
1
-1
-2
-3
-3
-5
-5
-7
-5
-6
-5
-4
-2
-3
-2
-2
-2
-2
-2
-2
-2
-2
-3
-4
-6
-6
-7
-7
-7
-7
-4
-4
-2
-2
0
-1
-1
-2
-3
-2
-3
-3
-4
-5
-5
-6
-6
-6
-6
-7
-6
-7
-6
-6
-6
-5
-5
-4
-4
-1
-1
0
2
2
3
2
3
3
4
5
4
6
5
5
4
3
2
1
3
3
2
4
3
5
6
6
6
6
5
4
2
1
1
2
2
1
1
-1
-1
-3
-3
-3
-3
-3
-3
-2
0
1
2
2
1
2
0
1
-3
-2
-2
-2
-2
-1
0
2
2
3
3
5
6
6
6
7
6
7
5
5
4
3
3
3
2
1
1
0
-1
-1
-1
-1
-2
-3
-4
-5
-6
-7
-6
-7
-7
-7
-5
-5
-5
-3
-4
-4
-5
-5
-5
-5
-5
-3
-5
-4
-3
-3
-3
-2
-1
-1
-1
0
-1
0
0
1
1
4
4
4
6
6
5
5
5
5
4
3
2
1
-2
-3
-5
-6
-6
-7
-7
-5
-5
-3
-2
0
1
2
3
4
5
6
6
7
7
9
7
7
6
4
3
2
1
0
-1
-2
-2
0
1
2
1
3
2
2
3
2
0
0
0
1
1
0
-2
-3
-3
-6
-6
-8
-8
-9
-8
-6
-4
-1
1
3
4
5
5
3
3
2
0
-2
-3
-4
-4
-4
-4
-4
-4
-5
-4
-4
-2
0
1
3
6
7
9
7
7
5
4
2
0
-1
-1
-3
-3
-3
-4
-3
-3
-5
-4
-5
-3
-2
-1
0
2
4
6
6
8
8
7
8
7
5
4
3
1
1
1
0
0
-1
-1
-1
-1
0
3
2
2
1
1
3
3
2
1
-1
-1
-3
-4
-7
-7
-7
-8
-8
-6
-6
-4
-5
-5
-5
-4
-4
-4
-4
-4
-4
-4
-2
-1
-1
-1
-1
-1
-1
-1
-1
-2
-1
-2
-2
-1
-1
0
1
1
1
3
4
4
5
4
4
4
4
4
5
4
3
4
1
1
1
-1
-1
-1
0
0
1
2
3
4
4
6
6
4
4
2
3
2
0
0
-2
-2
-3
-2
-2
-3
-3
-3
-3
-1
0
0
0
0
0
1
0
1
0
0
1
1
1
-1
0
1
-1
-1
-1
-1
0
-2
-2
-3
-2
-2
-1
0
1
4
5
6
7
6
6
5
5
4
2
0
-2
-3
-5
-5
-6
-7
-7
-6
-5
-3
-2
-2
1
1
3
4
4
4
3
1
2
0
-1
-2
-3
-5
-7
-6
-5
-5
-4
-3
-3
-3
-2
-1
0
1
1
2
1
2
1
-2
-3
-3
-4
-4
-3
-2
-1
1
3
2
3
3
2
4
5
6
7
7
8
8
6
4
2
-1
-2
-3
-3
-3
-2
-1
1
3
4
3
3
2
1
0
-2
-2
-1
0
0
0
0
0
-1
0
-3
-3
-3
-2
-1
-1
0
1
1
1
-1
-2
-2
-3
-3
-3
-2
-1
2
3
5
4
4
3
2
1
-1
-2
-2
-1
0
1
3
2
3
2
1
-1
-2
-1
-3
-3
-4
-3
-3
-2
0
0
1
1
2
2
2
3
2
2
2
2
0
0
-1
-1
-2
-4
-5
-4
-3
-2
-1
0
1
3
3
1
2
1
0
-1
-2
-2
-2
-2
0
0
1
1
1
1
0
-3
-3
-3
-4
-5
-4
-4
-3
-3
-2
-2
0
-1
0
1
1
3
5
5
6
5
4
3
3
1
0
-2
-3
-4
-4
-3
-3
-2
0
1
1
2
4
4
6
6
6
7
5
6
6
5
4
4
3
3
2
1
0
2
2
2
3
4
3
3
3
3
4
4
3
2
2
1
1
0
-1
-1
-2
-2
-3
-3
-3
-4
-3
-3
-3
-3
-3
-3
-2
-2
-1
-1
-1
-1
-1
-1
-2
-3
-4
-6
-5
-6
-7
-7
-7
-6
-5
-5
-4
-4
-4
-4
-4
-2
-3
-2
-1
-1
1
1
1
2
0
-1
-1
-2
-2
-4
-2
-4
-3
-2
-2
-1
-2
-3
-5
-4
-3
-2
-1
-1
0
2
3
2
2
1
0
0
0
0
0
1
1
2
2
4
4
3
2
2
3
3
3
4
4
4
3
4
3
3
4
4
6
5
4
3
3
3
3
4
5
6
5
6
4
4
1
-1
-1
-1
0
1
3
2
3
2
1
1
-1
-2
-3
0
1
1
3
3
2
2
3
1
0
0
-1
1
1
1
1
1
0
-1
-1
-1
-3
-2
-1
0
0
-1
-1
-1
-2
-2
-1
-2
-2
-3
-3
-4
-4
-4
-4
-4
-4
-4
-3
-2
-2
-2
-2
-3
-4
-4
-4
-4
-4
-4
-3
-3
-3
-2
0
-1
0
1
-1
1
2
2
2
3
2
1
1
2
3
2
2
2
2
2
1
2
3
3
3
3
2
1
1
0
-2
-1
-2
-3
-3
-1
0
1
0
0
1
0
0
0
0
0
-1
-2
-3
-3
-2
-1
0
1
2
1
2
2
2
0
0
-1
0
0
2
1
1
1
1
0
1
1
2
2
3
2
2
1
1
2
3
2
2
1
1
0
0
0
-1
0
1
1
1
2
1
1
0
-1
-3
-3
-3
-4
-5
-5
-4
-3
-2
0
1
2
2
1
1
-1
-1
-2
-3
-2
-2
-1
-1
0
1
2
1
2
3
3
2
2
1
0
-2
-1
0
1
0
0
1
-1
-2
-2
-2
-2
-2
-3
-1
-1
-2
-1
2
2
2
3
3
6
4
3
1
-2
-3
-3
-4
-5
-3
-2
-1
0
1
3
4
4
4
4
4
2
1
-1
-3
-4
-5
-5
-5
-5
-3
-3
-2
-2
0
0
0
0
0
-1
0
0
0
1
3
4
5
5
6
7
5
5
4
3
1
1
0
-2
-2
-2
-1
0
-1
-1
-1
-2
-2
-1
0
0
-1
0
0
0
0
0
1
2
1
2
1
1
2
1
0
-3
-3
-3
-5
-6
-4
-3
-4
-3
-2
-1
-1
-1
3
3
3
3
3
2
0
0
1
0
-1
0
0
0
0
-1
1
1
0
0
1
1
0
1
0
-1
-3
-3
-3
-4
-4
-4
-5
-6
-6
-5
-6
-4
-3
-1
1
2
3
4
3
3
4
3
2
2
3
2
0
-1
-2
-4
-5
-5
-4
-4
-2
-1
0
1
3
4
6
6
6
7
7
7
6
6
4
2
1
0
-1
-1
-1
-2
-2
-1
0
0
2
3
3
3
4
5
3
4
4
3
4
4
4
2
2
1
0
-1
-1
-2
-3
-4
-4
-3
-2
-2
-1
0
0
0
2
1
3
3
4
3
4
3
3
1
0
-1
-2
-2
-6
-6
-7
-7
-7
-7
-8
-8
-7
-6
-6
-5
-4
-3
-3
-2
-1
0
-1
-2
-1
-3
-3
-4
-4
-4
-3
-3
-2
-1
0
1
3
1
2
2
2
1
1
3
2
3
1
0
0
0
0
0
-2
-3
-3
-3
-2
-2
-1
0
1
3
4
7
8
9
9
9
8
8
7
6
4
4
3
3
2
2
2
1
0
0
1
-1
1
0
2
4
5
6
6
6
7
7
6
4
2
1
-2
-3
-3
-5
-7
-7
-5
-5
-3
-2
0
0
-1
-2
-1
-1
-2
-2
-2
-2
-3
-2
-3
-4
-5
-6
-8
-7
-8
-7
-7
-7
-5
-3
-4
-2
-1
0
-1
-1
-1
-2
-3
-3
-2
-5
-4
-5
-3
-4
-4
-2
0
1
3
2
3
2
2
3
4
4
5
3
1
-1
-3
-3
-4
-5
-3
-2
-1
-1
0
0
1
4
5
5
5
5
5
4
5
4
4
3
3
1
1
1
1
1
2
3
3
1
0
0
-1
-2
-1
0
-2
-4
-3
-2
-1
-1
-1
1
3
3
6
6
5
6
5
5
2
1
0
-2
-2
-2
-2
-3
-1
-2
-2
1
3
2
1
3
4
4
4
7
6
5
4
6
5
0
-1
-2
-5
-7
-8
-8
-9
-10
-9
-8
-6
-5
-2
-1
-2
0
1
1
0
-2
-2
-1
-1
-2
-4
-6
-3
-2
-2
-1
-1
-2
-2
-1
0
0
1
3
5
6
10
15
17
17
18
20
22
23
20
18
18
19
19
14
9
10
10
13
15
18
22
23
23
23
25
29
34
35
32
29
32
37
41
38
39
40
44
49
54
58
59
61
63
62
62
61
60
58
50
40
33
22
10
-3
-13
-23
-33
-38
-41
-47
-48
-47
-45
-46
-49
-50
-57
-66
-72
-82
-95
-110
-123
-136
-150
-158
-163
-172
-179
-179
-179
-185
-184
-177
-171
-165
-153
-141
-132
-129
-131
-129
-124
-119
-120
-120
-120
-123
-124
-129
-135
-141
-140
-137
-129
-116
-110
-107
-100
-93
-96
-92
-72
-45
-28
-12
12
36
50
67
96
120
134
159
188
184
173
174
177
149
122
128
141
148
150
172
198
222
246
278
337
423
516
589
624
656
706
753
773
765
744
714
673
608
538
465
420
382
304
205
125
108
98
68
34
-1
-31
-52
-81
-140
-211
-236
-235
-279
-360
-428
-457
-458
-453
-468
-498
-518
-508
-480
-456
-444
-405
-351
-346
-374
-407
-396
-354
-336
-337
-368
-386
-380
-377
-370
-355
-326
-291
-274
-273
-269
-250
-212
-188
-190
-197
-191
-173
-164
-169
-185
-187
-180
-203
-226
-240
-248
-244
-252
-274
-297
-298
-275
-247
-225
-205
-171
-134
-106
-79
-46
0
50
88
93
88
93
108
123
93
45
13
-16
-54
-86
-109
-120
-115
-88
-38
23
104
202
283
344
406
477
551
621
668
683
722
750
753
734
698
663
642
659
671
660
643
637
632
679
834
1095
1348
1482
1578
1747
1956
2086
2097
2062
1971
1759
1503
1240
954
647
406
213
-22
-296
-460
-489
-529
-640
-775
-866
-949
-1060
-1207
-1362
-1502
-1582
-1624
-1701
-1802
-1860
-1800
-1674
-1549
-1457
-1385
-1284
-1175
-1101
-1066
-1004
-914
-865
-892
-932
-921
-862
-782
-708
-661
-636
-591
-505
-406
-324
-263
-218
-187
-170
-152
-121
-62
27
90
99
109
155
212
221
197
192
179
143
92
39
5
-21
-48
-62
-77
-78
-65
-38
-11
-12
-25
-16
-7
-13
-16
-6
48
99
132
171
229
301
351
390
437
462
460
469
472
471
457
433
397
378
376
369
367
394
441
470
519
579
642
675
715
783
819
842
877
920
930
912
900
888
847
841
876
912
910
889
916
960
975
953
933
1002
1135
1250
1307
1352
1429
1495
1501
1420
1284
1099
900
700
459
127
-193
-393
-542
-767
-1023
-1184
-1278
-1361
-1461
-1539
-1642
-1757
-1862
-1962
-2096
-2236
-2274
-2255
-2262
-2329
-2349
-2289
-2144
-1968
-1797
-1647
-1495
-1291
-1114
-986
-894
-770
-650
-614
-623
-612
-571
-515
-454
-410
-405
-402
-342
-275
-239
-207
-145
-52
11
50
121
221
336
436
521
603
684
773
820
808
765
715
653
570
489
405
327
259
214
172
148
140
155
176
182
191
229
297
357
399
440
491
532
583
651
735
792
806
805
820
822
798
769
726
658
561
473
400
315
233
196
170
155
196
306
433
503
579
690
796
848
851
852
846
810
775
740
680
599
537
529
525
502
472
448
433
401
387
380
363
388
518
683
786
870
1029
1219
1309
1311
1278
1235
1127
958
725
420
64
-255
-503
-782
-1107
-1421
-1642
-1819
-1983
-2127
-2226
-2288
-2341
-2397
-2466
-2506
-2485
-2388
-2310
-2285
-2237
-2117
-1951
-1780
-1632
-1503
-1351
-1175
-1014
-924
-874
-804
-740
-721
-760
-802
-801
-784
-751
-698
-645
-578
-448
-275
-132
-9
137
302
425
510
594
691
798
890
970
1024
1066
1129
1197
1225
1211
1185
1143
1073
976
880
787
709
623
526
440
386
392
439
472
484
528
606
672
719
760
771
767
774
786
781
759
744
730
692
637
587
549
492
396
299
204
99
14
-63
-154
-233
-250
-194
-90
62
267
431
524
601
706
775
762
734
693
621
524
447
344
208
155
232
306
302
311
358
393
407
423
442
428
388
393
453
537
630
715
812
864
861
876
887
887
826
652
376
39
-304
-614
-899
-1171
-1454
-1770
-2033
-2181
-2241
-2270
-2280
-2263
-2222
-2198
-2171
-2099
-2051
-2034
-2012
-1978
-1963
-1969
-1903
-1760
-1636
-1538
-1417
-1277
-1126
-975
-821
-709
-666
-608
-537
-505
-515
-525
-483
-428
-374
-306
-221
-115
22
161
305
436
569
726
859
968
1086
1217
1337
1406
1431
1481
1517
1515
1485
1400
1299
1187
1053
952
864
778
724
704
707
726
759
809
849
874
880
862
831
772
687
588
492
417
362
338
341
359
406
456
495
510
484
437
387
318
223
96
-27
-110
-196
-219
-176
-135
-92
-28
86
218
313
415
509
503
466
461
447
379
282
232
209
175
177
243
337
427
456
465
500
708
1109
1264
959
524
392
564
656
512
330
178
150
283
333
173
36
221
471
220
-420
-871
-1002
-1083
-1377
-1849
-2310
-2609
-2580
-2410
-2482
-2695
-2593
-2215
-1984
-2062
-2152
-2028
-1822
-1664
-1669
-1862
-2016
-1912
-1645
-1521
-1602
-1544
-1238
-1003
-956
-959
-828
-573
-354
-276
-382
-509
-406
-128
-12
-92
-151
-50
113
201
284
408
599
814
944
978
1045
1299
1637
1781
1726
1727
1860
2012
2087
2036
1904
1792
1775
1721
1507
1288
1243
1317
1291
1133
1024
1068
1199
1278
1181
1006
903
891
878
720
496
337
266
233
160
94
129
214
295
305
231
192
221
237
119
-147
-362
-403
-397
-432
-482
-490
-441
-356
-245
-117
17
173
290
286
197
139
199
280
241
142
75
63
141
291
412
438
438
504
541
447
316
234
133
-80
-357
-603
-681
-548
-317
-142
-98
-36
204
485
628
608
462
251
-16
-357
-783
-1235
-1535
-1680
-1852
-2074
-2229
-2219
-2060
-1904
-1804
-1747
-1743
-1719
-1693
-1756
-1916
-2076
-2133
-2171
-2266
-2331
-2299
-2143
-1878
-1607
-1357
-1111
-839
-507
-235
-90
12
111
200
213
117
30
19
66
174
262
314
432
623
839
1030
1209
1415
1619
1752
1822
1884
1995
2133
2238
2284
2264
2232
2229
2222
2176
2108
2044
1948
1785
1627
1516
1423
1344
1268
1141
982
846
768
700
559
399
275
136
-10
-138
-214
-253
-286
-263
-230
-226
-176
-86
9
73
59
18
-49
-145
-231
-311
-408
-517
-592
-618
-628
-646
-606
-516
-435
-373
-324
-267
-223
-198
-159
-124
-106
-70
-78
-129
-181
-204
-133
-60
-42
-16
23
108
185
172
136
107
45
-73
-290
-516
-574
-459
-293
-260
-362
-361
-182
31
136
113
14
-65
-147
-271
-488
-751
-891
-940
-1042
-1248
-1470
-1540
-1459
-1429
-1473
-1605
-1734
-1749
-1744
-1790
-1896
-2011
-2034
-1968
-1910
-1873
-1840
-1686
-1386
-1073
-783
-528
-248
97
355
518
676
823
960
987
877
771
708
719
787
783
748
757
838
1007
1178
1342
1551
1722
1855
1957
2026
2177
2359
2440
2404
2278
2190
2171
2132
2083
2002
1890
1787
1666
1545
1458
1381
1289
1097
796
494
280
143
-20
-277
-592
-853
-998
-1028
-1041
-1072
-1076
-1004
-856
-725
-607
-480
-354
-271
-266
-312
-347
-347
-338
-392
-531
-688
-761
-687
-571
-555
-628
-668
-609
-522
-457
-449
-509
-581
-641
-676
-728
-775
-757
-750
-799
-813
-742
-570
-368
-218
-140
-122
-68
74
183
169
66
-59
-132
-241
-342
-286
-134
65
214
300
478
731
1000
1216
1226
1104
962
820
643
251
-229
-535
-714
-853
-1073
-1342
-1402
-1307
-1185
-1082
-1139
-1211
-1185
-1155
-1141
-1261
-1406
-1400
-1383
-1402
-1427
-1377
-1100
-732
-418
-180
-22
229
572
818
947
956
940
952
851
670
533
449
465
505
468
441
510
707
933
1059
1158
1316
1519
1710
1790
1848
1974
2129
2259
2255
2159
2124
2149
2150
2045
1841
1663
1534
1394
1175
864
612
471
315
71
-274
-609
-819
-1004
-1232
-1493
-1728
-1833
-1890
-1988
-2073
-2050
-1850
-1559
-1300
-1107
-944
-684
-333
-78
-6
-86
-169
-204
-310
-494
-688
-850
-934
-983
-1031
-1046
-1027
-926
-759
-658
-637
-671
-689
-645
-661
-710
-741
-776
-773
-706
-594
-443
-256
-30
185
368
544
719
840
881
873
805
717
630
536
417
360
467
666
858
1012
1206
1477
1714
1829
1821
1721
1594
1415
1105
632
132
-204
-363
-507
-749
-986
-1057
-924
-713
-553
-491
-493
-490
-475
-518
-658
-839
-963
-1082
-1265
-1462
-1575
-1508
-1289
-1071
-940
-830
-635
-315
1
190
275
301
319
309
225
130
71
70
116
121
109
169
363
653
893
1058
1232
1452
1655
1793
1906
1998
2053
2046
1952
1814
1698
1627
1549
1420
1248
1051
894
796
707
548
312
86
-135
-408
-755
-1072
-1313
-1573
-1864
-2151
-2344
-2403
-2374
-2281
-2165
-1996
-1736
-1421
-1097
-796
-552
-329
-135
-14
40
12
-60
-106
-166
-293
-458
-598
-635
-652
-706
-756
-797
-781
-719
-690
-683
-698
-697
-625
-570
-543
-512
-453
-297
-142
-40
105
347
644
887
1039
1208
1389
1528
1624
1630
1607
1565
1480
1370
1179
1041
1077
1192
1296
1314
1321
1431
1572
1695
1728
1612
1475
1319
1116
857
497
236
112
5
-113
-307
-480
-512
-475
-436
-508
-701
-834
-933
-1088
-1290
-1549
-1751
-1897
-2075
-2184
-2268
-2261
-2072
-1840
-1621
-1452
-1280
-958
-594
-358
-207
-106
-5
105
131
152
182
206
294
340
335
379
450
578
697
737
812
913
1013
1144
1219
1283
1396
1494
1567
1564
1566
1655
1690
1620
1515
1391
1279
1153
970
729
366
-25
-323
-610
-957
-1340
-1663
-1910
-2150
-2332
-2367
-2289
-2185
-2078
-1947
-1759
-1485
-1141
-807
-576
-446
-326
-152
17
105
80
-13
-93
-159
-266
-410
-525
-593
-664
-768
-883
-934
-887
-759
-633
-566
-492
-355
-144
66
210
343
490
643
789
926
1071
1211
1364
1548
1705
1827
1926
2015
2071
2022
1901
1800
1680
1479
1207
925
778
774
813
854
829
871
1066
1260
1408
1423
1347
1342
1281
1103
797
412
215
120
-89
-382
-685
-827
-799
-825
-917
-1069
-1253
-1325
-1422
-1629
-1891
-2195
-2385
-2521
-2731
-2877
-2899
-2762
-2494
-2254
-2029
-1758
-1391
-917
-553
-373
-236
-98
35
87
44
18
35
78
138
151
172
274
450
660
807
911
1076
1242
1369
1463
1514
1619
1730
1753
1701
1665
1704
1789
1798
1727
1643
1503
1365
1196
938
617
238
-157
-527
-946
-1399
-1769
-2014
-2163
-2295
-2382
-2343
-2197
-1971
-1725
-1481
-1204
-881
-556
-297
-153
-58
52
174
253
201
72
-48
-110
-139
-217
-343
-401
-407
-407
-437
-498
-506
-445
-340
-248
-220
-224
-168
-14
155
257
354
504
709
916
1076
1264
1487
1670
1824
1856
1821
1823
1800
1755
1621
1392
1194
977
703
470
357
459
639
717
749
842
1034
1275
1452
1501
1412
1265
1164
1027
729
390
195
86
-114
-454
-757
-916
-985
-1050
-1222
-1494
-1757
-1925
-2022
-2182
-2460
-2688
-2782
-2799
-2809
-2822
-2737
-2510
-2214
-1903
-1632
-1363
-982
-557
-214
-13
66
166
285
329
301
228
197
240
257
230
201
223
371
559
695
819
963
1148
1349
1500
1605
1691
1775
1840
1833
1797
1806
1842
1861
1808
1705
1614
1513
1357
1105
750
388
46
-331
-766
-1254
-1693
-2024
-2308
-2544
-2700
-2733
-2631
-2468
-2266
-2004
-1680
-1266
-853
-546
-348
-207
-57
85
131
84
19
-16
-26
-39
-60
-80
-67
22
128
143
113
137
225
277
229
128
29
-48
-87
-96
-73
-20
91
259
430
651
927
1210
1475
1652
1755
1815
1834
1846
1766
1580
1392
1175
941
705
435
283
329
496
713
827
900
1100
1352
1596
1710
1612
1472
1336
1176
924
503
167
15
-167
-395
-682
-945
-1032
-1064
-1081
-1162
-1393
-1547
-1627
-1763
-1943
-2200
-2357
-2379
-2472
-2553
-2575
-2512
-2258
-1951
-1679
-1440
-1232
-894
-513
-297
-157
-78
-12
68
21
-70
-127
-167
-65
30
35
94
236
482
724
879
1083
1277
1392
1526
1616
1701
1786
1799
1809
1783
1737
1776
1789
1732
1651
1519
1395
1199
907
597
207
-211
-608
-1069
-1539
-1974
-2326
-2510
-2625
-2681
-2638
-2557
-2392
-2132
-1802
-1427
-1089
-780
-522
-390
-299
-191
-53
80
87
35
37
101
220
318
377
424
458
520
566
518
442
382
298
174
6
-126
-193
-230
-235
-212
-112
55
258
510
749
971
1211
1411
1562
1637
1636
1613
1561
1464
1333
1199
1082
959
811
647
544
612
812
1006
1094
1111
1195
1354
1490
1569
1538
1400
1262
1107
896
612
317
154
46
-143
-414
-683
-814
-858
-940
-1065
-1259
-1451
-1572
-1672
-1789
-1941
-2061
-2081
-2119
-2209
-2281
-2297
-2163
-1965
-1845
-1751
-1667
-1521
-1285
-1121
-1039
-972
-899
-801
-734
-679
-561
-433
-268
-72
57
192
394
661
940
1105
1216
1358
1497
1610
1646
1670
1734
1759
1750
1744
1712
1704
1705
1645
1521
1336
1150
999
769
409
-25
-467
-856
-1260
-1708
-2108
-2397
-2542
-2593
-2609
-2547
-2384
-2134
-1846
-1556
-1239
-898
-551
-222
-6
69
127
244
379
426
387
363
404
488
569
599
602
647
709
724
675
570
488
462
383
218
11
-149
-196
-199
-164
-86
52
287
547
810
1083
1342
1583
1748
1825
1822
1747
1693
1606
1399
1149
920
735
594
466
438
608
856
1088
1232
1314
1463
1612
1713
1739
1603
1414
1227
965
634
224
-103
-227
-346
-541
-788
-989
-1005
-947
-967
-1102
-1333
-1543
-1694
-1877
-2098
-2345
-2554
-2666
-2789
-2939
-3020
-2953
-2694
-2368
-2112
-1908
-1702
-1385
-1045
-854
-763
-710
-651
-592
-613
-659
-639
-540
-362
-191
-62
119
387
738
1070
1283
1478
1666
1791
1859
1837
1819
1841
1801
1729
1628
1542
1540
1548
1539
1498
1390
1299
1198
1013
717
307
-92
-437
-856
-1332
-1755
-2082
-2270
-2388
-2437
-2370
-2193
-1919
-1602
-1291
-981
-664
-336
-70
36
30
21
73
121
95
46
30
80
199
306
408
522
631
749
804
787
760
741
714
630
439
218
27
-73
-87
-88
-7
135
325
597
883
1158
1402
1578
1722
1784
1748
1686
1580
1442
1269
1078
939
831
706
608
596
714
935
1080
1113
1169
1295
1420
1424
1327
1172
975
805
595
274
-55
-270
-343
-429
-667
-916
-1046
-1082
-1071
-1133
-1315
-1550
-1779
-1924
-2054
-2275
-2489
-2601
-2666
-2739
-2818
-2798
-2602
-2334
-2062
-1859
-1741
-1566
-1296
-994
-806
-795
-825
-808
-800
-824
-847
-781
-630
-498
-342
-139
109
437
792
1097
1283
1388
1536
1730
1834
1857
1848
1849
1890
1897
1860
1853
1884
1917
1894
1812
1742
1659
1516
1302
963
514
83
-309
-708
-1162
-1637
-1987
-2186
-2287
-2319
-2271
-2094
-1837
-1585
-1302
-1006
-710
-408
-183
-64
-42
-72
-46
34
91
83
61
103
215
338
475
635
757
857
892
857
767
654
577
461
262
49
-113
-189
-201
-142
15
182
325
511
764
1032
1227
1375
1490
1486
1402
1314
1235
1118
944
794
704
608
502
441
508
697
866
978
1056
1143
1248
1301
1268
1139
920
730
560
354
73
-212
-334
-348
-402
-522
-667
-748
-752
-775
-846
-1032
-1301
-1504
-1673
-1864
-2066
-2243
-2334
-2407
-2485
-2486
-2422
-2260
-1998
-1738
-1543
-1403
-1247
-1036
-865
-805
-796
-831
-900
-970
-1008
-994
-929
-789
-591
-410
-225
37
340
648
922
1125
1289
1463
1623
1732
1788
1859
1969
2042
2067
2046
2037
2086
2088
2005
1880
1741
1581
1365
1058
673
253
-143
-521
-937
-1359
-1725
-1978
-2130
-2243
-2294
-2240
-2106
-1915
-1711
-1512
-1294
-1053
-798
-579
-436
-347
-255
-106
78
224
331
448
615
788
903
997
1058
1061
1049
1008
932
807
658
529
396
231
57
-102
-196
-214
-165
-40
104
222
373
588
823
1011
1121
1200
1265
1287
1287
1267
1195
1121
1055
985
878
730
641
690
824
914
888
843
889
977
996
899
774
697
643
531
333
109
-56
-82
-30
-63
-199
-310
-325
-306
-354
-496
-717
-980
-1240
-1491
-1758
-2016
-2181
-2270
-2387
-2540
-2631
-2559
-2361
-2151
-1978
-1841
-1710
-1536
-1359
-1241
-1197
-1181
-1156
-1196
-1297
-1338
-1277
-1137
-971
-817
-646
-427
-101
299
645
887
1102
1352
1592
1758
1873
1987
2095
2146
2126
2081
2034
2024
2031
1962
1796
1610
1470
1359
1165
860
498
112
-241
-569
-936
-1305
-1615
-1862
-2057
-2236
-2335
-2275
-2121
-1938
-1767
-1587
-1304
-954
-612
-305
-115
8
167
347
528
624
659
732
790
827
871
960
1092
1159
1130
1083
1035
990
937
837
678
461
255
110
11
-45
-50
15
139
257
388
597
890
1176
1329
1391
1410
1415
1458
1446
1312
1082
871
760
623
417
254
224
332
456
546
610
685
837
980
993
887
758
680
589
384
99
-182
-323
-309
-287
-342
-474
-572
-554
-549
-635
-805
-1021
-1216
-1430
-1689
-1947
-2177
-2323
-2414
-2518
-2608
-2633
-2520
-2294
-2104
-1992
-1926
-1850
-1729
-1623
-1591
-1616
-1665
-1692
-1706
-1737
-1696
-1527
-1268
-987
-712
-398
-40
355
784
1159
1433
1656
1899
2125
2263
2358
2456
2559
2585
2510
2436
2378
2326
2256
2110
1896
1651
1410
1169
852
455
39
-359
-699
-1017
-1360
-1661
-1887
-2026
-2092
-2119
-2033
-1840
-1630
-1412
-1172
-873
-526
-208
69
271
376
480
612
739
822
814
815
872
927
991
1046
1124
1203
1225
1211
1126
1005
898
814
699
499
295
161
110
103
106
147
224
312
427
558
686
789
846
855
817
745
676
599
487
379
263
186
128
44
-4
3
115
299
423
513
606
695
759
743
692
609
466
342
222
48
-136
-248
-219
-185
-279
-410
-513
-585
-660
-758
-899
-1145
-1431
-1669
-1870
-2068
-2240
-2338
-2404
-2494
-2549
-2506
-2369
-2186
-1998
-1844
-1763
-1729
-1657
-1538
-1480
-1475
-1479
-1465
-1437
-1411
-1296
-1104
-892
-656
-390
-75
251
589
979
1329
1573
1797
2038
2247
2396
2492
2578
2634
2614
2568
2537
2487
2407
2293
2118
1898
1652
1412
1151
814
447
86
-274
-607
-932
-1246
-1498
-1684
-1784
-1816
-1805
-1722
-1569
-1378
-1169
-944
-690
-411
-173
5
132
205
275
358
449
523
573
652
753
852
946
1008
1086
1161
1173
1137
1042
938
861
782
688
552
411
315
265
248
224
200
232
273
285
314
352
396
428
403
368
344
291
223
148
68
5
-30
-40
-92
-171
-151
-16
166
272
247
235
303
370
383
341
281
227
152
73
-47
-220
-314
-295
-292
-426
-639
-767
-801
-870
-1006
-1169
-1339
-1496
-1620
-1705
-1782
-1860
-1863
-1799
-1783
-1808
-1763
-1608
-1417
-1287
-1228
-1199
-1175
-1119
-1063
-1064
-1095
-1083
-1024
-984
-994
-978
-847
-639
-441
-268
-83
159
465
808
1114
1339
1569
1844
2090
2249
2371
2517
2647
2678
2613
2518
2435
2362
2258
2086
1832
1557
1323
1067
724
331
-29
-319
-585
-874
-1175
-1408
-1548
-1619
-1651
-1657
-1606
-1467
-1261
-1064
-912
-745
-514
-282
-90
38
134
245
377
496
548
564
613
702
768
788
792
816
870
879
823
728
612
520
447
360
251
115
-9
-90
-165
-217
-208
-155
-86
-49
-22
50
150
246
293
279
228
169
124
89
40
-26
-57
-100
-204
-297
-308
-201
-28
87
131
145
202
316
402
432
417
375
366
324
214
69
-43
-37
-22
-142
-336
-491
-547
-548
-592
-694
-866
-1029
-1105
-1160
-1240
-1336
-1399
-1385
-1388
-1427
-1395
-1304
-1161
-1037
-1010
-1010
-1010
-968
-892
-888
-966
-1056
-1107
-1097
-1086
-1075
-969
-813
-639
-452
-262
33
392
753
1095
1340
1554
1808
2041
2226
2336
2392
2470
2506
2461
2377
2277
2199
2090
1899
1671
1429
1221
1033
779
470
131
-187
-439
-692
-973
-1229
-1413
-1507
-1567
-1626
-1623
-1556
-1457
-1324
-1189
-1021
-817
-604
-395
-270
-203
-108
18
160
281
352
425
518
606
673
699
730
764
742
666
549
436
361
270
167
39
-123
-227
-263
-272
-254
-237
-178
-95
-46
5
72
143
193
196
179
173
173
164
119
62
27
9
-3
-67
-177
-208
-115
37
159
205
231
316
423
486
509
507
512
534
503
385
223
139
187
229
131
-58
-200
-245
-269
-352
-470
-618
-768
-853
-912
-980
-1051
-1069
-1017
-1001
-1058
-1083
-1007
-875
-798
-808
-821
-819
-800
-750
-751
-812
-861
-879
-880
-885
-873
-799
-673
-515
-353
-200
21
315
608
862
1058
1243
1457
1663
1819
1900
1937
1987
2018
1985
1923
1863
1804
1732
1612
1457
1295
1136
973
761
489
189
-102
-365
-614
-903
-1179
-1368
-1502
-1603
-1669
-1684
-1619
-1539
-1451
-1321
-1152
-936
-726
-571
-441
-324
-193
-42
91
220
321
390
489
584
631
656
667
697
701
621
525
405
263
126
-29
-160
-273
-374
-416
-426
-429
-383
-289
-147
-2
104
234
344
423
500
531
536
501
434
393
315
221
180
142
93
-9
-124
-64
73
186
276
260
260
312
353
431
432
395
417
396
358
272
177
267
373
344
224
42
-17
-4
-48
-115
-300
-497
-591
-694
-793
-916
-1048
-1070
-1124
-1229
-1258
-1239
-1104
-975
-975
-979
-992
-935
-819
-829
-887
-933
-947
-885
-884
-899
-813
-695
-516
-340
-223
0
293
579
825
961
1124
1343
1514
1671
1725
1736
1833
1900
1913
1845
1730
1707
1650
1508
1380
1246
1141
1017
798
539
215
-80
-282
-548
-872
-1182
-1414
-1523
-1653
-1777
-1807
-1801
-1739
-1651
-1571
-1421
-1218
-964
-701
-544
-429
-295
-137
43
164
226
319
430
543
633
656
701
749
754
719
610
476
345
223
112
-22
-173
-273
-320
-330
-305
-249
-128
19
163
274
339
414
502
587
607
537
465
397
332
267
184
122
88
45
-20
-114
-173
-77
97
210
230
212
287
439
559
629
641
642
691
726
692
580
486
516
552
450
269
105
24
-19
-103
-232
-397
-535
-582
-643
-773
-921
-1005
-982
-996
-1071
-1108
-1073
-959
-860
-844
-865
-897
-890
-861
-911
-986
-1004
-959
-905
-943
-992
-908
-721
-495
-307
-164
34
290
560
807
993
1165
1364
1527
1617
1631
1647
1740
1798
1756
1669
1583
1543
1517
1423
1294
1138
956
786
551
234
-107
-417
-671
-960
-1301
-1597
-1790
-1897
-1978
-2041
-2037
-1957
-1811
-1618
-1415
-1203
-966
-723
-501
-358
-276
-170
-28
122
230
308
423
564
689
765
777
770
747
690
582
427
239
113
45
-27
-89
-141
-140
-78
-21
52
176
311
447
545
613
662
681
695
680
586
451
327
231
146
54
9
7
-19
-31
-30
-63
-62
39
198
310
319
349
482
626
730
819
876
908
946
968
905
745
642
652
607
450
252
118
47
-61
-192
-309
-467
-608
-655
-706
-815
-916
-925
-894
-970
-1105
-1156
-1124
-1082
-1093
-1128
-1154
-1181
-1164
-1123
-1154
-1193
-1140
-1031
-946
-944
-922
-774
-567
-364
-188
-25
171
379
563
712
827
939
1070
1162
1204
1232
1285
1397
1450
1423
1397
1396
1433
1409
1283
1145
983
779
545
225
-139
-483
-789
-1057
-1374
-1689
-1872
-1974
-1997
-1975
-1936
-1815
-1646
-1425
-1186
-1005
-821
-608
-419
-269
-187
-109
45
207
355
472
561
695
832
933
975
966
966
940
834
665
489
336
232
157
74
19
-4
31
121
205
297
407
502
560
574
568
540
466
364
258
167
109
56
46
81
128
220
292
345
396
391
374
318
233
245
284
305
299
289
447
681
834
953
1001
1055
1158
1177
1108
918
695
582
444
244
24
-198
-298
-359
-436
-470
-540
-563
-536
-576
-653
-752
-826
-863
-991
-1146
-1253
-1347
-1380
-1407
-1445
-1462
-1495
-1473
-1417
-1407
-1366
-1289
-1207
-1137
-1096
-979
-795
-615
-407
-229
-57
150
344
550
707
796
912
1007
1062
1114
1156
1245
1320
1329
1344
1347
1345
1339
1258
1109
907
667
411
87
-270
-592
-913
-1228
-1529
-1797
-1948
-1981
-1938
-1832
-1717
-1570
-1353
-1116
-893
-702
-528
-352
-244
-191
-128
-36
127
328
515
700
860
1025
1210
1323
1370
1354
1271
1154
974
745
522
335
234
158
69
35
62
143
231
325
446
519
558
598
591
534
442
372
344
279
214
197
210
264
335
436
547
588
617
636
577
471
351
201
53
-32
-36
10
64
198
445
679
864
1040
1200
1308
1323
1273
1127
853
590
408
217
-23
-290
-471
-560
-654
-663
-609
-610
-639
-668
-690
-768
-891
-952
-1034
-1217
-1413
-1566
-1663
-1739
-1808
-1832
-1863
-1896
-1846
-1759
-1694
-1615
-1498
-1344
-1221
-1124
-949
-732
-506
-274
-82
58
167
301
469
592
659
745
823
895
998
1136
1297
1427
1523
1609
1622
1589
1569
1504
1323
996
576
140
-276
-647
-990
-1331
-1617
-1807
-1890
-1885
-1777
-1574
-1328
-1117
-961
-819
-666
-493
-330
-220
-177
-163
-92
89
329
584
846
1100
1332
1520
1683
1798
1808
1725
1548
1267
936
611
366
195
27
-121
-208
-226
-131
34
214
391
513
621
719
750
738
677
585
512
420
353
320
279
325
411
483
571
587
598
599
503
399
240
41
-144
-394
-522
-481
-418
-264
-71
177
510
783
1068
1306
1395
1461
1417
1208
888
499
235
23
-294
-581
-814
-961
-979
-942
-827
-750
-757
-692
-661
-734
-828
-948
-1057
-1241
-1523
-1745
-1927
-2039
-2025
-2019
-2010
-2000
-1963
-1803
-1641
-1506
-1327
-1183
-1042
-912
-803
-609
-421
-250
-100
-56
33
188
340
524
613
665
776
878
1056
1235
1368
1526
1597
1621
1640
1593
1573
1464
1211
931
533
150
-122
-397
-669
-966
-1214
-1284
-1294
-1246
-1129
-1021
-865
-748
-657
-514
-423
-351
-278
-267
-250
-180
-10
287
566
806
1051
1287
1569
1810
1926
1935
1792
1563
1311
992
667
357
92
-87
-247
-345
-310
-185
-9
167
308
431
509
580
638
599
492
348
231
192
167
189
259
306
366
445
540
640
666
635
531
335
121
-103
-331
-552
-793
-915
-869
-747
-516
-219
139
539
855
1113
1329
1448
1486
1394
1152
803
404
111
-92
-335
-592
-797
-874
-825
-746
-620
-514
-513
-541
-611
-750
-917
-1110
-1268
-1472
-1771
-2031
-2200
-2244
-2200
-2171
-2133
-2080
-2001
-1846
-1664
-1494
-1323
-1165
-1037
-938
-813
-619
-420
-228
-59
61
190
375
594
781
888
968
1087
1213
1309
1411
1527
1615
1636
1611
1580
1522
1434
1329
1149
864
546
282
58
-186
-468
-712
-881
-985
-1009
-981
-910
-816
-700
-562
-464
-386
-280
-180
-122
-99
-54
66
239
454
689
893
1090
1308
1544
1748
1822
1782
1677
1503
1254
950
643
379
149
-46
-206
-313
-316
-254
-182
-114
-77
-37
5
16
9
-57
-128
-132
-126
-115
-100
-52
73
195
308
398
432
462
427
324
200
32
-119
-275
-467
-634
-727
-630
-394
-195
11
263
596
967
1222
1388
1466
1453
1394
1203
885
536
275
139
-42
-311
-521
-620
-578
-504
-497
-483
-496
-532
-573
-705
-896
-1092
-1247
-1383
-1624
-1885
-2051
-2146
-2131
-2087
-2059
-1990
-1901
-1758
-1625
-1542
-1403
-1210
-1035
-922
-858
-732
-542
-339
-138
5
122
304
509
660
734
813
965
1087
1131
1148
1197
1279
1353
1375
1343
1288
1272
1277
1202
1029
823
648
470
251
13
-205
-370
-485
-567
-641
-707
-671
-551
-447
-398
-362
-267
-176
-120
-79
-52
35
174
309
468
639
843
1077
1265
1412
1500
1526
1522
1449
1297
1082
838
646
478
288
106
-59
-158
-220
-293
-353
-403
-460
-503
-538
-593
-643
-643
-597
-504
-396
-295
-171
-31
134
305
412
468
467
438
419
342
244
135
-39
-203
-360
-425
-276
-64
121
293
482
771
1069
1265
1375
1376
1328
1250
1059
749
392
162
95
-34
-284
-521
-605
-530
-439
-419
-453
-526
-578
-616
-723
-891
-1046
-1132
-1235
-1453
-1705
-1844
-1875
-1872
-1899
-1957
-1962
-1893
-1747
-1602
-1534
-1467
-1335
-1177
-1066
-997
-852
-618
-410
-263
-147
-18
152
313
432
487
518
646
804
879
886
931
1081
1222
1273
1268
1257
1276
1316
1275
1132
974
877
811
653
410
210
122
83
3
-142
-277
-331
-309
-280
-314
-368
-346
-257
-189
-208
-246
-174
7
180
304
457
672
910
1133
1273
1322
1352
1387
1367
1237
1014
792
631
491
339
172
22
-60
-109
-179
-266
-363
-456
-535
-629
-736
-832
-872
-819
-728
-664
-597
-471
-274
-48
182
359
454
505
526
550
573
550
468
351
176
-29
-113
28
239
347
397
501
717
944
1109
1200
1187
1088
960
783
504
215
84
44
-86
-306
-473
-494
-410
-334
-321
-378
-501
-581
-609
-699
-859
-1013
-1113
-1240
-1472
-1690
-1776
-1793
-1808
-1840
-1878
-1891
-1849
-1743
-1648
-1618
-1578
-1462
-1316
-1217
-1147
-997
-775
-558
-376
-242
-112
55
218
352
399
410
528
686
794
857
914
1043
1210
1323
1385
1418
1454
1508
1510
1439
1332
1236
1175
1037
799
589
461
379
266
84
-92
-224
-272
-273
-322
-377
-390
-366
-315
-296
-262
-138
34
208
347
473
638
818
1006
1141
1144
1111
1094
1052
943
742
555
434
335
251
156
71
38
17
-35
-169
-339
-462
-582
-757
-974
-1157
-1219
-1192
-1130
-1005
-856
-665
-394
-98
171
382
542
675
715
658
568
464
363
225
36
-150
-306
-279
-37
178
284
353
491
730
916
1026
1070
986
864
715
482
224
8
-37
-10
-129
-272
-309
-236
-90
8
28
-57
-214
-276
-321
-485
-697
-869
-984
-1147
-1388
-1552
-1618
-1623
-1561
-1532
-1575
-1619
-1578
-1415
-1340
-1398
-1402
-1333
-1216
-1113
-1036
-897
-757
-616
-431
-289
-151
10
175
340
420
508
694
848
944
1015
1117
1287
1409
1472
1531
1536
1542
1537
1448
1333
1226
1160
1095
902
687
555
451
363
228
44
-139
-278
-322
-379
-502
-570
-581
-573
-550
-508
-373
-168
45
250
394
517
690
878
996
963
835
739
690
621
502
366
268
222
205
188
143
96
75
54
-34
-208
-392
-532
-681
-889
-1093
-1226
-1246
-1173
-1079
-978
-832
-604
-314
-38
155
292
408
474
475
424
337
265
196
62
-95
-213
-222
-45
177
321
435
547
724
931
1040
1065
1024
948
864
689
461
262
158
188
199
144
120
150
260
377
399
391
368
294
186
9
-227
-454
-631
-782
-1009
-1269
-1428
-1493
-1504
-1507
-1525
-1551
-1562
-1538
-1528
-1568
-1601
-1592
-1555
-1535
-1549
-1490
-1337
-1171
-996
-824
-635
-411
-184
35
217
371
553
739
890
1001
1124
1302
1452
1520
1550
1586
1652
1693
1655
1557
1441
1340
1243
1120
935
728
585
478
307
80
-140
-297
-413
-549
-674
-742
-757
-719
-667
-612
-527
-379
-147
68
189
269
386
532
631
636
601
572
571
559
499
440
397
381
381
348
274
180
113
79
-38
-237
-466
-694
-880
-1079
-1269
-1382
-1444
-1409
-1279
-1110
-884
-620
-313
10
245
413
564
686
766
751
686
618
528
434
309
190
110
58
105
194
257
347
403
496
648
710
741
779
757
732
679
624
587
505
509
586
622
645
652
670
716
739
755
721
581
395
191
-17
-255
-555
-834
-1107
-1423
-1671
-1812
-1896
-1950
-2009
-2030
-2011
-1995
-1935
-1875
-1878
-1859
-1776
-1680
-1576
-1461
-1322
-1136
-929
-714
-503
-303
-91
132
332
512
663
779
896
1032
1162
1285
1382
1455
1525
1586
1632
1654
1656
1619
1550
1475
1366
1223
1059
905
741
535
308
71
-162
-367
-561
-714
-831
-904
-918
-918
-877
-773
-618
-400
-177
22
212
376
544
695
778
811
810
778
724
639
555
479
403
352
297
214
132
57
-15
-111
-266
-466
-698
-940
-1148
-1332
-1496
-1607
-1636
-1569
-1409
-1197
-919
-589
-248
80
352
573
726
809
875
900
844
739
619
517
421
323
254
199
163
223
343
443
540
635
789
949
996
1023
1035
998
969
922
845
726
619
643
714
709
678
653
667
678
659
637
515
304
101
-119
-385
-699
-1014
-1262
-1521
-1781
-1949
-2067
-2135
-2155
-2140
-2094
-2072
-2054
-2013
-1993
-1966
-1904
-1799
-1680
-1586
-1450
-1252
-1033
-795
-554
-348
-157
39
237
424
588
764
937
1083
1211
1326
1460
1614
1753
1839
1841
1809
1790
1767
1690
1545
1344
1141
929
701
472
228
-27
-264
-483
-681
-830
-899
-871
-798
-746
-698
-629
-514
-322
-102
87
225
325
438
542
622
676
700
705
682
628
578
559
563
563
512
410
290
172
57
-74
-247
-457
-710
-970
-1197
-1367
-1474
-1523
-1512
-1461
-1341
-1124
-836
-505
-197
70
318
516
670
806
884
929
944
893
826
730
632
587
527
457
388
303
261
234
261
356
416
437
458
516
615
673
722
808
852
898
938
898
845
816
827
847
786
695
641
602
587
520
381
216
13
-204
-449
-750
-1039
-1265
-1466
-1682
-1920
-2124
-2252
-2320
-2328
-2329
-2374
-2410
-2378
-2265
-2131
-2012
-1862
-1668
-1480
-1293
-1076
-858
-626
-390
-193
-24
125
284
481
675
845
987
1098
1215
1353
1486
1604
1690
1731
1744
1756
1772
1750
1652
1501
1332
1141
916
687
459
213
-20
-210
-351
-470
-544
-542
-496
-448
-411
-356
-267
-163
-58
44
108
116
149
238
317
348
368
411
445
455
476
509
525
513
476
392
255
94
-56
-223
-443
-705
-972
-1237
-1476
-1603
-1640
-1639
-1583
-1454
-1232
-955
-647
-302
44
327
539
699
814
874
891
903
866
761
639
545
498
468
447
436
418
380
356
324
252
228
288
371
406
378
402
556
749
910
1022
1083
1164
1240
1255
1207
1107
1068
1074
1011
879
696
567
526
453
295
63
-207
-434
-666
-949
-1244
-1520
-1739
-1945
-2203
-2426
-2570
-2622
-2606
-2629
-2673
-2666
-2558
-2350
-2174
-2038
-1850
-1609
-1326
-1096
-920
-715
-490
-240
17
220
391
608
863
1103
1261
1355
1474
1617
1742
1799
1807
1847
1892
1910
1880
1797
1706
1599
1429
1183
878
587
334
92
-173
-455
-642
-697
-690
-689
-674
-577
-411
-253
-136
-41
33
95
156
190
191
188
230
296
305
271
272
332
433
493
486
460
414
356
260
72
-163
-414
-655
-898
-1207
-1492
-1656
-1714
-1687
-1609
-1475
-1241
-916
-534
-173
123
389
634
822
901
906
874
811
719
592
468
385
338
335
370
407
427
464
518
534
483
399
327
260
253
343
444
517
622
807
1055
1275
1445
1588
1668
1692
1653
1555
1398
1156
941
793
632
439
247
108
5
-126
-283
-460
-636
-815
-1010
-1241
-1504
-1783
-2032
-2239
-2443
-2630
-2790
-2876
-2882
-2853
-2795
-2703
-2546
-2330
-2121
-1915
-1686
-1475
-1243
-1002
-768
-521
-291
-33
256
519
734
923
1076
1220
1347
1453
1539
1588
1635
1690
1751
1806
1818
1817
1775
1680
1547
1349
1118
873
564
247
-33
-303
-494
-616
-676
-663
-608
-475
-296
-124
47
208
323
358
338
336
327
269
238
231
203
204
263
391
539
629
689
714
679
591
433
185
-135
-481
-808
-1132
-1446
-1703
-1858
-1892
-1832
-1695
-1461
-1137
-778
-407
-75
198
441
614
701
696
633
578
493
394
324
306
356
437
533
627
712
807
890
933
924
846
728
583
426
301
207
197
330
515
698
891
1115
1382
1606
1723
1781
1754
1643
1488
1263
968
625
358
196
30
-173
-349
-452
-521
-589
-687
-835
-1033
-1252
-1461
-1719
-2031
-2324
-2536
-2687
-2841
-2949
-2984
-2939
-2818
-2665
-2491
-2309
-2119
-1877
-1635
-1448
-1256
-1015
-742
-516
-339
-104
171
437
684
906
1080
1207
1318
1426
1502
1518
1554
1624
1671
1682
1693
1744
1804
1815
1748
1616
1433
1224
979
695
391
98
-139
-297
-406
-452
-409
-298
-159
-11
145
270
341
377
361
267
131
48
5
-62
-133
-143
-55
116
289
421
509
539
531
463
287
20
-291
-613
-953
-1313
-1623
-1827
-1901
-1887
-1801
-1611
-1305
-912
-515
-172
108
350
554
666
678
620
545
476
410
336
280
303
375
467
580
675
765
842
875
879
810
713
622
476
327
223
185
222
281
405
657
953
1237
1497
1725
1960
2114
2149
2125
1983
1762
1541
1272
952
592
271
57
-139
-338
-528
-709
-837
-961
-1114
-1315
-1580
-1838
-2050
-2280
-2565
-2845
-3025
-3114
-3188
-3241
-3248
-3158
-2978
-2785
-2594
-2419
-2233
-1973
-1681
-1410
-1158
-899
-561
-204
119
439
731
1002
1248
1421
1511
1542
1552
1584
1586
1544
1531
1562
1619
1671
1688
1706
1715
1678
1584
1424
1194
921
646
391
158
-56
-204
-264
-279
-242
-140
0
161
288
363
406
401
374
336
273
175
55
-23
-25
19
87
181
288
368
416
404
336
205
-5
-286
-624
-989
-1346
-1614
-1770
-1847
-1818
-1680
-1432
-1106
-748
-368
-12
303
561
714
796
819
783
722
618
518
453
391
383
430
466
505
543
581
626
611
549
479
394
294
163
63
21
23
88
198
323
480
703
976
1297
1599
1813
1980
2096
2171
2178
2054
1872
1623
1307
986
641
300
-60
-416
-662
-884
-1122
-1329
-1528
-1679
-1824
-2015
-2200
-2389
-2580
-2738
-2884
-3019
-3133
-3200
-3181
-3101
-2999
-2873
-2710
-2491
-2243
-1989
-1701
-1369
-1029
-701
-409
-102
263
616
904
1122
1271
1385
1478
1521
1522
1480
1448
1438
1421
1396
1378
1425
1531
1608
1639
1640
1609
1584
1524
1373
1173
975
811
669
493
323
218
185
210
225
223
235
285
345
333
262
239
238
193
99
-19
-74
-78
-79
-48
-31
-22
29
47
5
-121
-294
-451
-647
-891
-1154
-1397
-1532
-1589
-1592
-1539
-1423
-1201
-918
-641
-367
-91
160
364
486
521
519
501
487
456
400
357
358
402
437
438
436
433
411
359
273
179
99
10
-61
-100
-107
-19
167
373
583
760
943
1179
1380
1558
1703
1821
1967
2048
2049
2009
1935
1865
1726
1473
1173
836
524
217
-156
-530
-887
-1188
-1435
-1705
-1941
-2132
-2306
-2438
-2591
-2746
-2860
-2953
-2981
-2990
-2995
-2939
-2826
-2665
-2486
-2323
-2121
-1861
-1580
-1277
-989
-703
-395
-118
142
383
590
785
936
1012
1021
1003
1030
1080
1102
1102
1096
1122
1186
1252
1343
1440
1523
1622
1673
1671
1643
1613
1585
1492
1318
1125
946
815
700
558
439
359
300
268
240
230
229
209
177
112
44
19
3
-32
-109
-198
-222
-202
-198
-235
-310
-373
-434
-529
-658
-831
-997
-1126
-1263
-1406
-1518
-1542
-1462
-1341
-1222
-1086
-891
-622
-343
-109
86
258
397
484
528
523
487
464
444
416
374
331
335
363
358
317
261
212
164
115
73
39
22
71
187
334
502
720
966
1199
1422
1627
1823
1976
2082
2160
2181
2182
2188
2149
2053
1894
1713
1536
1287
954
584
193
-173
-524
-914
-1332
-1724
-2014
-2228
-2445
-2663
-2830
-2933
-2977
-2989
-2999
-3007
-2976
-2886
-2763
-2661
-2557
-2381
-2145
-1899
-1652
-1400
-1116
-812
-529
-264
-28
171
332
471
572
615
643
691
730
736
755
819
916
1010
1076
1136
1217
1307
1373
1439
1486
1501
1520
1545
1556
1535
1496
1456
1398
1312
1197
1072
954
832
686
536
422
336
258
205
144
66
9
-34
-68
-134
-238
-327
-395
-464
-557
-657
-720
-766
-831
-898
-949
-995
-1025
-1035
-1061
-1099
-1120
-1112
-1076
-1037
-994
-922
-804
-656
-507
-347
-180
-8
152
286
380
431
466
482
456
404
361
329
295
247
191
160
144
125
110
96
93
125
164
212
286
390
559
734
895
1080
1281
1504
1701
1845
1959
2057
2128
2166
2147
2079
2027
1999
1922
1759
1515
1262
1033
737
355
-67
-505
-909
-1302
-1704
-2112
-2479
-2708
-2845
-2961
-3100
-3217
-3210
-3121
-3013
-2906
-2808
-2670
-2481
-2272
-2056
-1818
-1548
-1226
-915
-680
-468
-256
-32
170
273
310
340
357
383
417
434
469
518
584
663
736
837
953
1062
1159
1232
1288
1318
1349
1389
1417
1420
1399
1402
1410
1408
1408
1410
1379
1291
1189
1086
978
851
709
557
399
263
160
95
25
-50
-107
-145
-193
-275
-357
-445
-568
-712
-861
-991
-1108
-1205
-1265
-1299
-1300
-1274
-1210
-1111
-1014
-935
-850
-754
-685
-626
-568
-511
-443
-365
-286
-210
-118
1
104
182
242
276
292
283
260
232
201
165
128
94
74
70
105
158
196
248
335
434
540
673
836
1018
1204
1392
1589
1796
1994
2164
2294
2389
2431
2398
2324
2214
2059
1895
1734
1537
1285
990
705
433
108
-258
-650
-1062
-1442
-1793
-2127
-2439
-2719
-2907
-3031
-3142
-3204
-3196
-3122
-2995
-2846
-2685
-2509
-2312
-2067
-1803
-1551
-1313
-1082
-846
-621
-433
-285
-161
-58
0
17
22
35
64
112
176
235
318
443
571
669
758
866
971
1044
1082
1089
1104
1143
1182
1209
1229
1246
1303
1408
1516
1582
1615
1656
1677
1616
1493
1357
1229
1070
860
640
424
245
124
21
-92
-211
-297
-353
-436
-548
-663
-785
-920
-1069
-1222
-1344
-1409
-1407
-1374
-1325
-1227
-1074
-866
-662
-499
-376
-292
-234
-215
-245
-304
-387
-452
-491
-527
-520
-451
-351
-231
-131
-64
1
49
78
73
27
-23
-67
-82
-74
-47
17
110
240
397
561
738
922
1085
1226
1366
1526
1679
1816
1945
2055
2151
2244
2311
2323
2295
2250
2170
2021
1806
1582
1395
1210
964
650
311
18
-272
-609
-949
-1274
-1598
-1885
-2136
-2396
-2655
-2811
-2838
-2845
-2876
-2859
-2753
-2579
-2377
-2177
-1974
-1757
-1537
-1326
-1140
-976
-818
-659
-512
-420
-389
-381
-337
-251
-189
-177
-160
-116
-40
51
126
210
311
410
503
563
617
698
781
865
915
930
967
1054
1172
1269
1332
1426
1560
1667
1707
1718
1748
1754
1674
1517
1327
1143
975
797
589
336
78
-100
-223
-358
-508
-635
-718
-821
-970
-1107
-1208
-1281
-1349
-1405
-1446
-1466
-1417
-1264
-1070
-884
-688
-481
-285
-123
1
81
98
61
-15
-137
-293
-431
-520
-566
-598
-612
-588
-524
-430
-332
-246
-158
-78
-9
51
93
130
183
265
348
408
488
614
762
910
1055
1206
1358
1498
1640
1788
1932
2064
2172
2259
2331
2372
2377
2346
2250
2100
1937
1769
1534
1222
937
721
485
189
-112
-376
-607
-833
-1089
-1377
-1676
-1939
-2126
-2305
-2519
-2725
-2832
-2821
-2770
-2708
-2617
-2474
-2275
-2050
-1855
-1681
-1500
-1313
-1134
-999
-914
-836
-737
-637
-578
-550
-522
-464
-376
-291
-225
-152
-52
63
174
266
340
418
512
594
626
640
684
754
833
897
968
1065
1167
1285
1388
1478
1594
1704
1768
1776
1737
1702
1671
1583
1402
1170
951
759
549
317
84
-140
-304
-448
-606
-746
-855
-918
-987
-1078
-1158
-1202
-1165
-1099
-1057
-982
-873
-714
-510
-329
-174
-8
143
242
289
255
174
87
-30
-206
-411
-586
-728
-828
-859
-880
-850
-741
-613
-470
-334
-217
-99
12
74
77
93
146
220
305
394
491
626
831
1045
1237
1411
1563
1726
1861
1935
1997
2048
2107
2142
2108
2061
1995
1906
1837
1715
1535
1329
1091
855
594
313
86
-130
-378
-640
-904
-1119
-1324
-1534
-1728
-1939
-2130
-2270
-2399
-2483
-2548
-2551
-2452
-2345
-2240
-2120
-1984
-1805
-1642
-1508
-1375
-1278
-1187
-1110
-1050
-995
-937
-844
-733
-662
-585
-470
-346
-211
-108
-32
73
170
249
318
386
495
598
706
807
856
927
1045
1178
1289
1347
1407
1494
1574
1648
1724
1783
1813
1813
1794
1762
1708
1647
1544
1357
1094
813
570
345
87
-184
-439
-651
-822
-983
-1109
-1179
-1228
-1242
-1245
-1236
-1185
-1113
-989
-855
-754
-643
-502
-326
-140
13
147
262
329
335
285
193
66
-98
-282
-489
-709
-882
-1004
-1080
-1108
-1111
-1049
-934
-811
-680
-554
-390
-228
-135
-53
32
127
261
410
564
718
873
1074
1290
1478
1649
1809
1959
2079
2133
2168
2189
2167
2133
2060
1964
1856
1711
1599
1453
1249
1065
860
633
379
99
-115
-293
-489
-685
-900
-1072
-1213
-1376
-1514
-1643
-1781
-1871
-1945
-2012
-2048
-2077
-2020
-1936
-1884
-1807
-1727
-1608
-1476
-1393
-1293
-1206
-1136
-1057
-996
-925
-829
-741
-639
-534
-462
-382
-312
-250
-187
-158
-107
-37
12
96
180
274
386
489
627
763
896
1023
1141
1268
1378
1464
1540
1599
1642
1689
1740
1765
1756
1709
1657
1568
1422
1248
1041
794
530
271
25
-227
-470
-679
-864
-1003
-1097
-1137
-1134
-1101
-1030
-932
-824
-706
-589
-478
-349
-224
-130
-48
20
85
126
124
86
5
-115
-265
-436
-615
-795
-970
-1120
-1233
-1308
-1334
-1301
-1217
-1080
-934
-772
-595
-420
-235
-80
49
194
331
456
593
738
900
1085
1272
1447
1589
1717
1849
1948
2003
1993
1926
1854
1774
1695
1617
1531
1458
1383
1305
1234
1151
1058
939
771
563
343
112
-125
-360
-580
-786
-966
-1118
-1244
-1349
-1433
-1485
-1520
-1576
-1643
-1699
-1733
-1745
-1751
-1742
-1715
-1677
-1592
-1492
-1393
-1283
-1176
-1052
-925
-819
-723
-629
-547
-472
-424
-392
-360
-333
-303
-297
-306
-296
-269
-220
-146
-86
-20
70
187
332
477
616
747
865
984
1106
1220
1326
1415
1475
1522
1553
1576
1582
1565
1513
1426
1305
1162
1011
851
680
486
266
44
-143
-305
-450
-584
-687
-758
-797
-785
-732
-651
-550
-440
-331
-226
-134
-36
45
78
83
48
-12
-66
-137
-230
-348
-495
-648
-805
-935
-1048
-1161
-1266
-1361
-1411
-1423
-1399
-1320
-1182
-1020
-849
-661
-461
-231
-8
194
387
548
688
823
946
1063
1172
1273
1383
1483
1566
1643
1722
1784
1801
1778
1745
1687
1615
1532
1424
1320
1233
1156
1103
1036
951
868
750
626
492
333
166
-41
-264
-477
-694
-852
-970
-1065
-1134
-1204
-1252
-1278
-1302
-1298
-1299
-1323
-1337
-1387
-1432
-1451
-1462
-1437
-1417
-1397
-1356
-1313
-1222
-1109
-989
-866
-776
-706
-649
-613
-569
-531
-511
-483
-478
-467
-432
-398
-326
-236
-139
-8
136
282
419
560
709
846
967
1069
1144
1212
1275
1323
1364
1398
1414
1402
1359
1291
1208
1112
1021
900
747
583
403
236
69
-97
-239
-356
-440
-492
-533
-528
-468
-377
-248
-124
-22
84
186
275
329
344
318
251
138
-1
-149
-292
-421
-563
-702
-837
-963
-1064
-1156
-1229
-1284
-1341
-1384
-1394
-1379
-1321
-1220
-1092
-932
-760
-563
-334
-78
185
411
599
766
907
1030
1128
1195
1245
1285
1321
1367
1406
1445
1501
1551
1575
1572
1556
1528
1482
1398
1276
1146
1029
929
831
720
619
537
454
374
282
182
80
-45
-191
-361
-532
-668
-772
-868
-962
-1048
-1099
-1104
-1099
-1091
-1091
-1102
-1117
-1151
-1185
-1215
-1240
-1257
-1276
-1304
-1330
-1309
-1231
-1131
-1041
-955
-872
-788
-693
-619
-566
-534
-525
-520
-523
-513
-483
-416
-321
-229
-127
1
157
330
501
656
792
895
975
1059
1131
1192
1241
1267
1272
1261
1242
1241
1237
1199
1117
980
826
673
502
322
140
-27
-167
-282
-349
-360
-317
-213
-87
35
164
292
431
552
624
656
634
574
473
338
190
47
-94
-249
-422
-583
-715
-831
-923
-1019
-1122
-1220
-1316
-1388
-1452
-1514
-1555
-1566
-1536
-1484
-1418
-1305
-1131
-911
-661
-413
-174
69
312
548
736
883
1008
1101
1159
1190
1204
1213
1225
1238
1250
1269
1287
1299
1327
1358
1349
1316
1265
1192
1102
1010
924
816
701
616
560
510
464
430
409
374
331
295
223
123
23
-97
-234
-385
-527
-643
-755
-850
-914
-968
-1004
-1022
-1035
-1048
-1057
-1079
-1097
-1106
-1121
-1130
-1131
-1132
-1132
-1120
-1068
-1007
-961
-911
-860
-820
-783
-743
-685
-626
-574
-496
-433
-352
-224
-81
73
203
310
416
508
592
666
699
738
775
787
818
839
894
972
1012
1023
978
900
816
688
529
338
108
-91
-260
-384
-430
-422
-348
-237
-92
123
366
601
799
935
1025
1065
1052
991
869
723
570
395
209
27
-117
-235
-365
-501
-657
-816
-959
-1090
-1216
-1356
-1508
-1632
-1710
-1748
-1736
-1681
-1599
-1490
-1334
-1134
-918
-682
-438
-201
21
212
394
575
752
902
1018
1106
1180
1231
1275
1315
1324
1320
1285
1232
1176
1127
1077
1012
946
883
834
801
768
725
691
676
673
660
630
594
564
538
506
474
437
383
317
233
134
24
-84
-182
-293
-418
-548
-669
-773
-855
-903
-929
-947
-975
-1005
-1025
-1018
-1001
-999
-1005
-1037
-1076
-1103
-1111
-1113
-1113
-1073
-1011
-956
-907
-832
-716
-599
-474
-355
-259
-183
-108
-21
36
76
126
180
228
257
297
341
374
421
475
525
563
588
605
594
554
512
465
376
268
160
43
-65
-145
-170
-166
-132
-38
95
260
444
654
876
1061
1218
1332
1380
1367
1316
1238
1107
950
784
613
444
274
105
-74
-246
-428
-631
-834
-1060
-1280
-1496
-1713
-1893
-2023
-2086
-2101
-2067
-1973
-1830
-1641
-1422
-1187
-954
-725
-496
-295
-113
58
219
395
566
734
884
1020
1164
1283
1384
1446
1457
1438
1380
1290
1171
1043
910
776
669
593
548
532
544
587
646
721
790
845
879
879
862
828
772
708
644
582
520
458
399
342
268
178
87
-4
-120
-271
-427
-581
-725
-846
-945
-1023
-1059
-1038
-1002
-998
-992
-959
-922
-919
-940
-976
-1037
-1100
-1134
-1143
-1143
-1107
-1004
-845
-684
-519
-344
-157
9
135
228
272
281
281
275
245
204
184
205
221
224
229
236
245
237
203
136
44
-43
-128
-221
-307
-368
-398
-411
-389
-329
-246
-125
50
270
475
663
873
1092
1278
1415
1521
1591
1599
1545
1454
1346
1204
1042
872
690
497
282
69
-164
-394
-609
-833
-1077
-1343
-1584
-1791
-1966
-2096
-2190
-2230
-2212
-2104
-1927
-1731
-1513
-1259
-982
-720
-471
-216
12
198
364
525
660
767
873
986
1097
1166
1225
1277
1279
1240
1172
1101
1013
904
782
657
548
459
403
388
399
432
492
561
645
757
852
922
993
1050
1068
1055
1028
1000
961
897
817
719
613
490
350
213
77
-57
-198
-348
-498
-649
-779
-873
-948
-1024
-1090
-1123
-1126
-1129
-1138
-1155
-1172
-1198
-1241
-1273
-1292
-1280
-1228
-1155
-1070
-978
-860
-673
-463
-283
-110
39
146
225
280
305
282
248
210
157
94
26
-6
-10
-29
-68
-132
-224
-306
-370
-432
-502
-569
-606
-609
-582
-507
-365
-176
31
236
454
679
900
1116
1296
1426
1512
1566
1593
1582
1543
1505
1469
1405
1283
1128
978
830
660
450
199
-75
-361
-637
-909
-1173
-1395
-1570
-1703
-1801
-1866
-1885
-1833
-1729
-1608
-1479
-1332
-1144
-938
-742
-543
-352
-159
47
251
415
547
684
812
899
946
965
959
939
912
877
821
732
636
555
472
387
311
254
200
148
118
120
143
182
248
320
405
510
612
715
802
903
1009
1085
1117
1125
1124
1100
1047
961
853
704
535
377
210
32
-162
-332
-479
-642
-804
-933
-1016
-1080
-1144
-1190
-1200
-1172
-1136
-1100
-1062
-1021
-977
-938
-894
-841
-799
-745
-659
-567
-487
-389
-253
-104
23
116
192
240
265
250
195
121
28
-65
-168
-294
-397
-466
-522
-572
-618
-671
-718
-751
-758
-742
-726
-685
-587
-456
-318
-155
53
297
532
734
916
1084
1233
1352
1431
1468
1474
1463
1454
1438
1395
1340
1294
1232
1144
1008
836
656
438
166
-134
-450
-752
-1027
-1263
-1460
-1631
-1750
-1798
-1788
-1753
-1693
-1593
-1455
-1319
-1182
-1027
-856
-665
-465
-262
-49
143
339
541
702
835
948
1027
1056
1033
977
887
772
658
545
419
292
190
117
57
19
13
20
36
70
116
173
236
299
380
471
551
656
774
889
1003
1119
1227
1305
1351
1355
1339
1293
1189
1055
884
695
499
276
42
-179
-384
-579
-773
-946
-1076
-1165
-1213
-1225
-1212
-1167
-1078
-946
-816
-714
-611
-519
-458
-446
-469
-490
-518
-531
-545
-566
-574
-520
-395
-272
-169
-69
41
128
149
112
31
-88
-236
-403
-596
-802
-956
-1044
-1086
-1100
-1083
-1028
-941
-808
-650
-490
-336
-169
2
154
296
443
616
769
897
1015
1124
1228
1327
1424
1488
1517
1539
1544
1520
1463
1377
1270
1153
1021
852
643
426
213
-19
-269
-513
-746
-970
-1170
-1331
-1453
-1533
-1580
-1602
-1585
-1529
-1450
-1344
-1214
-1063
-905
-749
-585
-412
-220
-29
162
356
536
685
807
903
957
961
917
811
661
503
343
190
43
-74
-149
-190
-192
-156
-95
-30
42
108
176
240
275
313
371
424
471
540
641
766
906
1041
1150
1243
1317
1349
1331
1285
1200
1077
932
756
560
367
178
-22
-207
-372
-535
-684
-804
-881
-927
-940
-928
-894
-827
-711
-586
-490
-397
-301
-233
-218
-237
-281
-347
-411
-472
-527
-569
-573
-528
-459
-382
-312
-247
-200
-187
-227
-309
-427
-570
-727
-892
-1051
-1182
-1259
-1285
-1271
-1207
-1087
-925
-727
-498
-266
-40
179
384
553
687
793
881
966
1030
1070
1120
1187
1255
1312
1361
1397
1402
1373
1320
1235
1115
961
785
603
410
207
9
-176
-362
-544
-709
-866
-1014
-1133
-1229
-1309
-1359
-1372
-1361
-1329
-1266
-1177
-1069
-939
-802
-666
-520
-361
-204
-59
82
230
383
516
622
708
774
815
817
781
710
610
487
355
229
105
5
-66
-107
-122
-110
-69
-9
54
109
158
210
254
296
346
408
476
553
658
778
906
1041
1175
1277
1342
1383
1386
1347
1268
1157
1023
854
659
456
254
64
-106
-276
-436
-561
-654
-738
-782
-781
-747
-700
-639
-538
-426
-322
-242
-181
-140
-137
-163
-208
-275
-339
-399
-459
-533
-609
-633
-626
-630
-653
-688
-726
-782
-863
-947
-1029
-1114
-1210
-1290
-1358
-1409
-1407
-1350
-1258
-1140
-998
-829
-621
-389
-153
72
294
493
656
804
924
1027
1109
1178
1231
1246
1239
1236
1228
1208
1160
1078
983
884
777
656
514
380
258
129
3
-126
-240
-332
-418
-516
-625
-697
-733
-777
-798
-809
-815
-795
-764
-715
-658
-597
-519
-437
-359
-280
-194
-93
19
130
242
346
448
549
642
707
745
770
765
726
668
590
490
388
286
187
83
-7
-77
-128
-163
-179
-168
-142
-98
-48
30
121
207
314
431
552
672
784
892
986
1068
1123
1154
1163
1126
1072
1001
898
761
609
459
296
129
-30
-179
-329
-447
-536
-613
-677
-720
-729
-709
-680
-640
-585
-509
-421
-350
-297
-256
-226
-208
-208
-237
-293
-347
-393
-454
-543
-637
-714
-771
-837
-916
-992
-1069
-1121
-1163
-1218
-1269
-1293
-1277
-1237
-1186
-1115
-1016
-871
-698
-529
-359
-180
17
208
390
561
712
853
990
1107
1187
1259
1327
1360
1356
1312
1240
1168
1087
990
870
737
614
508
407
317
236
160
100
33
-35
-91
-127
-154
-203
-255
-311
-350
-371
-398
-430
-478
-516
-528
-538
-550
-559
-551
-522
-485
-445
-388
-311
-219
-108
-6
82
168
263
357
429
478
496
505
509
482
428
358
280
193
110
21
-75
-156
-216
-260
-301
-323
-305
-263
-196
-112
-19
81
189
311
432
539
632
719
785
828
852
861
865
832
770
700
630
557
468
376
282
190
109
33
-34
-97
-153
-202
-245
-282
-306
-308
-307
-296
-289
-276
-227
-172
-117
-92
-81
-73
-88
-126
-193
-279
-375
-489
-611
-728
-844
-945
-1021
-1086
-1148
-1202
-1241
-1251
-1253
-1247
-1227
-1188
-1106
-1011
-905
-791
-657
-493
-323
-158
2
157
303
446
578
696
796
874
949
1016
1061
1083
1094
1089
1057
994
917
832
738
641
536
436
354
279
216
158
111
79
55
34
13
-5
-10
-14
-33
-65
-96
-122
-145
-174
-211
-248
-275
-291
-319
-343
-361
-368
-367
-361
-342
-315
-270
-213
-149
-85
-20
51
124
192
250
296
336
357
362
347
312
275
226
179
120
60
10
-35
-68
-96
-122
-128
-113
-83
-50
-26
10
60
116
158
182
221
265
304
328
352
385
405
407
399
381
361
350
339
342
336
323
332
327
311
283
248
227
179
125
76
19
-20
-61
-98
-109
-136
-151
-148
-149
-140
-164
-213
-271
-363
-457
-570
-684
-777
-874
-946
-1008
-1062
-1075
-1078
-1061
-1029
-1007
-959
-906
-853
-782
-707
-619
-528
-446
-343
-232
-125
0
124
260
384
478
583
678
768
843
897
953
987
1001
997
973
919
851
775
688
600
493
388
302
215
139
82
38
5
-32
-56
-54
-34
-7
5
23
42
48
43
21
17
14
-16
-80
-148
-205
-269
-330
-393
-449
-510
-557
-572
-568
-548
-526
-481
-419
-363
-299
-214
-117
-26
40
102
149
173
186
188
184
148
101
54
17
-2
-18
-24
-29
-22
-6
7
29
47
65
72
63
58
48
33
25
31
52
76
110
154
207
259
303
350
388
430
476
514
532
537
575
617
636
632
625
639
625
586
542
499
456
395
336
263
175
102
51
-5
-91
-188
-276
-354
-452
-564
-665
-768
-866
-948
-1018
-1059
-1086
-1083
-1043
-995
-935
-873
-780
-661
-565
-485
-411
-331
-257
-200
-145
-90
-26
26
80
142
211
293
369
445
497
528
550
558
541
498
453
399
330
252
175
113
66
30
-12
-47
-72
-84
-92
-89
-86
-75
-38
-2
28
55
103
158
206
234
252
270
264
241
196
143
77
4
-65
-140
-209
-282
-336
-360
-376
-398
-408
-393
-362
-323
-281
-234
-177
-108
-44
2
46
84
120
141
157
166
171
176
170
165
163
158
145
125
109
89
78
67
43
9
-33
-66
-108
-152
-196
-245
-276
-294
-281
-247
-192
-108
-22
67
167
283
398
507
596
678
753
819
884
930
958
974
977
979
961
912
852
791
730
651
543
419
275
126
-22
-191
-365
-537
-696
-822
-938
-1032
-1098
-1139
-1140
-1126
-1100
-1048
-994
-922
-843
-764
-679
-596
-501
-414
-349
-282
-217
-150
-90
-44
8
44
83
133
177
210
231
252
262
264
252
224
186
138
97
54
9
-40
-81
-101
-109
-119
-129
-122
-101
-92
-70
-40
-8
38
78
114
155
200
242
279
310
333
340
336
327
302
279
251
202
149
106
66
18
-32
-75
-121
-160
-185
-210
-229
-252
-263
-255
-247
-237
-227
-207
-172
-134
-95
-60
-23
21
63
106
147
167
182
188
183
173
157
142
121
93
58
17
-32
-81
-143
-222
-289
-360
-420
-464
-505
-518
-504
-464
-404
-319
-199
-69
84
248
402
547
686
825
940
1029
1108
1168
1200
1210
1208
1179
1132
1073
1006
916
800
678
539
389
230
54
-122
-296
-470
-633
-784
-903
-991
-1051
-1075
-1072
-1041
-977
-901
-825
-740
-644
-544
-449
-356
-273
-215
-159
-102
-64
-35
-4
28
44
53
60
51
46
48
39
18
-12
-48
-90
-139
-194
-243
-284
-319
-351
-368
-368
-359
-326
-273
-220
-163
-94
-25
32
84
136
192
235
264
278
278
277
290
299
306
313
320
330
338
337
337
338
330
306
265
206
144
88
31
-29
-88
-139
-179
-206
-220
-221
-215
-204
-190
-174
-155
-137
-112
-80
-53
-20
7
34
77
115
144
165
167
154
128
93
38
-27
-93
-171
-251
-319
-384
-439
-481
-516
-540
-550
-540
-517
-475
-407
-325
-228
-106
32
176
332
490
633
771
905
1024
1129
1215
1278
1323
1357
1370
1358
1329
1273
1185
1077
941
779
603
412
207
-10
-222
-414
-593
-744
-861
-960
-1035
-1075
-1084
-1065
-1034
-984
-928
-870
-794
-721
-635
-532
-438
-347
-260
-176
-93
-13
53
98
120
126
108
69
24
-21
-69
-130
-194
-254
-300
-342
-372
-387
-407
-431
-453
-460
-457
-449
-431
-402
-365
-315
-257
-179
-91
-1
95
182
252
312
361
398
411
403
381
346
315
288
261
247
246
255
269
280
290
297
297
285
253
215
175
128
78
34
-2
-29
-37
-29
-28
-28
-29
-29
-17
0
7
6
8
15
31
60
84
105
123
126
103
75
32
-19
-86
-172
-268
-374
-464
-540
-596
-624
-647
-660
-663
-648
-596
-532
-447
-354
-273
-185
-81
44
185
325
457
567
679
787
891
991
1080
1166
1238
1300
1349
1383
1419
1434
1418
1362
1263
1133
966
777
561
332
102
-129
-340
-525
-682
-788
-864
-902
-907
-904
-877
-838
-787
-730
-679
-623
-578
-541
-492
-436
-355
-266
-174
-76
8
80
141
173
182
156
99
10
-112
-238
-360
-475
-563
-640
-704
-752
-782
-790
-785
-765
-736
-699
-664
-620
-568
-501
-421
-327
-227
-131
-42
43
129
209
274
314
329
319
290
252
207
167
131
104
95
91
108
146
183
222
263
298
328
351
361
369
369
360
357
351
345
348
345
340
338
331
321
301
269
239
206
175
154
132
113
98
86
71
51
25
-13
-71
-146
-240
-332
-420
-495
-564
-628
-677
-710
-724
-710
-683
-640
-578
-514
-441
-366
-287
-189
-78
41
162
283
403
535
672
812
938
1042
1136
1214
1282
1330
1359
1365
1353
1325
1266
1189
1086
967
825
670
493
301
115
-76
-250
-413
-547
-649
-728
-780
-804
-808
-795
-769
-733
-678
-634
-587
-540
-509
-463
-415
-349
-288
-240
-189
-146
-105
-68
-47
-55
-84
-140
-211
-299
-400
-495
-596
-698
-793
-865
-908
-925
-908
-875
-830
-776
-697
-604
-507
-409
-318
-230
-157
-82
-9
52
114
173
223
259
276
295
308
310
314
308
290
270
250
242
241
250
275
296
318
347
377
419
467
511
546
564
584
596
596
601
600
594
574
545
518
486
453
423
385
338
283
230
172
112
46
-13
-67
-139
-195
-258
-326
-390
-462
-521
-586
-644
-689
-729
-758
-776
-765
-745
-719
-683
-644
-588
-520
-439
-352
-275
-194
-109
-15
93
197
305
407
515
618
713
806
890
979
1044
1086
1112
1113
1105
1074
1028
974
898
810
708
588
467
348
234
112
-23
-162
-294
-405
-486
-548
-593
-618
-627
-623
-596
-551
-497
-442
-377
-313
-257
-205
-151
-97
-48
-10
2
-5
-25
-65
-120
-189
-266
-359
-465
-563
-655
-732
-784
-825
-861
-887
-894
-875
-842
-778
-707
-637
-548
-455
-356
-251
-141
-37
44
116
174
216
251
286
314
324
329
320
308
300
290
286
283
289
293
298
316
333
355
385
421
458
487
520
553
577
591
599
605
604
594
577
555
522
486
436
371
306
241
179
108
32
-39
-112
-186
-256
-328
-400
-470
-530
-580
-622
-667
-708
-735
-752
-758
-757
-748
-733
-712
-670
-620
-564
-497
-425
-359
-296
-230
-164
-87
-9
68
144
210
283
360
440
521
600
668
723
780
828
862
884
894
895
891
889
874
854
831
796
734
654
573
487
393
295
195
96
2
-81
-151
-203
-239
-266
-281
-281
-266
-242
-213
-189
-177
-167
-153
-145
-142
-135
-129
-143
-177
-209
-250
-306
-365
-437
-523
-617
-700
-769
-836
-895
-942
-966
-970
-954
-919
-865
-793
-716
-636
-553
-463
-376
-287
-193
-110
-38
25
87
149
210
247
264
282
296
312
322
312
295
282
276
274
273
278
300
328
359
401
449
499
548
602
647
676
703
719
723
712
692
658
610
567
512
457
395
316
235
143
44
-63
-177
-290
-402
-501
-586
-664
-730
-778
-802
-814
-820
-815
-798
-776
-741
-702
-658
-613
-557
-496
-446
-383
-322
-262
-197
-140
-86
-36
12
61
112
165
220
284
342
399
456
515
576
644
705
757
800
830
866
901
929
940
937
922
890
855
810
762
707
646
578
491
394
301
208
125
44
-41
-115
-184
-235
-262
-270
-269
-265
-261
-261
-267
-273
-270
-257
-244
-245
-261
-290
-329
-373
-427
-491
-563
-639
-715
-784
-841
-881
-909
-921
-916
-900
-882
-857
-823
-767
-704
-636
-568
-496
-425
-352
-279
-213
-146
-90
-46
-14
12
48
89
138
182
214
236
249
263
269
273
281
292
304
324
351
393
449
513
574
625
668
703
729
751
763
756
732
691
649
598
539
473
397
312
213
116
19
-74
-163
-249
-335
-422
-508
-589
-654
-711
-753
-776
-778
-762
-737
-700
-653
-589
-509
-432
-351
-275
-212
-159
-115
-78
-45
-13
17
40
64
98
137
179
221
261
295
333
381
427
470
516
569
615
659
711
762
807
838
867
885
891
892
890
880
861
830
782
727
671
604
537
463
383
299
223
153
85
17
-53
-122
-192
-248
-297
-341
-382
-422
-467
-519
-560
-599
-645
-696
-752
-812
-867
-908
-934
-954
-975
-985
-995
-996
-985
-958
-928
-907
-881
-856
-822
-788
-748
-695
-635
-569
-503
-429
-355
-281
-214
-150
-90
-45
2
51
92
125
162
206
246
281
325
365
397
434
466
496
530
568
610
644
681
718
758
803
840
870
890
901
901
890
863
817
752
669
575
470
372
267
170
68
-46
-156
-263
-356
-449
-538
-624
-698
-749
-779
-788
-776
-742
-700
-643
-573
-496
-402
-303
-208
-128
-65
-10
31
52
68
82
87
91
96
102
106
117
142
163
175
185
207
233
264
298
330
362
398
437
476
518
551
580
604
615
638
656
668
675
671
653
633
615
581
548
499
440
372
292
209
119
32
-56
-144
-240
-335
-417
-489
-548
-599
-645
-692
-731
-760
-781
-786
-785
-788
-782
-778
-778
-764
-744
-719
-693
-681
-680
-672
-670
-667
-652
-649
-657
-658
-653
-638
-605
-566
-524
-470
-420
-363
-300
-234
-164
-92
-24
39
99
157
221
296
371
444
511
573
634
693
756
816
860
891
919
939
955
970
984
997
1001
997
986
972
950
916
871
814
741
649
537
414
281
135
-15
-159
-296
-420
-533
-630
-710
-785
-842
-882
-908
-917
-907
-887
-857
-814
-755
-681
-591
-491
-387
-286
-189
-101
-28
40
94
130
157
165
163
167
173
189
203
222
247
268
290
302
318
327
321
312
295
276
265
261
272
293
320
357
399
441
477
511
540
553
559
550
533
506
466
417
367
313
253
195
138
69
2
-64
-150
-243
-337
-429
-526
-622
-697
-757
-805
-836
-837
-815
-791
-754
-699
-645
-598
-555
-518
-498
-491
-484
-485
-495
-508
-518
-527
-533
-541
-554
-553
-543
-537
-527
-509
-480
-449
-416
-370
-319
-265
-203
-133
-63
7
77
151
222
288
353
420
486
547
609
669
732
794
842
880
927
969
994
1016
1033
1036
1037
1032
1017
993
955
910
852
775
683
579
451
314
181
37
-113
-250
-367
-474
-570
-639
-689
-728
-751
-746
-727
-713
-689
-645
-593
-545
-491
-425
-344
-257
-182
-105
-25
41
91
131
159
167
164
167
158
136
122
121
112
105
108
114
119
120
117
110
93
78
55
19
-9
-21
-30
-33
-22
4
43
86
130
178
229
268
303
338
356
368
373
362
339
307
265
215
160
93
32
-31
-110
-186
-268
-354
-439
-517
-590
-654
-695
-714
-725
-722
-687
-638
-594
-546
-484
-430
-399
-365
-337
-331
-331
-335
-343
-353
-366
-368
-362
-358
-357
-341
-322
-311
-297
-275
-253
-240
-223
-192
-157
-118
-58
11
67
141
228
308
386
478
564
635
713
783
850
907
963
1016
1049
1079
1105
1126
1136
1143
1133
1094
1047
988
910
814
710
598
476
351
228
110
-15
-139
-246
-357
-468
-562
-632
-687
-730
-749
-759
-759
-744
-709
-666
-620
-571
-514
-461
-408
-352
-297
-247
-203
-160
-120
-81
-41
-5
29
48
59
73
68
53
33
7
-16
-42
-57
-73
-95
-123
-142
-153
-167
-170
-165
-163
-171
-177
-169
-159
-145
-121
-82
-47
2
59
116
176
221
260
283
289
288
281
254
217
174
127
88
50
3
-48
-91
-140
-193
-241
-278
-314
-351
-370
-381
-396
-397
-362
-319
-286
-250
-216
-184
-159
-131
-99
-76
-58
-46
-34
-23
-16
-10
-6
-7
-21
-34
-52
-71
-85
-105
-129
-146
-161
-173
-173
-157
-134
-103
-59
2
62
134
219
307
397
481
561
636
698
760
811
846
894
932
964
989
1001
1004
985
956
920
858
774
688
596
481
381
282
174
71
-44
-162
-275
-381
-478
-561
-631
-691
-738
-774
-786
-771
-751
-714
-682
-663
-637
-603
-570
-538
-504
-475
-438
-389
-340
-285
-227
-177
-130
-93
-67
-51
-43
-37
-44
-59
-81
-108
-139
-173
-192
-215
-244
-246
-236
-230
-218
-197
-175
-157
-147
-129
-118
-117
-101
-84
-60
-25
20
76
139
199
258
315
362
396
417
416
397
383
368
344
315
289
255
206
157
114
67
22
-14
-48
-90
-114
-121
-124
-120
-109
-97
-90
-82
-59
-34
-3
32
66
99
126
148
163
175
173
162
147
129
100
63
26
-21
-54
-82
-117
-153
-177
-200
-222
-232
-234
-220
-186
-134
-77
-10
74
162
241
310
371
425
475
516
542
569
596
624
646
668
685
695
709
706
691
657
601
536
448
343
230
109
-12
-136
-262
-377
-478
-570
-643
-712
-770
-806
-822
-813
-805
-790
-767
-736
-691
-652
-618
-580
-538
-492
-457
-418
-376
-332
-278
-237
-199
-160
-121
-86
-61
-46
-35
-34
-54
-80
-112
-150
-186
-204
-224
-249
-249
-234
-208
-179
-159
-131
-106
-85
-62
-56
-48
-38
-26
9
46
92
161
240
323
395
464
515
551
585
591
586
565
534
498
452
417
386
357
338
318
300
298
291
273
258
234
207
186
168
147
130
132
139
153
176
200
218
230
237
231
206
178
130
75
24
-34
-77
-119
-160
-191
-210
-231
-257
-277
-295
-314
-336
-360
-379
-395
-408
-398
-387
-366
-319
-267
-202
-122
-45
38
124
180
229
278
313
344
360
371
387
406
418
433
451
460
459
437
396
340
268
180
75
-33
-144
-245
-342
-423
-491
-550
-588
-625
-642
-646
-645
-630
-615
-599
-576
-546
-513
-479
-447
-418
-380
-337
-297
-252
-213
-175
-128
-92
-60
-21
7
29
39
44
44
41
34
25
19
1
-14
-19
-33
-36
-43
-47
-42
-39
-26
-12
4
22
47
70
98
136
168
212
262
307
355
405
453
499
533
559
579
588
590
577
548
515
488
456
426
403
374
356
349
335
329
317
309
300
280
266
241
213
192
156
125
93
66
46
22
-1
-29
-58
-91
-128
-173
-224
-277
-330
-379
-416
-447
-467
-470
-460
-437
-407
-378
-354
-337
-333
-340
-355
-381
-408
-428
-442
-434
-412
-374
-319
-262
-189
-120
-58
6
55
99
139
172
200
224
248
269
284
302
311
311
310
290
264
227
183
132
69
9
-57
-120
-178
-237
-281
-315
-340
-350
-351
-348
-343
-335
-326
-320
-313
-303
-296
-281
-253
-221
-178
-124
-66
-8
45
86
114
121
115
100
74
45
21
6
-2
-7
6
20
30
45
54
57
50
37
25
9
3
2
7
21
43
73
114
158
202
247
291
334
377
410
442
467
486
495
497
493
476
453
428
399
372
349
327
304
285
266
248
238
230
221
211
199
183
166
150
130
115
98
71
40
9
-15
-42
-62
-76
-101
-122
-140
-165
-197
-232
-271
-322
-372
-413
-460
-494
-515
-530
-531
-525
-509
-491
-470
-450
-436
-425
-415
-406
-398
-382
-363
-349
-323
-284
-242
-187
-127
-69
-11
38
80
111
138
159
166
168
165
159
160
159
161
165
167
168
171
168
160
147
125
99
71
42
15
-12
-33
-49
-62
-69
-71
-68
-66
-70
-76
-77
-82
-84
-74
-68
-52
-27
-3
29
62
94
120
139
148
147
136
115
96
72
47
31
22
15
11
15
16
11
8
-2
-14
-26
-35
-42
-45
-39
-28
-7
21
52
88
124
164
202
241
277
304
330
343
342
334
320
299
275
258
242
232
229
229
230
231
232
229
218
201
181
154
131
112
96
85
82
76
79
78
72
68
56
36
2
-28
-69
-109
-144
-182
-215
-250
-277
-306
-345
-380
-422
-457
-496
-531
-554
-570
-572
-565
-545
-521
-489
-460
-432
-404
-380
-353
-331
-306
-278
-249
-223
-199
-166
-133
-105
-82
-62
-41
-19
2
20
44
66
83
93
99
108
113
125
135
141
160
186
213
234
264
290
298
304
300
285
256
226
212
194
182
171
169
172
167
165
162
159
157
150
145
134
120
120
123
119
114
113
110
103
81
67
56
40
26
3
-11
-21
-30
-32
-43
-50
-52
-63
-67
-71
-83
-91
-97
-94
-86
-78
-62
-45
-33
-16
9
32
62
84
110
133
135
143
153
161
167
171
174
175
167
164
167
171
173
166
153
137
112
96
76
60
57
48
44
42
41
45
45
44
37
20
-1
-28
-60
-95
-125
-155
-184
-209
-233
-257
-278
-298
-318
-333
-355
-374
-388
-408
-420
-423
-430
-424
-412
-395
-372
-347
-313
-278
-249
-217
-177
-147
-126
-116
-112
-110
-107
-100
-97
-93
-75
-49
-22
-1
23
51
78
104
124
133
135
140
152
171
191
206
227
255
282
310
335
345
336
327
310
286
255
219
194
177
160
154
152
149
146
153
163
158
148
142
147
146
131
116
111
103
95
95
98
103
107
108
103
88
69
51
24
-12
-52
-79
-95
-112
-137
-151
-159
-170
-182
-192
-195
-200
-205
-203
-203
-191
-172
-152
-125
-96
-58
-16
24
54
75
102
120
123
122
128
131
139
152
165
169
175
192
205
201
187
173
158
132
107
93
79
63
53
56
64
66
69
70
65
52
32
-1
-56
-124
-173
-219
-272
-317
-356
-384
-405
-416
-422
-433
-445
-454
-454
-451
-451
-445
-439
-427
-407
-383
-355
-328
-296
-248
-208
-179
-152
-128
-102
-84
-70
-52
-34
-21
-15
-13
-2
19
42
66
94
128
158
193
226
255
279
307
342
374
392
411
437
455
466
469
466
463
451
440
416
387
362
327
304
288
272
253
233
210
177
143
115
83
54
25
9
3
-1
-6
-5
5
29
51
63
65
61
48
29
2
-31
-71
-109
-142
-181
-213
-232
-248
-255
-261
-259
-254
-247
-238
-232
-229
-224
-215
-199
-185
-163
-134
-99
-60
-20
21
60
96
129
145
156
160
155
143
123
110
102
100
96
82
71
61
54
42
31
25
14
3
-11
-19
-23
-29
-31
-41
-50
-69
-89
-107
-133
-163
-195
-220
-241
-265
-279
-295
-309
-321
-338
-347
-360
-373
-387
-399
-397
-396
-388
-369
-344
-313
-282
-249
-214
-173
-133
-93
-48
-13
19
41
57
72
79
85
93
103
114
131
155
177
197
214
236
266
287
308
329
353
375
394
418
442
463
485
500
512
521
515
505
483
452
416
382
346
310
277
242
215
188
158
131
105
85
61
43
32
25
23
25
31
38
38
31
18
4
-9
-32
-61
-84
-111
-139
-162
-185
-215
-241
-273
-305
-330
-358
-380
-391
-401
-404
-407
-401
-384
-370
-346
-321
-296
-265
-234
-202
-169
-133
-97
-64
-26
7
38
65
86
99
109
118
113
111
107
94
91
85
71
58
42
21
6
-12
-28
-43
-56
-62
-59
-55
-45
-32
-25
-20
-21
-25
-31
-44
-64
-83
-105
-134
-157
-175
-197
-212
-227
-246
-253
-258
-270
-265
-261
-255
-234
-216
-192
-154
-117
-76
-28
17
59
102
143
184
218
241
260
270
273
270
266
258
249
236
223
218
215
216
221
231
238
244
253
261
268
272
278
285
285
289
296
305
316
321
320
310
300
280
254
226
201
169
124
87
53
22
1
-20
-35
-50
-70
-78
-91
-105
-108
-114
-120
-134
-144
-148
-152
-157
-157
-161
-165
-167
-171
-173
-178
-185
-189
-201
-222
-242
-264
-282
-300
-319
-332
-337
-335
-331
-319
-303
-281
-256
-234
-213
-186
-160
-132
-101
-72
-42
-18
10
39
68
92
113
130
144
152
158
166
167
171
170
162
151
136
121
106
89
74
60
47
35
28
24
25
28
24
22
15
1
-14
-29
-45
-67
-91
-111
-130
-145
-154
-163
-164
-161
-157
-147
-134
-126
-114
-100
-88
-70
-57
-42
-28
-14
4
18
38
65
91
119
145
170
193
213
225
225
222
214
206
194
184
176
169
169
173
175
181
190
196
198
197
195
190
181
180
175
162
158
158
156
151
146
142
135
123
113
95
74
53
26
-2
-29
-55
-70
-83
-90
-90
-102
-109
-108
-107
-107
-115
-122
-128
-147
-164
-176
-185
-189
-189
-192
-189
-188
-192
-191
-192
-206
-225
-242
-259
-282
-302
-313
-316
-318
-315
-308
-298
-273
-242
-213
-184
-156
-129
-105
-77
-45
-16
13
43
69
89
101
124
155
175
198
217
226
237
245
245
247
244
234
214
190
170
145
120
108
92
72
56
45
38
31
22
14
5
-7
-27
-46
-57
-68
-78
-83
-95
-111
-120
-124
-119
-108
-95
-77
-63
-46
-30
-15
3
22
38
50
60
70
83
95
113
131
145
155
166
181
187
195
202
202
195
180
165
145
131
116
97
82
65
50
39
33
36
40
48
60
65
71
78
78
79
76
69
64
60
50
49
53
49
44
36
22
9
-6
-22
-40
-62
-79
-109
-133
-148
-170
-178
-185
-195
-194
-202
-206
-207
-211
-209
-209
-209
-199
-198
-192
-183
-181
-172
-171
-168
-166
-164
-155
-146
-134
-126
-118
-113
-109
-103
-104
-104
-101
-105
-99
-85
-69
-47
-27
-5
26
56
86
116
137
167
190
211
232
241
253
261
260
260
255
238
223
198
170
142
109
77
45
22
3
-15
-30
-43
-53
-57
-53
-51
-53
-55
-56
-58
-55
-57
-64
-69
-76
-83
-86
-92
-103
-107
-113
-118
-119
-114
-109
-99
-85
-73
-48
-24
-1
29
61
92
123
149
171
188
201
212
213
210
208
200
190
178
166
154
130
106
89
68
45
21
1
-10
-11
-12
-9
-4
0
5
10
14
19
23
27
25
27
36
43
45
39
35
34
32
25
19
10
0
-6
-18
-32
-42
-51
-67
-88
-109
-128
-151
-167
-173
-180
-187
-193
-197
-198
-197
-195
-195
-196
-191
-186
-174
-155
-142
-130
-111
-94
-78
-64
-60
-58
-61
-66
-70
-66
-53
-50
-39
-27
-12
3
12
27
39
52
69
85
110
128
151
179
198
214
224
226
222
208
188
172
155
134
110
88
68
46
22
5
-11
-28
-43
-53
-56
-54
-53
-46
-37
-24
-13
-10
-5
1
1
3
7
8
8
7
4
5
5
7
8
4
-2
-14
-18
-13
-7
2
18
40
58
73
86
97
101
96
90
85
81
81
79
83
82
80
77
66
52
32
9
-12
-31
-47
-61
-68
-72
-70
-70
-65
-64
-71
-74
-79
-80
-78
-74
-65
-53
-44
-31
-19
-3
11
20
30
34
44
52
55
52
44
34
21
3
-19
-44
-70
-94
-121
-141
-158
-168
-182
-191
-196
-197
-187
-183
-176
-164
-152
-136
-111
-79
-47
-23
1
19
28
35
29
21
13
8
8
5
7
10
12
9
2
4
12
18
30
46
71
99
127
159
182
205
220
231
232
223
215
200
177
154
126
94
59
25
1
-25
-48
-65
-77
-88
-100
-98
-89
-78
-64
-50
-34
-22
-15
-5
-2
-2
1
9
18
20
24
27
29
24
20
19
12
11
17
21
31
40
52
61
71
81
90
96
95
91
89
81
73
65
54
48
45
41
41
39
31
23
4
-18
-35
-51
-68
-86
-100
-111
-126
-135
-144
-153
-160
-164
-160
-153
-142
-129
-106
-84
-62
-35
-14
7
27
47
65
81
96
104
110
113
112
106
92
74
47
17
-17
-56
-90
-125
-152
-177
-197
-208
-217
-221
-219
-219
-212
-198
-181
-163
-134
-104
-74
-44
-17
5
24
35
38
45
51
49
55
64
69
82
97
110
131
142
146
155
160
162
168
167
170
175
177
182
182
178
170
159
142
124
106
89
73
53
33
15
-6
-23
-40
-60
-78
-95
-111
-128
-139
-142
-141
-134
-128
-120
-110
-104
-100
-92
-88
-80
-71
-60
-47
-29
-8
14
30
39
56
67
80
97
110
124
131
137
145
156
163
172
176
161
148
138
126
115
100
85
72
55
44
31
10
-12
-37
-64
-96
-126
-143
-162
-180
-199
-214
-228
-237
-238
-231
-219
-214
-199
-187
-174
-153
-129
-108
-91
-70
-47
-26
-9
10
22
33
38
44
56
63
69
70
60
47
33
14
-1
-14
-23
-30
-41
-51
-51
-51
-53
-54
-56
-62
-66
-63
-60
-60
-56
-46
-34
-24
-12
8
22
33
39
44
47
51
63
78
95
108
123
136
145
151
158
159
160
164
171
177
173
170
166
162
154
140
129
122
112
95
83
74
61
44
33
23
10
0
-16
-29
-42
-53
-58
-60
-59
-57
-55
-56
-56
-60
-67
-71
-67
-70
-73
-67
-60
-44
-30
-19
-6
9
20
30
33
27
27
26
28
32
40
54
69
79
83
88
83
65
46
22
-7
-41
-69
-94
-113
-133
-143
-146
-150
-154
-159
-165
-174
-186
-205
-219
-228
-232
-232
-229
-218
-205
-185
-168
-140
-107
-74
-45
-26
-9
-1
3
8
7
14
14
16
31
43
58
72
84
97
106
110
104
98
88
76
60
39
32
27
25
29
37
49
61
69
73
75
77
77
74
73
71
63
57
56
57
67
77
85
101
109
118
122
123
126
125
122
123
118
117
110
99
98
85
78
77
68
70
70
66
65
59
50
41
23
4
-9
-26
-39
-50
-63
-66
-75
-82
-81
-89
-93
-102
-113
-116
-123
-133
-136
-131
-125
-118
-115
-113
-110
-110
-102
-101
-103
-96
-87
-76
-57
-39
-21
1
21
44
60
73
83
89
102
112
118
129
137
139
138
127
108
87
64
39
13
-7
-29
-51
-64
-76
-92
-104
-117
-133
-147
-160
-176
-189
-197
-204
-208
-207
-195
-180
-166
-147
-129
-112
-92
-71
-50
-25
-6
10
26
37
50
54
57
63
68
80
94
108
125
140
149
155
158
154
143
132
117
99
84
75
68
67
67
68
73
74
75
72
67
62
52
41
31
30
28
29
31
30
34
36
34
32
32
33
36
42
52
61
75
84
88
93
91
88
86
79
67
53
46
41
38
34
33
30
24
17
7
-4
-18
-31
-45
-62
-77
-93
-104
-114
-129
-137
-144
-152
-164
-165
-163
-164
-164
-161
-156
-155
-152
-147
-144
-139
-133
-123
-108
-92
-73
-54
-31
-14
0
16
29
41
49
60
70
74
80
85
91
94
99
99
89
78
65
47
26
1
-20
-38
-58
-78
-92
-102
-115
-125
-135
-139
-140
-139
-132
-130
-126
-123
-120
-117
-115
-106
-93
-78
-63
-44
-24
-3
15
31
44
53
61
71
82
89
96
102
108
114
124
132
140
149
156
166
173
174
172
171
170
170
169
167
165
164
162
161
159
149
140
133
122
110
99
84
72
56
40
28
16
3
-2
-6
-5
-1
1
4
4
0
-6
-11
-14
-15
-19
-19
-18
-20
-23
-29
-39
-51
-60
-69
-69
-71
-70
-64
-61
-62
-70
-79
-86
-96
-104
-108
-110
-111
-112
-113
-114
-117
-124
-129
-133
-135
-135
-130
-126
-124
-118
-113
-106
-100
-98
-96
-88
-81
-73
-55
-41
-25
-12
0
11
18
28
40
49
52
53
56
56
55
53
55
60
57
55
49
38
28
16
5
-5
-14
-17
-19
-25
-28
-25
-22
-16
-17
-16
-16
-15
-15
-12
-7
-4
3
1
3
6
6
17
30
41
55
71
85
92
92
91
89
83
73
64
59
50
46
40
39
40
44
51
56
59
64
72
74
80
81
84
85
82
76
73
75
73
69
67
66
62
51
43
38
34
30
25
20
15
6
-3
-7
-17
-22
-23
-25
-26
-24
-24
-20
-23
-31
-42
-54
-67
-81
-90
-98
-104
-112
-116
-119
-124
-129
-129
-127
-123
-109
-101
-87
-77
-68
-62
-61
-64
-71
-80
-86
-90
-92
-90
-83
-77
-73
-65
-60
-53
-49
-42
-34
-24
-13
-6
3
9
20
30
40
45
53
57
63
66
74
79
79
82
80
79
75
73
71
64
63
59
54
54
52
52
47
43
34
24
15
5
-5
-12
-16
-16
-17
-15
-11
-9
-4
-1
1
9
14
16
15
14
17
23
27
26
27
28
28
32
29
32
31
30
25
19
15
9
7
6
3
5
9
15
24
30
39
47
54
65
72
76
74
72
68
63
59
48
37
27
18
7
1
-3
-12
-14
-16
-17
-19
-16
-14
-16
-14
-15
-18
-19
-24
-28
-35
-45
-48
-54
-63
-65
-70
-73
-70
-77
-75
-70
-74
-71
-72
-71
-73
-72
-72
-73
-72
-74
-73
-75
-76
-71
-69
-66
-62
-56
-53
-48
-47
-47
-43
-35
-29
-20
-9
-3
6
21
30
40
52
58
69
77
82
86
87
89
91
95
98
99
103
106
111
113
115
111
109
101
87
76
59
43
26
7
-8
-22
-35
-48
-58
-68
-73
-72
-73
-68
-64
-61
-56
-50
-43
-39
-34
-29
-21
-9
-1
14
27
38
53
62
66
71
73
69
64
58
51
46
34
23
13
6
3
1
-2
-7
-6
-5
-2
4
9
17
21
26
34
35
36
35
30
25
19
17
14
4
-7
-14
-20
-25
-27
-32
-38
-46
-50
-50
-54
-54
-56
-59
-61
-63
-65
-64
-69
-68
-65
-65
-56
-51
-47
-43
-43
-42
-42
-46
-48
-57
-65
-69
-75
-81
-85
-91
-95
-95
-97
-94
-93
-93
-86
-82
-77
-69
-63
-52
-43
-35
-22
-10
-1
10
22
30
43
54
65
77
88
99
108
118
128
129
132
135
135
133
133
139
142
141
145
143
135
129
122
115
107
94
85
74
56
42
25
10
-7
-25
-40
-50
-60
-67
-67
-69
-69
-62
-58
-45
-37
-29
-18
-11
-3
4
13
27
37
47
57
64
71
78
83
78
70
60
49
34
21
9
-6
-24
-41
-57
-67
-77
-85
-89
-92
-95
-93
-83
-74
-64
-55
-45
-39
-36
-31
-26
-20
-18
-18
-14
-12
-14
-12
-13
-15
-15
-21
-29
-39
-49
-53
-55
-57
-59
-60
-60
-52
-40
-36
-30
-30
-26
-15
-1
12
25
38
46
53
52
53
52
47
42
34
23
11
-3
-17
-30
-44
-56
-63
-76
-87
-94
-95
-90
-83
-80
-77
-66
-54
-40
-26
-19
-9
6
25
42
59
71
89
107
124
137
145
153
157
162
158
152
154
155
156
150
141
129
118
102
81
61
39
26
14
2
-6
-14
-25
-31
-37
-51
-61
-70
-75
-76
-81
-78
-74
-72
-75
-81
-83
-87
-87
-80
-77
-74
-63
-54
-41
-27
-13
5
18
29
32
34
38
38
37
39
42
40
34
27
19
5
-3
-12
-16
-21
-32
-35
-36
-39
-36
-31
-25
-22
-23
-25
-24
-25
-25
-27
-29
-35
-41
-48
-52
-56
-63
-66
-71
-73
-81
-91
-94
-102
-108
-102
-95
-86
-77
-72
-59
-50
-38
-25
-10
6
16
26
37
47
53
61
67
73
79
82
87
86
82
79
75
69
64
57
51
42
27
21
9
2
-5
-11
-16
-20
-18
-16
-15
-11
-7
-3
5
15
26
37
52
70
85
100
116
126
140
151
158
166
165
163
159
152
145
139
128
114
100
84
69
56
39
23
8
-7
-20
-37
-47
-56
-69
-74
-82
-88
-91
-97
-102
-107
-110
-113
-118
-123
-127
-128
-132
-132
-133
-129
-124
-115
-104
-94
-82
-73
-62
-48
-38
-25
-19
-12
-3
-1
2
1
1
4
2
2
3
3
6
6
3
2
4
8
9
15
19
26
33
34
38
42
44
43
40
36
30
24
21
15
4
-8
-20
-27
-35
-43
-43
-44
-46
-52
-53
-54
-55
-53
-46
-45
-36
-31
-27
-15
-12
-1
7
7
17
26
31
40
49
58
62
63
70
81
87
91
96
99
97
93
88
81
73
60
44
31
17
3
-11
-22
-31
-42
-45
-47
-47
-37
-29
-25
-18
-10
-1
9
21
29
40
44
45
47
51
53
55
54
54
52
41
36
31
23
17
6
-5
-14
-21
-32
-39
-45
-54
-59
-63
-65
-65
-65
-69
-66
-66
-69
-70
-68
-65
-64
-65
-67
-63
-58
-53
-44
-32
-24
-10
3
9
19
28
33
36
38
33
27
22
16
12
6
2
3
4
0
0
5
4
6
5
4
7
7
4
4
3
5
5
8
11
12
13
11
6
1
0
-1
-2
-6
-13
-17
-17
-12
-9
-5
-1
2
6
9
9
8
8
4
1
0
-2
-6
-9
-15
-20
-18
-20
-19
-14
-14
-12
-9
-4
2
10
20
31
40
43
46
48
54
50
41
39
33
27
14
6
-4
-11
-15
-21
-23
-26
-29
-30
-26
-21
-18
-13
-6
0
7
18
27
37
48
57
66
71
74
69
67
64
52
44
31
16
6
-2
-17
-24
-31
-40
-43
-46
-50
-55
-57
-60
-63
-62
-68
-72
-70
-66
-63
-58
-50
-45
-34
-24
-15
-6
-2
1
0
0
-3
-4
-7
-7
-8
-6
-2
-3
-1
6
12
18
18
16
15
18
20
19
21
27
31
39
51
59
66
71
77
78
79
74
63
55
44
29
17
4
-11
-21
-30
-38
-37
-36
-37
-36
-34
-36
-36
-37
-45
-47
-52
-55
-54
-53
-48
-40
-32
-20
-11
-3
5
13
14
17
21
21
18
17
17
12
12
12
9
8
7
10
10
13
17
19
19
19
19
17
12
9
4
-1
-7
-13
-16
-22
-27
-28
-28
-25
-23
-19
-13
-7
-2
3
7
9
14
19
20
24
32
37
46
52
53
62
62
66
73
73
67
67
56
42
34
17
2
-12
-29
-41
-47
-54
-56
-56
-57
-55
-56
-58
-59
-63
-68
-70
-71
-66
-62
-58
-53
-46
-38
-31
-26
-21
-21
-18
-18
-17
-16
-16
-21
-26
-27
-28
-27
-25
-21
-10
-1
8
15
19
26
29
30
36
40
42
49
49
52
59
61
59
58
57
51
47
39
27
22
10
3
-2
-6
-7
-11
-15
-18
-19
-23
-28
-31
-35
-33
-32
-36
-33
-35
-32
-23
-13
-1
10
15
22
28
33
35
36
36
33
31
27
28
26
22
24
24
30
29
24
22
16
14
11
4
3
-5
-10
-14
-19
-17
-18
-16
-13
-7
-3
-1
1
3
3
3
4
6
7
12
14
13
12
13
15
18
19
20
22
23
26
23
24
21
19
19
13
9
0
-5
-9
-17
-21
-30
-30
-34
-36
-38
-41
-38
-40
-40
-41
-41
-38
-41
-40
-38
-34
-29
-26
-20
-15
-12
-8
-9
-9
-7
-7
-4
-4
-6
-8
-12
-14
-18
-20
-23
-25
-24
-25
-23
-22
-22
-17
-11
-6
-3
1
7
12
17
19
24
27
29
33
37
37
35
33
33
32
28
25
19
10
3
-2
-7
-13
-17
-19
-18
-21
-26
-26
-24
-23
-20
-14
-7
0
9
17
27
36
43
55
63
70
73
74
74
72
70
65
58
51
47
43
37
29
22
15
6
-2
-9
-20
-29
-39
-50
-56
-61
-65
-62
-58
-56
-46
-39
-34
-24
-12
-3
6
12
14
17
21
18
18
18
18
19
19
23
23
23
28
29
26
23
20
12
6
-3
-17
-23
-34
-45
-50
-56
-61
-60
-60
-57
-51
-48
-46
-42
-40
-41
-36
-36
-38
-38
-38
-33
-28
-23
-15
-11
-6
0
6
11
13
14
12
11
9
11
14
14
19
20
19
22
21
20
21
17
16
17
19
22
25
27
27
30
32
33
37
37
41
40
39
38
35
35
33
31
27
26
20
13
9
-1
-8
-14
-23
-27
-32
-41
-38
-38
-39
-35
-35
-30
-22
-18
-14
-4
-1
-1
6
8
13
19
24
31
36
43
48
51
53
52
51
43
35
32
28
20
12
3
-6
-16
-24
-34
-43
-51
-56
-61
-66
-70
-73
-72
-72
-65
-56
-52
-45
-33
-24
-17
-7
-1
5
15
22
31
36
37
43
45
43
46
42
38
37
37
30
25
16
6
0
-9
-18
-25
-30
-36
-39
-42
-46
-44
-47
-47
-41
-37
-34
-31
-29
-26
-22
-21
-17
-14
-8
-1
7
10
17
23
24
30
29
30
34
31
32
31
27
23
21
19
16
15
10
6
5
-1
-1
1
1
3
5
7
9
10
12
17
21
24
24
23
22
21
21
21
22
19
16
13
9
6
2
-2
-5
-12
-18
-25
-34
-40
-45
-45
-43
-39
-34
-28
-22
-14
-6
0
7
12
16
21
26
27
30
35
41
45
46
47
45
43
42
38
33
24
17
6
-6
-16
-26
-32
-38
-42
-50
-59
-65
-72
-75
-74
-71
-69
-67
-63
-56
-47
-35
-23
-12
-3
6
12
20
28
36
47
57
64
68
70
68
63
61
60
57
54
46
38
24
12
0
-14
-23
-31
-41
-45
-48
-51
-51
-52
-51
-46
-45
-40
-36
-32
-27
-22
-13
-7
-1
10
18
26
38
41
46
46
42
41
38
34
31
27
22
19
14
9
5
-1
-3
-2
-3
-2
-2
-3
-2
-2
1
7
9
15
16
15
18
18
17
16
9
9
5
-2
-1
-9
-18
-21
-31
-37
-40
-43
-46
-48
-48
-42
-39
-34
-28
-28
-29
-24
-22
-22
-18
-14
-9
-2
7
13
15
18
20
21
23
25
28
31
34
39
42
42
42
39
33
32
30
26
21
13
4
-9
-21
-32
-45
-56
-66
-72
-77
-80
-81
-82
-82
-80
-77
-70
-62
-55
-44
-34
-22
-8
4
18
29
42
53
63
70
76
79
79
78
75
74
71
66
64
63
59
54
48
40
32
25
16
9
2
-3
-7
-13
-16
-17
-22
-21
-22
-23
-20
-17
-13
-10
-6
-3
1
3
8
13
16
17
19
19
20
18
14
12
6
4
-1
-4
-8
-13
-18
-22
-27
-28
-25
-23
-21
-18
-13
-9
-6
-2
-1
-2
0
3
4
5
5
3
0
-4
-7
-11
-15
-21
-26
-33
-36
-37
-43
-45
-47
-49
-47
-42
-37
-33
-26
-22
-16
-11
-7
-2
0
4
10
16
26
31
34
38
44
49
52
55
55
54
54
54
53
51
49
47
45
40
34
27
21
15
10
4
-5
-15
-24
-32
-37
-44
-51
-56
-60
-64
-67
-66
-61
-58
-55
-54
-51
-45
-36
-27
-21
-15
-9
-5
1
7
13
21
27
32
34
36
37
38
37
33
26
23
23
23
20
15
14
15
13
7
2
-1
-4
-3
-4
-3
-1
2
9
9
10
16
19
21
24
24
22
23
20
17
17
18
18
12
6
4
-3
-9
-14
-20
-25
-28
-31
-32
-31
-30
-26
-23
-22
-18
-17
-16
-10
-5
5
11
12
13
17
19
21
18
10
8
5
-2
-6
-10
-13
-20
-28
-33
-38
-40
-41
-45
-50
-47
-44
-41
-34
-27
-19
-11
-5
0
6
17
24
30
36
40
43
47
52
52
55
56
55
54
50
47
43
42
38
33
29
24
19
13
8
1
-7
-9
-18
-27
-30
-32
-39
-45
-46
-45
-45
-46
-48
-51
-49
-45
-43
-41
-38
-32
-27
-21
-19
-12
-5
0
5
8
12
16
19
22
23
26
23
23
23
23
19
16
15
14
10
10
11
8
5
5
6
5
4
5
6
8
9
13
18
21
24
27
31
32
30
33
31
26
25
21
15
8
7
6
1
-6
-12
-19
-26
-29
-32
-36
-37
-40
-43
-41
-39
-36
-30
-26
-25
-22
-15
-10
-3
1
4
9
5
6
10
12
13
10
7
0
-7
-9
-10
-15
-17
-17
-20
-23
-22
-20
-23
-19
-16
-17
-13
-8
2
7
16
28
33
38
42
47
50
54
57
57
57
56
56
54
49
44
39
33
24
20
12
6
-1
-9
-16
-21
-28
-34
-41
-46
-51
-54
-59
-63
-62
-62
-62
-59
-58
-55
-50
-46
-44
-38
-34
-30
-24
-17
-12
-2
4
11
16
21
26
32
36
37
42
45
45
44
44
43
42
38
34
30
25
22
18
12
10
9
5
2
-1
-1
-2
-5
-5
-7
-6
2
5
10
14
16
20
21
21
20
21
21
18
22
19
16
18
12
6
4
0
-7
-12
-18
-26
-32
-33
-39
-40
-37
-39
-38
-36
-35
-33
-32
-33
-31
-28
-27
-26
-23
-18
-17
-15
-13
-13
-9
-10
-14
-14
-15
-16
-17
-16
-18
-18
-15
-14
-11
-7
-7
-5
-2
1
5
10
16
21
27
29
35
40
46
50
49
51
56
57
55
53
51
48
47
45
41
32
27
23
18
13
7
-4
-9
-14
-22
-27
-34
-39
-42
-47
-50
-53
-54
-54
-57
-58
-54
-54
-55
-54
-49
-43
-41
-34
-26
-23
-16
-7
0
8
11
18
23
29
33
34
37
39
39
41
41
38
38
33
35
34
31
30
22
22
19
16
13
10
9
7
6
9
10
11
12
11
14
18
19
21
21
22
24
21
22
17
13
10
5
2
-3
-11
-15
-20
-22
-26
-30
-32
-34
-34
-33
-31
-29
-29
-29
-29
-28
-28
-30
-30
-27
-25
-22
-19
-16
-17
-19
-18
-17
-17
-16
-17
-17
-17
-19
-25
-28
-31
-32
-29
-29
-25
-20
-17
-11
-4
6
15
20
28
33
38
40
42
46
50
54
58
62
65
66
68
68
67
67
64
62
57
48
41
32
24
15
4
-7
-14
-21
-29
-35
-36
-40
-43
-43
-48
-48
-53
-55
-56
-60
-59
-59
-58
-55
-55
-53
-51
-45
-41
-36
-27
-21
-13
-5
3
9
16
19
23
27
28
28
30
33
34
39
42
45
48
46
48
44
39
35
27
25
17
14
13
7
5
2
1
1
0
0
-2
-1
0
3
5
5
6
5
4
3
3
-1
-5
-9
-11
-13
-13
-11
-14
-17
-20
-23
-20
-22
-21
-23
-27
-22
-23
-20
-18
-21
-19
-23
-19
-18
-15
-9
-8
-5
-5
-3
-1
-2
-1
-5
-6
-6
-5
-6
-7
-6
-5
-2
2
2
3
3
2
2
3
6
8
9
9
9
13
18
22
25
25
26
30
33
38
40
39
40
39
36
34
32
31
28
24
21
18
16
13
10
5
1
-1
-5
-8
-11
-15
-18
-20
-22
-22
-26
-28
-30
-33
-32
-32
-34
-36
-38
-36
-33
-32
-30
-29
-30
-30
-27
-24
-21
-20
-18
-16
-16
-14
-7
-2
2
7
11
14
17
21
22
21
21
22
24
24
24
25
27
28
30
31
34
31
31
27
23
23
21
18
16
15
13
12
10
10
9
7
6
3
1
-1
-3
-3
-5
-9
-9
-11
-15
-15
-17
-19
-21
-25
-27
-29
-32
-33
-33
-34
-35
-36
-36
-35
-35
-32
-29
-27
-25
-25
-23
-20
-17
-15
-12
-9
-8
-7
-5
-3
0
4
9
16
19
22
24
24
25
24
24
30
32
36
42
46
50
54
52
55
54
53
52
48
46
43
39
36
31
25
19
12
5
1
-4
-8
-13
-19
-23
-28
-33
-38
-42
-46
-49
-50
-51
-50
-47
-45
-45
-45
-45
-44
-40
-37
-34
-32
-30
-30
-27
-28
-25
-20
-18
-19
-17
-13
-9
-6
0
7
10
13
14
16
18
19
24
25
25
26
28
33
35
39
42
41
41
43
45
45
45
42
37
32
32
28
24
21
18
15
9
3
2
-2
-4
-4
-5
-8
-9
-6
-7
-6
-9
-10
-12
-16
-20
-22
-22
-25
-29
-30
-32
-36
-36
-37
-38
-38
-38
-40
-38
-36
-33
-30
-28
-25
-25
-21
-17
-12
-9
-8
-1
0
-1
1
7
11
11
11
16
21
27
30
35
35
34
34
34
30
30
32
35
37
38
40
42
44
44
42
39
36
33
31
25
22
19
16
15
10
6
2
-3
-7
-11
-15
-17
-17
-21
-26
-28
-28
-28
-30
-30
-28
-30
-31
-35
-35
-36
-39
-43
-47
-51
-51
-53
-54
-52
-51
-48
-43
-39
-33
-29
-23
-20
-16
-12
-10
-5
1
7
9
13
16
18
22
25
27
30
30
30
32
36
39
42
42
42
41
42
39
34
31
32
27
21
17
14
12
8
4
-1
-6
-8
-11
-11
-10
-14
-18
-16
-16
-17
-14
-11
-10
-12
-10
-8
-8
-6
-5
-3
-4
-4
-3
-4
-5
-4
-4
-5
-8
-9
-10
-10
-10
-8
-8
-10
-8
-8
-9
-7
-6
-3
-2
1
5
8
13
17
19
24
28
30
32
35
38
39
41
42
39
37
38
34
32
29
27
23
20
19
16
13
8
0
-4
-5
-9
-13
-15
-17
-20
-19
-17
-19
-23
-24
-24
-27
-28
-31
-31
-30
-29
-27
-28
-30
-33
-30
-25
-23
-21
-20
-18
-18
-17
-16
-18
-19
-22
-23
-23
-21
-19
-18
-16
-15
-14
-11
-9
-10
-8
-4
-3
-1
0
0
2
4
8
11
16
18
23
25
28
31
29
32
31
29
30
29
29
28
27
26
27
26
24
22
19
18
17
14
12
6
3
1
2
2
2
4
5
7
8
7
8
8
5
8
7
5
5
1
0
0
-3
-2
-5
-8
-5
-5
-9
-11
-14
-17
-17
-21
-25
-26
-27
-24
-23
-22
-20
-15
-12
-9
-5
-5
1
2
6
11
14
18
21
21
24
26
26
29
29
27
25
23
19
16
14
11
11
6
2
2
-1
-1
-3
-5
-5
-7
-11
-15
-19
-23
-25
-27
-30
-29
-30
-28
-28
-30
-31
-32
-33
-34
-36
-37
-37
-39
-38
-35
-33
-34
-33
-30
-26
-25
-24
-23
-23
-22
-20
-18
-14
-10
-5
3
7
11
14
17
21
23
25
27
28
27
28
29
30
30
31
32
34
35
35
36
35
33
33
32
33
33
33
34
35
35
37
37
37
36
34
33
33
32
30
27
26
24
22
20
20
16
15
12
9
5
3
1
-4
-5
-9
-11
-13
-18
-21
-24
-28
-30
-34
-37
-38
-39
-40
-41
-41
-40
-39
-38
-38
-37
-34
-33
-29
-26
-24
-20
-15
-10
-6
-2
4
8
10
14
16
19
21
21
21
20
20
19
18
16
14
12
10
8
4
1
-3
-7
-11
-14
-17
-17
-20
-21
-24
-25
-25
-25
-25
-26
-25
-23
-22
-22
-23
-24
-23
-23
-24
-25
-24
-21
-21
-21
-19
-17
-15
-14
-12
-10
-7
-3
-2
1
4
6
9
11
14
17
20
26
28
29
32
34
36
38
39
39
37
36
36
32
31
29
29
27
26
23
22
19
17
16
14
15
16
15
15
14
14
13
10
11
12
11
11
12
8
8
9
12
13
13
16
13
12
12
10
7
6
4
2
1
0
0
-3
-5
-7
-10
-11
-14
-17
-19
-22
-24
-25
-30
-31
-33
-37
-40
-41
-41
-42
-42
-39
-41
-41
-40
-41
-40
-38
-35
-32
-32
-30
-27
-24
-21
-17
-13
-10
-8
-3
0
4
8
11
11
14
15
15
15
14
11
12
13
13
15
15
10
8
7
5
8
9
8
10
7
4
5
5
5
4
4
2
1
2
1
-1
-1
-1
-1
-2
-2
-3
-2
-1
-1
1
1
0
0
1
3
3
7
8
12
17
18
19
21
20
21
23
23
23
22
23
22
20
22
21
21
20
19
17
16
13
11
10
8
5
2
2
1
0
-1
-2
-4
-7
-10
-14
-15
-15
-16
-16
-15
-16
-14
-11
-12
-10
-11
-12
-12
-12
-12
-10
-7
-5
-3
-2
-2
-3
-3
-4
-4
-4
-5
-5
-5
-5
-5
-6
-6
-5
-5
-5
-6
-6
-5
-5
-5
-6
-6
-6
-5
-6
-5
-6
-5
-5
-4
-4
-4
-4
-4
-3
-3
-1
0
2
5
5
6
6
6
7
9
11
13
13
12
12
10
8
7
7
7
6
7
7
7
8
8
7
8
7
8
7
6
7
5
5
4
3
2
1
0
-2
-2
-5
-6
-6
-9
-12
-11
-13
-15
-14
-14
-13
-13
-14
-13
-11
-11
-10
-9
-5
-3
0
3
4
5
9
10
10
12
13
13
12
12
13
9
9
9
9
8
7
10
9
7
7
5
2
0
-2
-3
-5
-5
-5
-5
-7
-8
-8
-9
-10
-10
-10
-12
-13
-15
-15
-16
-16
-14
-14
-13
-10
-9
-9
-8
-8
-9
-11
-10
-10
-10
-8
-8
-6
-5
-4
-4
-1
0
2
4
9
11
12
13
15
16
19
21
20
23
22
25
25
25
25
23
25
24
22
20
17
14
11
7
4
0
-4
-5
-7
-7
-6
-9
-9
-11
-14
-14
-15
-16
-16
-16
-16
-18
-16
-15
-16
-15
-14
-14
-11
-9
-9
-6
-5
-3
1
1
4
7
7
10
12
11
12
11
12
10
11
9
8
6
3
1
2
-1
-1
-2
-2
-3
-3
-4
-5
-5
-6
-7
-6
-7
-6
-6
-7
-7
-7
-8
-9
-9
-10
-11
-8
-9
-8
-7
-5
-4
-4
-2
-2
-1
-1
2
4
5
10
11
15
17
19
18
19
21
16
17
15
13
13
9
9
9
7
9
9
9
8
8
9
6
4
1
-2
-5
-6
-7
-9
-8
-9
-9
-12
-15
-16
-18
-18
-18
-18
-19
-18
-15
-13
-9
-5
-4
0
0
4
5
7
7
8
8
10
9
10
8
8
11
8
9
5
5
4
3
3
0
-3
-4
-5
-6
-6
-7
-7
-8
-8
-9
-11
-11
-12
-12
-11
-10
-8
-6
-4
-2
-3
0
-2
-3
-3
-2
-3
0
3
4
5
7
6
3
4
4
5
6
5
6
7
8
10
10
10
10
5
6
3
4
4
2
3
0
2
2
2
2
-1
-2
-5
-6
-6
-5
-5
-7
-3
-3
0
0
-1
0
-3
-4
-5
-4
-6
-8
-7
-8
-4
-4
-3
-1
-4
-3
-3
-3
1
-2
2
3
3
10
8
12
12
13
12
11
12
9
7
6
3
3
3
2
-1
-2
-3
-5
-5
-4
-6
-6
-5
-8
-8
-7
-8
-6
-6
-7
-5
-5
-3
-5
-5
-4
-5
-3
0
0
2
3
3
4
4
4
6
6
6
6
6
7
5
5
4
2
1
1
0
-1
0
-1
-3
-1
-2
-3
-1
-2
-1
-2
-4
-3
-4
-4
-5
-4
-1
-2
-3
-2
-1
1
2
3
5
4
5
4
4
4
3
5
5
4
5
6
6
5
5
6
4
1
-2
-3
-1
0
1
1
1
1
0
0
-1
-3
-4
-7
-7
-7
-7
-5
-5
-6
-6
-6
-4
-6
-6
-6
-6
-4
-1
-1
0
-1
0
0
0
-1
1
2
2
3
2
4
5
6
6
6
5
4
6
5
3
4
3
2
2
2
3
2
1
-1
-1
0
1
1
-2
-3
-2
-1
0
1
-1
-2
-2
-4
-3
-3
-3
-3
-3
-4
-4
-2
-2
-3
-3
-4
-4
-4
-6
-4
-2
1
3
5
6
4
5
5
6
5
5
3
2
-1
-2
0
1
1
0
0
-2
-2
0
1
4
5
4
4
2
2
3
3
3
3
5
5
5
8
7
9
9
8
5
1
-1
-4
-5
-5
-5
-2
-3
0
2
2
4
4
3
-1
-3
-5
-7
-7
-7
-7
-5
-5
-6
-4
-6
-7
-8
-7
-9
-9
-10
-10
-10
-9
-7
-6
-7
-7
-7
-8
-10
-9
-9
-8
-9
-8
-6
-4
-2
-2
0
0
1
0
-1
-1
-2
-2
-2
-2
0
1
2
4
3
3
3
2
4
5
4
4
5
5
5
6
5
5
6
7
9
9
9
9
8
6
5
6
4
4
5
5
5
4
6
5
5
4
4
6
7
7
8
7
8
8
9
7
7
6
3
1
0
-2
-3
-5
-6
-6
-6
-5
-3
-2
-3
-1
-2
-1
0
2
5
6
7
7
7
5
3
1
-3
-6
-8
-10
-11
-12
-11
-12
-7
-6
-4
-2
-1
1
0
2
3
4
4
5
8
7
6
5
4
1
0
-1
-1
-3
-4
-5
-5
-5
-5
-6
-7
-7
-8
-8
-6
-3
0
3
6
8
8
9
8
7
2
-1
-5
-10
-12
-14
-16
-15
-15
-12
-10
-7
-3
0
1
3
5
8
8
10
10
9
9
10
9
9
7
6
3
1
0
0
-1
-2
-2
-1
1
1
1
2
2
1
1
2
3
4
3
3
4
4
4
3
3
2
1
1
-1
-2
-3
-4
-2
-3
-3
-3
-3
-3
-2
-2
-3
-2
-1
-1
-2
-1
-2
-1
-1
-4
-6
-7
-8
-9
-8
-9
-9
-8
-8
-7
-7
-7
-7
-8
-7
-6
-6
-5
-6
-6
-4
-4
-6
-5
-4
-2
-2
0
3
5
5
5
5
4
3
5
7
8
11
9
9
11
12
13
11
10
11
11
12
14
15
16
14
14
12
13
11
8
7
6
7
6
7
5
3
0
-3
-3
-4
-4
-5
-5
-3
-2
-2
-1
0
-1
-2
-3
-3
-3
-1
-1
-1
-2
-4
-5
-6
-8
-7
-5
-5
-4
-2
-1
-1
-2
-1
0
-2
-3
-3
-2
-2
-1
0
1
2
-1
-1
-4
-5
-6
-6
-6
-7
-7
-6
-4
-5
-5
-4
-5
-4
-5
-7
-8
-7
-8
-8
-6
-5
-4
-4
-2
-2
-2
-1
-1
-1
-2
-2
-3
-1
-1
-1
0
0
-1
0
2
3
3
2
1
4
4
5
8
8
9
10
11
11
11
12
11
10
9
8
7
8
7
5
3
4
5
4
4
6
5
7
6
5
6
6
6
6
7
7
6
7
8
5
3
4
3
2
1
0
0
-1
0
0
1
1
-2
-3
-3
-2
-6
-8
-8
-8
-9
-10
-11
-10
-10
-10
-10
-11
-11
-11
-11
-10
-9
-11
-11
-11
-12
-11
-12
-12
-12
-12
-10
-9
-9
-8
-7
-6
-5
-4
-3
-3
0
0
0
-1
0
-1
-1
-1
-2
-3
-3
-2
-2
-2
-1
-2
-2
0
0
0
0
0
1
3
4
5
5
6
6
7
8
7
4
4
5
7
9
9
7
7
8
7
6
5
4
4
4
3
2
3
5
6
8
7
7
6
5
6
6
6
7
8
8
10
9
8
7
6
6
5
4
3
2
2
1
1
0
-1
-1
0
-1
-2
-3
-2
0
0
1
2
2
2
2
0
-1
0
-1
2
2
0
-1
-1
-3
-3
-3
-2
-2
-3
-3
-2
-3
-4
-4
-5
-5
-4
-4
-6
-6
-6
-6
-4
-4
-5
-5
-7
-6
-6
-5
-5
-5
-5
-4
-4
-4
-6
-7
-8
-7
-7
-6
-7
-7
-7
-6
-4
-4
-4
-4
-3
-3
0
0
0
1
1
3
4
4
5
6
5
6
7
9
8
7
5
4
4
4
4
5
4
5
7
7
7
7
5
5
4
4
5
4
4
5
5
4
5
3
2
3
2
2
2
3
2
3
3
2
1
2
2
2
2
2
1
2
2
3
2
0
-1
0
-1
-2
-1
0
0
-1
0
0
0
0
-1
-3
-3
-3
-3
-4
-4
-6
-7
-6
-4
-3
-3
-4
-4
-4
-5
-5
-6
-6
-6
-6
-6
-4
-4
-4
-3
-4
-5
-4
-6
-8
-8
-8
-10
-10
-11
-9
-10
-11
-9
-9
-8
-8
-7
-5
-5
-5
-4
-5
-7
-6
-6
-6
-6
-5
-4
-3
-2
2
3
3
6
6
7
10
10
10
10
12
13
14
12
14
13
12
13
11
10
9
6
5
5
2
1
1
0
1
0
2
2
5
5
6
5
5
6
6
7
5
4
4
3
3
4
5
5
3
1
2
4
4
4
3
2
4
6
8
7
7
6
6
5
3
1
-1
-2
-2
-4
-5
-5
-6
-7
-6
-5
-5
-6
-8
-8
-8
-7
-6
-5
-4
-3
-2
0
-2
-1
-2
-3
-1
-2
-4
-7
-9
-7
-6
-5
-4
-4
-4
-2
-3
-2
-2
-3
-3
-3
-3
-6
-6
-6
-5
-3
-1
-2
-1
-2
0
-1
1
2
1
0
-2
-3
-2
-2
-2
-1
1
4
4
4
5
4
5
7
8
6
5
5
5
5
5
5
6
4
4
4
4
4
4
5
5
5
3
2
2
3
4
5
6
5
4
4
4
4
4
5
3
2
1
-2
-4
-6
-5
-6
-5
-7
-6
-7
-7
-5
-4
-5
-4
-7
-8
-8
-9
-8
-8
-6
-3
-2
-1
0
-1
-2
-2
-2
0
2
1
2
3
3
3
2
1
1
-1
-1
1
0
2
4
4
5
6
7
9
7
6
5
3
1
-1
-2
-4
-4
-6
