SAMPLES:	21328
BITSPERSAMPLE:	16
CHANNELS:	1
SAMPLERATE:	16000
NORMALIZED:	FALSE
97
89
65
59
52
36
20
-39
-72
-101
-99
-95
-74
-39
-66
-73
-95
-113
-106
-140
-168
-207
-199
-187
-225
-230
-246
-230
-242
-267
-284
-343
-335
-308
-317
-328
-297
-256
-260
-239
-268
-320
-327
-312
-255
-228
-232
-192
-159
-125
-88
-115
-143
-168
-195
-213
-164
-110
-66
-1
4
8
6
-26
-44
-66
-86
-73
-58
-20
10
45
73
67
85
109
109
123
152
148
173
228
224
197
182
179
183
189
212
220
221
243
251
275
311
321
368
389
352
284
262
290
299
328
308
230
190
161
149
179
205
224
255
257
254
247
207
146
98
84
77
74
61
18
-19
-12
30
44
13
-20
-73
-107
-93
-70
-40
-35
-75
-123
-161
-178
-195
-205
-212
-222
-228
-264
-322
-332
-325
-324
-267
-228
-225
-221
-226
-245
-255
-265
-285
-291
-320
-334
-331
-332
-282
-246
-216
-192
-179
-194
-217
-221
-229
-191
-170
-174
-149
-140
-119
-89
-76
-65
-83
-89
-95
-70
-35
-24
32
44
55
66
52
88
74
41
57
75
89
107
137
163
155
156
164
205
252
262
248
237
261
274
291
273
278
306
304
321
329
333
327
306
298
289
285
286
287
279
259
292
328
313
292
264
239
199
169
123
106
98
59
43
8
-7
-11
3
15
-6
-39
-39
7
32
44
23
-1
-19
-9
-5
-54
-120
-171
-155
-143
-148
-148
-156
-174
-188
-184
-176
-168
-205
-237
-258
-260
-241
-267
-302
-334
-347
-335
-360
-385
-396
-413
-409
-408
-388
-360
-348
-317
-315
-328
-331
-322
-293
-270
-244
-204
-173
-151
-116
-97
-87
-62
-29
-2
9
20
40
73
99
105
114
117
135
131
102
102
133
161
201
236
235
228
217
224
239
247
242
233
219
223
237
242
246
246
257
272
297
316
302
289
299
315
356
385
377
369
344
335
324
339
369
352
315
250
222
217
206
189
165
128
109
94
75
60
60
49
1
-34
-80
-132
-157
-153
-164
-169
-182
-236
-292
-335
-362
-370
-373
-386
-378
-362
-349
-352
-361
-383
-418
-415
-406
-406
-394
-383
-337
-292
-299
-257
-234
-261
-290
-300
-282
-284
-243
-212
-198
-192
-182
-138
-120
-104
-78
-51
-33
-14
16
43
77
120
129
109
110
124
155
175
166
165
163
163
171
172
154
128
117
94
100
142
179
206
208
209
220
207
172
161
168
179
193
191
171
165
172
191
201
201
202
158
144
148
170
193
192
207
189
203
195
144
125
115
119
93
96
105
72
63
43
34
38
29
23
-7
-37
-84
-103
-76
-66
-29
-18
-50
-75
-91
-82
-81
-104
-113
-79
-56
-65
-61
-93
-104
-100
-120
-94
-77
-93
-94
-80
-55
-45
-59
-75
-96
-124
-149
-163
-181
-188
-176
-173
-179
-194
-199
-196
-208
-212
-184
-193
-214
-241
-293
-330
-308
-271
-258
-205
-165
-168
-178
-153
-127
-100
-57
-73
-75
-31
22
57
60
77
95
116
150
169
201
211
222
248
234
247
292
313
340
343
322
308
314
316
274
213
123
101
144
162
193
211
202
190
195
173
149
168
149
128
117
53
19
12
25
68
41
-5
5
22
45
74
80
51
2
-24
-28
-1
23
7
-20
-89
-132
-131
-170
-208
-226
-217
-187
-181
-172
-159
-151
-132
-121
-137
-174
-158
-121
-123
-140
-153
-146
-103
-98
-120
-81
-96
-126
-84
-93
-128
-120
-106
-91
-70
2
58
58
48
22
-1
-34
-63
-74
-88
-110
-122
-132
-112
-71
-68
-61
-41
-34
-25
-47
-40
1
-19
-7
14
-8
20
48
37
33
21
9
1
-9
3
48
77
68
80
121
145
152
163
159
120
96
99
84
70
106
145
154
148
144
176
204
179
131
130
126
105
102
126
141
154
180
180
172
157
138
128
120
120
112
86
100
112
95
95
107
94
55
5
-42
-53
-64
-85
-89
-71
-72
-91
-86
-80
-87
-94
-133
-177
-193
-203
-225
-247
-240
-209
-203
-201
-186
-173
-153
-192
-233
-247
-251
-189
-186
-200
-177
-147
-101
-93
-80
-55
-35
-73
-130
-143
-163
-157
-138
-120
-96
-65
-31
-41
-10
25
23
16
10
29
49
58
68
93
90
102
126
127
134
115
110
115
122
133
125
132
122
149
203
215
239
270
269
268
288
265
203
156
109
77
31
-25
-30
-13
16
43
56
47
12
7
3
-36
-65
-81
-93
-100
-94
-39
4
-5
-36
-103
-149
-154
-149
-157
-130
-81
-60
-45
1
58
41
14
18
-39
-113
-131
-121
-94
-64
-25
-23
-73
-90
-65
-42
-34
-53
-34
29
65
145
230
237
239
253
241
184
104
57
25
-38
-32
15
26
57
105
111
104
114
103
59
-13
-58
-79
-109
-125
-100
-83
-92
-88
-100
-114
-110
-103
-109
-126
-145
-135
-99
-67
-7
62
88
79
46
44
38
3
-21
-68
-117
-153
-171
-202
-243
-232
-208
-197
-161
-99
-43
-3
68
162
203
204
218
211
213
232
194
126
65
41
15
-20
-31
-9
11
32
82
115
113
65
31
63
75
40
11
-11
-3
55
97
98
103
95
73
36
-3
-7
-26
-52
-81
-112
-93
-76
-57
-15
22
41
14
-3
-4
19
32
19
8
-37
-96
-91
-61
-82
-128
-179
-196
-183
-162
-121
-95
-100
-83
-38
-29
-13
20
23
18
23
46
56
78
93
58
43
40
31
-11
-9
22
-23
-30
-16
-7
10
23
32
23
41
68
70
62
53
90
157
160
129
124
129
125
118
100
80
73
57
19
-31
-33
-19
-49
-67
-45
-31
-16
7
31
35
47
77
72
48
33
43
21
-40
-80
-92
-120
-143
-109
-100
-145
-161
-158
-153
-137
-115
-92
-98
-101
-114
-112
-100
-100
-119
-154
-154
-154
-187
-208
-219
-240
-232
-201
-198
-204
-178
-163
-152
-123
-113
-101
-98
-81
-48
-29
-18
-27
-13
18
15
37
41
3
3
-28
-34
-1
-5
9
45
61
84
108
106
146
218
301
343
339
326
312
327
340
364
362
301
264
255
211
186
213
203
188
232
235
244
292
293
280
272
242
229
225
212
209
209
195
169
152
111
89
80
55
20
-21
-50
-53
-57
-79
-60
-47
-54
-45
-10
-20
-37
-27
-54
-89
-133
-130
-147
-169
-161
-161
-142
-151
-135
-110
-145
-140
-151
-193
-204
-219
-199
-186
-195
-204
-207
-235
-271
-272
-297
-324
-301
-283
-305
-315
-315
-321
-347
-391
-401
-376
-341
-296
-275
-295
-302
-307
-332
-340
-348
-345
-270
-240
-243
-212
-236
-212
-153
-124
-100
-61
-5
43
66
87
109
122
145
183
238
257
283
319
328
358
378
397
409
379
395
410
392
437
489
530
567
608
601
583
566
549
569
564
561
564
576
586
554
514
488
435
407
367
298
262
243
253
233
227
211
132
77
43
-39
-89
-77
-105
-95
-61
-84
-117
-162
-232
-240
-235
-237
-256
-288
-288
-312
-297
-277
-297
-321
-341
-369
-361
-329
-313
-327
-354
-370
-435
-475
-496
-540
-557
-543
-546
-516
-465
-471
-453
-450
-493
-497
-475
-436
-406
-406
-415
-423
-381
-329
-293
-255
-252
-260
-252
-248
-224
-183
-161
-121
-109
-110
-71
-55
-47
-41
-35
-13
29
102
136
128
160
178
180
241
259
268
329
337
351
394
412
419
416
427
450
485
512
515
516
523
510
504
520
501
483
486
486
498
519
523
499
479
458
458
474
489
511
490
469
435
396
398
381
378
362
331
304
267
239
218
167
142
144
115
106
91
62
26
-28
-76
-106
-127
-124
-127
-170
-262
-330
-357
-347
-326
-348
-348
-419
-449
-439
-478
-505
-548
-588
-611
-601
-568
-553
-602
-639
-641
-641
-612
-590
-606
-635
-646
-628
-623
-614
-600
-609
-605
-613
-622
-601
-567
-548
-525
-496
-460
-451
-458
-435
-418
-372
-273
-211
-190
-166
-122
-93
-73
-46
-21
27
62
113
191
234
277
366
433
503
552
599
652
662
729
762
744
749
754
786
844
818
793
791
763
830
839
768
766
719
659
633
590
598
632
614
552
444
362
341
365
436
480
523
559
492
396
312
207
106
18
-68
-103
-96
-131
-123
-87
-97
-90
-94
-130
-125
-167
-276
-290
-327
-393
-373
-380
-448
-485
-458
-421
-471
-521
-535
-542
-478
-390
-290
-222
-235
-248
-245
-278
-317
-346
-375
-377
-354
-347
-369
-343
-310
-292
-237
-270
-303
-311
-344
-368
-383
-346
-332
-357
-385
-439
-475
-514
-539
-597
-708
-750
-839
-873
-843
-847
-849
-851
-833
-810
-761
-768
-748
-679
-592
-475
-393
-251
-140
-72
18
61
115
172
202
275
373
450
567
720
924
1198
1526
1775
1934
2116
2212
2184
2032
1830
1634
1467
1283
1108
986
920
925
1032
1138
1143
1203
1263
1227
1157
1125
1074
909
678
477
284
144
25
-40
-100
-245
-378
-484
-586
-598
-562
-537
-538
-568
-571
-601
-552
-484
-459
-443
-439
-464
-530
-580
-655
-783
-879
-960
-990
-1068
-1097
-1052
-1030
-900
-824
-726
-602
-517
-387
-275
-157
-43
-51
-52
-93
-245
-365
-505
-622
-711
-794
-828
-859
-894
-805
-694
-537
-345
-273
-202
-211
-256
-266
-340
-350
-426
-518
-562
-699
-743
-789
-810
-741
-694
-622
-559
-508
-402
-298
-213
-76
56
186
295
375
482
568
576
601
674
635
583
583
566
654
707
752
881
847
923
1039
1043
1103
1093
1205
1230
1176
1284
1334
1393
1349
1320
1341
1324
1340
1295
1210
1081
947
871
1027
1374
1582
1561
1478
1412
1250
848
465
182
-136
-477
-819
-970
-949
-749
-405
-109
-17
95
308
265
-88
-453
-627
-848
-1175
-1420
-1557
-1660
-1658
-1576
-1454
-1339
-1369
-1471
-1523
-1507
-1431
-1327
-1248
-1154
-1065
-886
-601
-308
-26
136
140
-22
-307
-558
-675
-746
-874
-986
-989
-920
-843
-659
-367
-64
148
242
345
414
484
570
602
576
471
336
120
-151
-381
-525
-619
-736
-836
-864
-703
-437
-210
-14
156
289
344
329
274
193
120
48
-15
-79
-26
49
132
269
305
277
198
83
-60
-172
-165
-112
-123
-36
157
294
515
735
859
1010
1046
974
915
844
858
929
939
841
807
865
751
651
728
924
1306
1778
2112
2393
2723
2875
2731
2371
1979
1635
1168
598
146
-132
-255
-209
35
263
409
666
839
715
452
237
12
-371
-816
-1093
-1228
-1418
-1560
-1650
-1730
-1856
-2102
-2307
-2500
-2592
-2595
-2583
-2465
-2290
-1913
-1404
-999
-687
-407
-221
-185
-320
-541
-712
-908
-1045
-1125
-1121
-1051
-962
-752
-557
-362
-167
0
150
272
441
578
695
830
965
1083
1099
1009
901
675
339
-31
-422
-723
-940
-971
-851
-668
-401
-95
290
617
810
969
982
867
680
459
247
4
-192
-352
-427
-434
-445
-422
-379
-328
-270
-260
-280
-269
-180
18
157
252
331
348
302
271
193
110
183
268
252
155
130
102
11
-83
-138
-152
-162
-130
-71
0
140
310
478
674
899
1325
1895
2434
2925
3322
3662
3826
3749
3418
2849
2203
1505
862
246
-332
-643
-662
-453
-220
29
398
733
878
795
656
573
350
-70
-479
-838
-1080
-1233
-1377
-1497
-1674
-1836
-1991
-2113
-2181
-2256
-2325
-2455
-2456
-2342
-2169
-1881
-1609
-1345
-1075
-831
-635
-513
-447
-441
-535
-715
-893
-1009
-1056
-1029
-983
-882
-700
-452
-187
35
201
317
442
473
420
381
343
311
233
149
142
82
-49
-95
-51
11
113
245
290
328
423
568
671
654
672
638
554
452
365
313
201
119
21
-84
-240
-407
-473
-456
-341
-183
8
221
400
562
679
682
569
429
269
105
6
-48
-90
-192
-261
-252
-213
-76
136
264
292
343
426
426
418
552
712
704
597
625
701
691
654
686
722
725
937
1451
1962
2294
2621
2950
2932
2503
2012
1550
963
299
-295
-772
-1152
-1274
-945
-418
9
425
935
1251
1189
992
863
618
134
-373
-815
-1203
-1517
-1692
-1746
-1801
-1908
-2036
-2083
-2062
-2024
-1921
-1728
-1454
-1181
-894
-515
-122
143
346
469
366
100
-257
-562
-787
-1091
-1412
-1681
-1895
-1979
-1883
-1645
-1351
-1049
-753
-436
-93
320
766
1072
1270
1337
1211
973
640
303
-55
-484
-939
-1339
-1607
-1698
-1597
-1393
-1131
-865
-585
-238
74
327
587
762
825
785
659
516
314
120
-28
-215
-382
-498
-573
-575
-519
-450
-367
-269
-140
17
174
385
576
677
775
835
862
833
778
800
760
629
511
491
456
367
283
273
323
402
571
786
1024
1226
1446
1533
1449
1378
1293
1201
1152
1159
1383
1843
2321
2753
3166
3450
3526
3329
2738
1999
1310
539
-136
-624
-934
-882
-519
57
677
1238
1775
2085
1975
1501
952
365
-417
-1302
-2060
-2579
-2888
-3008
-2928
-2624
-2312
-2122
-2003
-1944
-1929
-1904
-1860
-1831
-1820
-1734
-1546
-1343
-1143
-902
-657
-682
-934
-1297
-1605
-1854
-2103
-2187
-2236
-2189
-2040
-1872
-1590
-1182
-700
-292
-48
114
314
495
522
425
301
92
-177
-512
-829
-1002
-1178
-1321
-1379
-1431
-1338
-997
-622
-277
73
406
752
994
1046
1037
979
834
584
268
-22
-160
-117
-24
169
462
719
992
1246
1386
1532
1570
1457
1310
1101
960
872
697
573
457
343
403
454
519
758
968
1164
1373
1492
1664
1772
1795
1702
1479
1276
1006
821
666
533
545
505
527
641
739
759
810
959
1147
1598
2181
2879
3488
3964
4410
4428
3897
3126
2415
1597
605
-411
-1217
-1805
-2052
-1894
-1511
-970
-452
37
304
268
89
-155
-501
-1046
-1593
-2105
-2559
-2848
-3007
-2983
-2958
-3007
-3041
-3159
-3243
-3198
-3145
-3091
-3034
-2932
-2759
-2550
-2180
-1736
-1308
-1019
-922
-869
-953
-1105
-1323
-1578
-1792
-2026
-2202
-2195
-2025
-1582
-946
-350
185
534
826
1030
1089
1050
851
548
177
-223
-524
-684
-718
-671
-665
-539
-336
-172
146
509
823
1125
1312
1436
1578
1659
1724
1703
1524
1206
862
631
374
208
217
263
397
631
922
1241
1482
1670
1857
1921
1843
1678
1491
1301
1077
885
739
612
479
415
441
451
482
571
784
1021
1112
1156
1327
1533
1683
1800
1820
1818
1609
1292
993
659
373
141
-21
-195
-264
-117
217
862
1803
2714
3399
3797
4063
4079
3610
2886
2147
1252
273
-573
-1251
-1680
-1819
-1597
-1213
-958
-679
-397
-330
-466
-806
-1135
-1487
-2007
-2551
-3047
-3417
-3559
-3585
-3502
-3412
-3575
-3926
-4204
-4216
-4084
-4006
-3805
-3516
-3226
-2785
-2224
-1756
-1410
-1081
-791
-696
-1008
-1360
-1553
-1761
-2031
-2259
-2269
-2196
-2017
-1613
-1058
-493
3
515
1043
1428
1677
1849
1890
1846
1657
1318
839
328
38
-147
-301
-384
-438
-231
95
507
1054
1488
1828
2090
2294
2375
2262
2141
1991
1734
1509
1267
1114
1079
1140
1317
1427
1439
1438
1484
1510
1487
1386
1241
1160
1057
995
977
962
1022
1048
1029
919
787
721
676
700
774
937
1063
1136
1126
1070
1124
1188
1215
1112
1096
1056
878
694
587
633
599
393
184
129
113
265
691
1353
2124
2715
3238
3606
3642
3285
2662
1976
1063
-78
-1105
-1908
-2551
-2904
-2916
-2550
-2143
-1820
-1398
-1106
-1049
-1178
-1304
-1503
-1996
-2555
-2994
-3343
-3653
-3875
-3959
-3972
-4061
-4134
-4105
-4078
-3983
-3844
-3663
-3410
-3164
-2874
-2555
-2174
-1788
-1452
-1178
-1076
-942
-840
-780
-736
-756
-814
-919
-994
-1145
-1186
-1061
-787
-372
-16
342
608
833
1096
1251
1274
1280
1252
1070
945
969
1008
1040
1219
1501
1747
1923
2098
2356
2455
2408
2347
2261
2152
1950
1751
1644
1528
1388
1315
1323
1412
1651
1958
2308
2587
2685
2691
2623
2443
2095
1752
1401
957
454
55
-134
-220
-210
-167
-115
-91
17
193
279
369
500
647
787
993
1093
1175
1367
1328
1171
822
360
-66
-521
-873
-1139
-1154
-1024
-928
-775
-486
-19
805
2021
3286
4283
4806
4740
4066
3178
2316
1313
201
-868
-1653
-2289
-2772
-2883
-2616
-2063
-1524
-1107
-958
-1119
-1267
-1334
-1564
-1950
-2359
-2736
-3230
-3778
-4117
-4254
-4392
-4604
-4809
-4965
-4995
-4719
-4218
-3652
-3060
-2516
-2014
-1695
-1411
-992
-646
-557
-570
-643
-781
-907
-1097
-1284
-1394
-1443
-1448
-1440
-1414
-1214
-808
-345
102
559
1038
1395
1680
2086
2320
2298
2153
1797
1284
759
428
274
122
51
249
602
981
1469
2064
2633
2944
3035
3166
3227
3160
3110
2953
2712
2517
2355
2197
2043
1945
1974
2061
2018
1977
1918
1761
1674
1647
1582
1538
1464
1272
1083
968
904
811
661
446
205
63
-30
-70
-33
-56
25
133
190
186
250
309
257
142
5
-161
-423
-644
-886
-900
-859
-767
-730
-736
-634
-332
378
1350
2432
3255
3558
3446
3095
2373
1445
393
-680
-1759
-2850
-3632
-3993
-3907
-3370
-2564
-1743
-1163
-841
-653
-710
-971
-1338
-1791
-2430
-3219
-3812
-4083
-4169
-4166
-4151
-4143
-4211
-4324
-4245
-3939
-3452
-2918
-2472
-1986
-1523
-1084
-595
-165
99
168
17
-283
-659
-991
-1161
-1225
-1221
-1164
-1032
-894
-705
-449
-84
322
748
1227
1687
2189
2608
2946
3223
3348
3227
2901
2381
1761
1253
842
537
285
167
301
645
1134
1656
2206
2638
2850
2925
2936
2932
2844
2730
2520
2196
1858
1631
1525
1407
1342
1308
1367
1347
1246
1164
1132
1179
1172
1176
1123
919
629
394
189
15
-63
-104
-15
69
183
414
649
880
915
845
668
344
3
-289
-485
-685
-886
-1036
-1126
-1201
-1199
-1026
-877
-761
-626
-523
-435
-226
347
1298
2419
3214
3570
3548
3226
2668
1871
869
-386
-1633
-2833
-3858
-4497
-4619
-4160
-3386
-2520
-1820
-1270
-854
-776
-908
-1213
-1718
-2309
-3021
-3759
-4375
-4700
-4687
-4558
-4392
-4147
-3923
-3737
-3508
-3196
-2795
-2470
-2178
-1853
-1490
-1036
-503
21
453
818
976
868
604
238
-99
-409
-759
-1036
-1136
-978
-648
-264
231
836
1537
2187
2693
3218
3809
4301
4533
4437
4060
3609
3025
2321
1671
1075
594
226
2
-6
212
695
1326
1820
2104
2370
2668
2886
2934
2816
2627
2316
1964
1645
1294
962
820
816
790
719
639
681
698
740
946
1046
983
823
610
450
203
63
26
-126
-271
-370
-399
-394
-455
-451
-312
-166
-88
-156
-272
-356
-426
-375
-387
-541
-620
-679
-711
-762
-804
-787
-812
-896
-890
-796
-685
-555
-193
590
1579
2364
2771
2902
2829
2526
1826
794
-496
-1725
-2636
-3353
-3931
-4124
-3821
-3215
-2526
-2007
-1589
-1381
-1527
-1844
-2230
-2696
-3261
-3874
-4288
-4489
-4477
-4141
-3701
-3185
-2705
-2304
-1879
-1630
-1468
-1267
-1115
-984
-874
-662
-259
167
595
1015
1335
1471
1392
1269
1025
615
237
-19
-130
-143
7
356
853
1401
2033
2694
3244
3686
4103
4358
4377
4236
4000
3610
3009
2370
1716
1104
531
53
-221
-330
-195
200
644
979
1292
1612
1892
2136
2286
2233
1920
1534
1196
927
762
656
513
332
220
111
-53
-263
-442
-648
-893
-974
-988
-990
-986
-979
-930
-783
-542
-433
-356
-370
-521
-568
-551
-517
-485
-443
-342
-276
-306
-336
-371
-474
-663
-869
-1014
-1214
-1320
-1238
-1047
-764
-438
-25
327
688
1053
1362
1546
1740
2287
3090
3777
4027
3958
3627
2983
1978
747
-485
-1562
-2401
-3036
-3526
-3714
-3407
-2742
-1992
-1427
-1060
-814
-898
-1355
-1955
-2478
-2894
-3357
-3693
-3894
-3898
-3524
-2996
-2460
-2003
-1738
-1627
-1721
-2003
-2237
-2245
-2057
-1876
-1606
-1110
-380
409
995
1380
1504
1324
957
460
-54
-362
-475
-463
-334
-14
602
1333
2010
2591
3046
3370
3421
3185
2884
2611
2395
2143
1787
1453
1204
1019
889
798
785
789
743
618
523
632
875
1145
1394
1569
1762
1899
1790
1542
1275
1122
988
827
730
768
899
930
847
664
433
190
-41
-323
-586
-706
-799
-876
-805
-629
-458
-337
-335
-397
-474
-566
-620
-574
-486
-350
-67
291
576
771
848
608
140
-300
-648
-970
-1308
-1528
-1543
-1376
-1085
-679
-178
291
668
1022
1223
1208
1270
1629
2283
3010
3540
3733
3602
3187
2480
1517
371
-927
-2115
-3023
-3785
-4283
-4268
-3694
-2825
-2057
-1519
-1157
-1070
-1345
-1882
-2480
-3012
-3563
-4108
-4330
-4109
-3552
-2808
-2088
-1472
-1079
-986
-1069
-1296
-1640
-1964
-2178
-2309
-2228
-1749
-982
-206
452
984
1322
1386
1154
689
217
-150
-509
-774
-724
-262
486
1294
2037
2631
2961
3084
3007
2757
2468
2148
1785
1439
1255
1353
1718
2123
2334
2312
2128
1898
1562
1131
823
605
413
288
278
506
915
1384
1733
1888
1965
1928
1824
1765
1669
1536
1460
1346
1146
967
809
617
376
44
-316
-682
-1020
-1260
-1480
-1576
-1500
-1397
-1308
-1165
-1040
-904
-684
-478
-193
185
551
764
737
608
356
-117
-662
-1076
-1399
-1731
-1931
-1939
-1776
-1419
-875
-274
279
826
1330
1720
1876
1810
1877
2307
2990
3602
3783
3573
3021
2158
1138
-9
-1229
-2339
-3223
-3945
-4486
-4620
-4129
-3059
-1909
-1114
-692
-587
-749
-1140
-1695
-2307
-2968
-3660
-4151
-4213
-3784
-3057
-2221
-1453
-984
-780
-769
-891
-1088
-1433
-1887
-2326
-2555
-2348
-1779
-986
-192
473
968
1106
972
632
229
-225
-747
-1177
-1393
-1224
-683
153
1118
2028
2718
3136
3327
3234
2903
2461
1970
1475
1172
1104
1247
1612
2020
2338
2485
2527
2505
2435
2263
1954
1658
1438
1394
1500
1723
2012
2321
2531
2573
2550
2404
2244
2104
1942
1683
1419
1357
1317
1133
839
415
-35
-447
-859
-1172
-1345
-1367
-1335
-1286
-1217
-1088
-839
-507
-353
-587
-872
-959
-933
-971
-971
-906
-891
-863
-833
-783
-784
-946
-1143
-1418
-1758
-1995
-2057
-1897
-1623
-1202
-643
4
613
1184
1721
1987
2030
2241
2678
2758
2243
1644
1170
577
-244
-1091
-1838
-2503
-3033
-3371
-3638
-3827
-3579
-2966
-2351
-1909
-1495
-1031
-860
-1051
-1296
-1500
-1780
-2194
-2644
-2888
-2838
-2413
-1752
-1159
-661
-379
-161
2
-150
-427
-743
-1026
-1266
-1446
-1289
-874
-347
226
647
1034
1225
1081
782
390
21
-338
-596
-553
-208
392
1162
1838
2437
2903
3105
3204
3078
2780
2523
2272
2008
1722
1698
1941
2067
2059
1969
1783
1591
1438
1292
1109
993
1201
1400
1459
1701
2082
2469
2604
2483
2313
2137
1963
1750
1545
1379
1251
1156
1074
835
402
-91
-648
-1255
-1809
-2158
-2334
-2440
-2500
-2400
-2091
-1637
-1233
-1002
-880
-866
-922
-1061
-1281
-1360
-1195
-1011
-977
-976
-826
-709
-731
-758
-825
-1059
-1303
-1414
-1617
-1950
-1951
-1438
-925
-483
177
1010
1514
1691
2186
2912
3364
3214
2723
2278
1670
915
185
-618
-1428
-2087
-2465
-2815
-3324
-3382
-2824
-2206
-1919
-1750
-1377
-1098
-1142
-1216
-1101
-881
-903
-1182
-1345
-1341
-1101
-704
-404
-316
-409
-460
-514
-793
-1075
-1219
-1382
-1607
-1752
-1578
-1117
-579
-62
397
787
1143
1214
999
754
541
412
327
262
286
524
1039
1570
1865
2087
2189
2103
1898
1664
1546
1364
1142
1035
1042
1262
1632
2039
2299
2206
2062
1923
1677
1480
1331
1221
991
723
673
784
1024
1254
1400
1499
1500
1567
1672
1754
1866
1892
1888
1762
1470
1140
674
70
-489
-1042
-1549
-1963
-2285
-2429
-2475
-2371
-2163
-2101
-2094
-1978
-1860
-1756
-1800
-1906
-1920
-1825
-1500
-1012
-568
-242
-8
66
4
-126
-144
-135
-353
-691
-1088
-1435
-1525
-1297
-807
-261
184
505
719
961
1521
2389
3092
3137
2730
2257
1798
1260
545
-306
-1215
-2018
-2671
-3238
-3551
-3346
-2714
-2028
-1552
-1138
-678
-400
-328
-303
-197
-129
-366
-750
-938
-858
-508
-129
64
164
63
-143
-379
-736
-996
-1202
-1463
-1675
-1700
-1364
-780
-201
276
652
889
988
910
753
642
572
449
227
74
167
502
868
1109
1198
1120
926
799
813
884
965
1083
1102
1038
1144
1432
1651
1629
1446
1219
860
443
154
23
108
295
457
629
818
1083
1339
1471
1498
1422
1364
1313
1273
1313
1379
1455
1523
1459
1231
885
501
54
-531
-1081
-1511
-1765
-1781
-1689
-1555
-1357
-1123
-921
-788
-691
-629
-668
-795
-866
-823
-752
-578
-252
101
365
443
438
343
154
18
-168
-444
-752
-978
-1010
-950
-736
-336
65
302
372
393
418
690
1321
1999
2307
2214
1970
1699
1273
671
-21
-867
-1741
-2529
-3128
-3422
-3392
-2909
-2237
-1729
-1270
-824
-471
-396
-513
-615
-843
-1267
-1695
-1896
-1842
-1571
-1153
-816
-664
-663
-727
-838
-1071
-1330
-1580
-1840
-2038
-1953
-1565
-1027
-494
-85
286
585
799
885
831
738
655
524
388
420
626
925
1210
1350
1407
1386
1287
1263
1286
1404
1537
1524
1425
1522
1801
2177
2404
2308
2054
1560
1099
816
606
494
429
532
765
1008
1388
1778
2063
2202
2181
2105
1991
1851
1716
1566
1411
1278
1132
954
691
372
-25
-456
-831
-1202
-1449
-1561
-1534
-1388
-1213
-1038
-912
-763
-680
-785
-989
-1228
-1408
-1539
-1552
-1332
-1047
-661
-183
274
570
618
635
564
217
-227
-640
-1033
-1416
-1684
-1707
-1574
-1331
-1005
-639
-255
-82
2
67
111
404
806
1085
1159
1132
1032
809
475
22
-644
-1384
-1994
-2482
-2859
-3004
-2705
-2078
-1471
-953
-461
-157
-155
-319
-492
-681
-975
-1285
-1443
-1427
-1236
-850
-445
-141
-40
-134
-311
-697
-1157
-1494
-1754
-1838
-1724
-1401
-828
-196
383
900
1331
1619
1680
1539
1241
908
705
541
497
618
789
1035
1197
1346
1482
1450
1380
1304
1243
1145
1086
1243
1484
1773
2093
2282
2230
2050
1887
1754
1523
1143
906
850
871
956
1114
1383
1655
1880
1992
1902
1769
1665
1407
1087
814
540
356
284
162
6
-80
-143
-297
-558
-857
-1058
-1102
-1144
-1108
-940
-813
-815
-927
-1058
-1300
-1587
-1826
-2045
-2098
-2024
-1798
-1457
-1008
-461
78
543
699
607
457
221
-54
-481
-987
-1390
-1662
-1769
-1682
-1405
-1051
-673
-383
-287
-273
-407
-592
-545
-236
205
423
606
960
1056
861
655
320
-270
-901
-1361
-1754
-2096
-2165
-1899
-1527
-1294
-1053
-749
-631
-732
-784
-751
-794
-929
-947
-698
-380
-73
225
477
565
395
12
-528
-1145
-1734
-2104
-2287
-2239
-1971
-1541
-893
-209
508
1163
1511
1607
1564
1487
1329
1201
1196
1241
1435
1630
1640
1632
1656
1705
1640
1393
1268
1140
935
906
1069
1422
1830
2221
2532
2725
2907
2874
2648
2324
1945
1674
1463
1302
1222
1178
1229
1371
1424
1378
1269
1189
1078
734
354
138
43
-82
-246
-350
-491
-654
-767
-855
-909
-924
-867
-805
-871
-971
-1032
-1230
-1572
-2028
-2447
-2751
-3092
-3238
-3143
-2865
-2380
-1768
-1104
-484
42
387
429
266
28
-301
-644
-1082
-1541
-1887
-2049
-2004
-1864
-1639
-1270
-912
-637
-429
-304
-166
-159
-122
141
657
1279
1721
2060
2256
2142
1769
1174
497
-134
-637
-969
-1325
-1514
-1267
-781
-307
5
283
581
511
220
-31
-292
-481
-648
-663
-518
-286
157
545
712
614
226
-249
-848
-1489
-1973
-2254
-2270
-2073
-1582
-767
22
715
1290
1622
1712
1490
1210
889
516
447
471
546
725
913
1165
1225
1124
1042
848
574
273
18
-9
192
546
1023
1501
1925
2336
2473
2459
2398
2135
1792
1393
980
654
532
615
774
847
842
926
970
963
880
625
399
211
123
93
128
171
166
113
-51
-238
-473
-645
-851
-1109
-1240
-1386
-1473
-1544
-1696
-1726
-1812
-1939
-2105
-2251
-2150
-1917
-1550
-1059
-519
-33
386
668
799
725
418
95
-208
-567
-1226
-1892
-2216
-2356
-2331
-2181
-1870
-1522
-1253
-710
-100
289
441
466
853
1438
1899
2087
2194
2290
1984
1426
979
400
-279
-740
-1038
-1382
-1743
-1594
-954
-438
-144
124
360
353
131
-49
-188
-359
-675
-897
-821
-633
-308
26
184
101
-273
-679
-1078
-1587
-1996
-2212
-2309
-2288
-1871
-995
-91
633
1237
1699
1902
1883
1692
1353
880
516
414
354
440
726
971
1040
971
939
877
766
712
644
630
755
991
1289
1714
2182
2478
2537
2535
2476
2218
1856
1368
803
427
299
379
581
832
1131
1333
1312
1175
1045
849
715
607
382
215
129
95
59
-85
-245
-450
-693
-907
-1113
-1309
-1498
-1643
-1781
-1935
-2009
-2052
-2092
-2060
-2076
-2152
-2111
-1956
-1675
-1313
-829
-301
30
261
472
523
337
-7
-517
-1139
-1736
-2186
-2417
-2482
-2396
-2178
-1817
-1315
-707
-60
511
948
1062
1080
1305
1673
2004
2056
2049
1956
1563
1039
615
188
-329
-722
-996
-1227
-1364
-1111
-475
24
362
672
863
834
579
359
120
-375
-982
-1425
-1606
-1573
-1337
-968
-654
-454
-407
-476
-552
-771
-1087
-1375
-1608
-1682
-1534
-1011
-317
200
680
1150
1493
1678
1635
1482
1190
861
634
396
309
391
494
660
840
986
1105
1143
1143
1091
1029
1003
1072
1251
1485
1747
1958
2043
2039
1995
1908
1766
1435
1062
879
795
755
810
993
1222
1241
1076
916
785
668
572
519
443
329
325
424
498
524
417
195
-171
-684
-1063
-1302
-1548
-1799
-2018
-2167
-2227
-2220
-2080
-1922
-1931
-2040
-2174
-2229
-2125
-1889
-1446
-875
-355
38
244
392
394
141
-298
-880
-1526
-2249
-2890
-3205
-3293
-3177
-2765
-2122
-1341
-513
272
926
1299
1443
1724
2104
2210
2028
1937
1871
1515
1024
718
461
46
-376
-727
-1040
-1289
-1167
-666
-260
-44
218
527
689
648
635
527
78
-532
-1015
-1234
-1294
-1154
-821
-490
-287
-187
-118
-26
-75
-265
-408
-684
-952
-930
-629
-97
319
658
1160
1579
1792
1824
1773
1646
1356
1018
786
622
603
805
1151
1383
1489
1634
1700
1680
1618
1505
1266
1016
825
795
882
983
1157
1252
1343
1446
1403
1242
1060
926
794
667
661
706
774
840
832
609
306
208
162
33
-63
-141
-263
-314
-316
-271
-225
-391
-800
-1258
-1621
-1833
-1958
-2057
-2158
-2333
-2485
-2539
-2518
-2427
-2324
-2352
-2532
-2702
-2722
-2541
-2161
-1602
-980
-537
-167
195
370
410
257
-113
-784
-1601
-2225
-2566
-2648
-2609
-2252
-1691
-1150
-448
434
1168
1588
1883
2340
2780
2805
2663
2674
2589
2125
1578
1194
796
334
15
-179
-454
-690
-465
112
496
626
798
1053
1018
780
698
542
7
-712
-1239
-1515
-1537
-1258
-803
-359
-28
123
226
343
356
249
6
-311
-681
-856
-671
-270
203
679
1198
1597
1807
1866
1869
1753
1398
942
535
227
82
187
387
603
886
1179
1403
1434
1326
1193
922
556
208
-40
-88
-60
-11
76
186
311
459
635
671
669
733
811
794
678
685
696
567
274
31
-17
-121
-241
-292
-321
-336
-363
-298
-238
-343
-497
-650
-873
-1134
-1305
-1392
-1431
-1556
-1687
-1740
-1850
-2026
-2267
-2385
-2477
-2675
-2760
-2698
-2541
-2280
-1791
-1184
-724
-280
139
329
317
197
55
-278
-731
-1089
-1422
-1629
-1581
-1297
-937
-559
-73
387
715
1021
1416
1851
2256
2512
2558
2560
2532
2407
2093
1711
1388
1068
788
577
483
490
667
947
1140
1196
1227
1127
734
257
-139
-452
-856
-1273
-1432
-1343
-1063
-640
-138
357
705
876
907
782
547
170
-360
-855
-1223
-1363
-1175
-824
-462
-105
351
812
1065
1184
1238
1102
828
572
361
184
147
290
477
620
691
790
773
605
419
163
-140
-475
-754
-850
-824
-763
-684
-503
-157
148
357
566
784
1014
1148
1239
1228
1061
919
749
487
157
-128
-258
-406
-602
-697
-663
-603
-596
-620
-603
-648
-759
-854
-929
-959
-1033
-999
-923
-921
-954
-987
-1130
-1415
-1698
-1984
-2208
-2391
-2528
-2514
-2357
-2037
-1535
-1000
-544
-102
300
561
673
693
689
532
234
-6
-195
-264
-159
65
337
580
815
1104
1338
1402
1341
1277
1394
1521
1605
1753
1918
2074
2093
2072
2043
1873
1709
1592
1379
1032
734
617
559
366
13
-335
-636
-984
-1317
-1489
-1546
-1526
-1447
-1192
-735
-230
352
890
1157
1171
988
630
112
-558
-1199
-1687
-2009
-2054
-1851
-1480
-1064
-673
-212
234
466
594
622
549
440
307
337
492
707
855
885
847
741
656
490
114
-360
-739
-1097
-1473
-1650
-1520
-1194
-861
-446
-37
339
710
997
1211
1345
1448
1506
1515
1393
1277
1112
896
649
289
22
-175
-324
-411
-402
-245
-23
122
182
228
239
183
74
-23
-135
-254
-293
-327
-378
-398
-450
-572
-876
-1343
-1749
-2152
-2585
-2966
-3112
-2962
-2666
-2160
-1455
-716
-65
500
892
1078
1069
932
703
318
-153
-557
-805
-895
-764
-461
-51
390
751
983
1034
958
783
582
573
777
1181
1622
2092
2576
2931
3100
3045
2867
2434
1879
1269
600
-56
-622
-950
-1171
-1491
-1693
-1651
-1546
-1447
-1301
-1024
-758
-421
70
648
1167
1557
1789
1727
1389
852
177
-689
-1641
-2416
-2895
-3076
-3022
-2710
-2115
-1478
-866
-240
307
650
801
867
823
787
863
1024
1249
1438
1566
1570
1415
1146
719
173
-520
-1343
-2044
-2488
-2609
-2399
-1940
-1229
-349
537
1310
1960
2399
2551
2473
2234
1953
1579
1149
787
480
202
-116
-371
-546
-749
-927
-1029
-1056
-1032
-912
-633
-247
97
336
567
815
915
941
950
807
487
89
-262
-646
-1053
-1447
-1858
-2256
-2574
-2788
-2902
-2817
-2561
-2152
-1606
-1024
-409
127
601
1051
1318
1415
1448
1350
1111
757
328
-6
-224
-279
-247
-175
-73
63
228
341
412
422
369
214
212
593
1200
1806
2349
2909
3341
3498
3386
3057
2528
1828
1012
46
-941
-1727
-2176
-2405
-2608
-2619
-2244
-1771
-1423
-1083
-586
15
508
927
1274
1462
1501
1476
1326
990
459
-250
-1094
-1977
-2623
-3002
-3164
-3112
-2882
-2355
-1666
-1021
-364
333
985
1380
1489
1470
1463
1475
1510
1540
1415
1179
843
434
-84
-691
-1200
-1720
-2280
-2664
-2694
-2364
-1755
-936
-33
840
1666
2378
2887
3141
3080
2837
2439
1876
1272
750
335
-9
-323
-572
-694
-779
-815
-750
-660
-538
-351
-86
169
336
540
717
805
828
860
806
563
277
-62
-458
-848
-1197
-1567
-1995
-2397
-2713
-2945
-3053
-2961
-2664
-2251
-1775
-1205
-527
104
633
1067
1353
1521
1486
1348
1097
762
423
23
-222
-330
-438
-512
-489
-287
6
291
618
766
690
494
297
215
343
872
1716
2509
3092
3586
3938
3990
3655
3068
2180
1023
-183
-1276
-2163
-2794
-3052
-2930
-2490
-1821
-1033
-266
338
712
1000
1257
1331
1275
1191
1128
1027
740
444
130
-381
-1058
-1795
-2458
-3011
-3354
-3407
-3176
-2743
-2129
-1354
-505
296
974
1439
1628
1635
1570
1529
1398
1202
876
526
244
-225
-707
-1105
-1525
-1972
-2491
-2751
-2621
-2322
-1784
-1018
-211
580
1392
2136
2689
2965
3011
2811
2348
1792
1256
753
216
-313
-724
-1052
-1295
-1371
-1353
-1210
-951
-658
-352
-125
166
534
851
1080
1200
1253
1203
986
658
299
-73
-460
-860
-1225
-1580
-1913
-2145
-2322
-2394
-2352
-2167
-1796
-1372
-913
-413
122
637
1118
1545
1950
2289
2402
2249
1935
1483
986
520
53
-278
-505
-619
-657
-580
-302
78
493
782
818
723
579
440
329
329
772
1531
2304
2889
3216
3407
3240
2599
1707
627
-565
-1743
-2758
-3493
-3791
-3534
-2743
-1679
-685
280
1062
1471
1520
1432
1364
1147
807
476
258
59
-176
-351
-630
-1105
-1662
-2271
-2863
-3357
-3616
-3495
-3174
-2722
-2014
-1135
-224
558
1163
1704
2020
1983
1790
1577
1252
778
225
-320
-824
-1322
-1676
-1932
-2269
-2542
-2538
-2347
-2097
-1642
-907
-38
801
1674
2546
3203
3547
3679
3602
3170
2601
2038
1402
682
-24
-514
-851
-1091
-1101
-953
-736
-497
-265
15
344
758
1151
1404
1604
1707
1648
1519
1247
809
286
-291
-931
-1524
-1948
-2235
-2428
-2564
-2609
-2543
-2363
-2027
-1565
-1067
-585
-110
349
813
1319
1811
2239
2438
2403
2194
1737
1179
592
9
-516
-1054
-1472
-1672
-1611
-1273
-837
-395
13
275
388
444
503
525
488
518
638
780
1059
1534
2023
2386
2471
2215
1648
896
50
-808
-1499
-1919
-2005
-1788
-1320
-720
-42
615
1104
1361
1400
1265
943
557
237
-26
-201
-334
-453
-531
-625
-775
-1105
-1529
-1982
-2481
-2872
-3052
-2999
-2683
-2138
-1448
-683
85
831
1421
1798
1955
1902
1638
1179
623
61
-435
-837
-1201
-1570
-1912
-2174
-2375
-2509
-2434
-2144
-1696
-1158
-478
281
1037
1882
2633
3222
3653
3871
3901
3615
3128
2449
1596
818
66
-551
-1021
-1320
-1384
-1255
-914
-431
85
542
954
1265
1503
1679
1731
1625
1398
1070
642
193
-292
-793
-1259
-1648
-1975
-2284
-2459
-2525
-2470
-2282
-2057
-1795
-1456
-996
-513
-12
519
1023
1480
1858
2105
2159
2069
1776
1306
800
294
-235
-781
-1275
-1597
-1692
-1609
-1437
-1259
-1021
-753
-546
-406
-276
-104
48
178
345
488
654
850
1090
1412
1707
1928
1915
1664
1200
638
159
-167
-366
-336
-20
287
493
685
963
1206
1222
1108
970
634
195
-157
-389
-438
-456
-465
-487
-593
-674
-815
-1104
-1465
-1800
-2090
-2290
-2202
-1877
-1501
-962
-239
434
934
1256
1366
1268
1011
652
226
-284
-809
-1246
-1601
-1894
-2088
-2153
-2196
-2187
-2096
-1945
-1656
-1246
-729
-116
513
1209
1963
2669
3362
3853
3962
3718
3264
2688
1916
988
35
-792
-1387
-1665
-1669
-1415
-933
-333
315
781
1092
1398
1635
1709
1562
1324
1045
669
276
-84
-368
-623
-913
-1192
-1468
-1672
-1754
-1831
-1884
-1837
-1735
-1606
-1451
-1204
-825
-425
-16
396
750
1110
1398
1520
1441
1236
1028
713
213
-374
-824
-1185
-1571
-1787
-1797
-1673
-1431
-1127
-809
-507
-172
259
604
782
941
1079
1122
1122
1221
1399
1667
1993
2244
2281
2094
1828
1457
1033
685
539
498
525
736
978
1176
1349
1508
1563
1341
945
469
-175
-860
-1365
-1577
-1634
-1648
-1512
-1331
-1189
-1113
-1144
-1266
-1535
-1825
-2040
-2137
-1995
-1651
-1112
-499
41
505
837
982
932
642
179
-363
-967
-1562
-2099
-2474
-2677
-2768
-2721
-2632
-2540
-2372
-2143
-1840
-1395
-790
-93
628
1427
2276
3030
3665
4134
4351
4208
3682
2889
1864
687
-400
-1246
-1851
-2182
-2116
-1721
-1170
-479
241
930
1511
1875
2109
2241
2249
2070
1777
1500
1162
739
371
80
-244
-611
-912
-1143
-1407
-1621
-1657
-1603
-1537
-1399
-1165
-900
-630
-291
112
485
867
1226
1494
1605
1638
1592
1319
833
188
-490
-1171
-1807
-2280
-2552
-2646
-2573
-2349
-2039
-1684
-1251
-705
-136
357
772
1129
1395
1518
1581
1683
1762
1821
1962
2105
2114
1903
1681
1507
1253
1034
890
789
704
789
1037
1254
1437
1611
1697
1573
1228
766
242
-318
-831
-1234
-1507
-1679
-1693
-1619
-1539
-1524
-1601
-1716
-1875
-2044
-2154
-2134
-2006
-1719
-1251
-685
-100
384
746
940
871
576
138
-418
-1037
-1643
-2209
-2683
-2970
-3078
-3115
-3106
-2996
-2772
-2533
-2191
-1621
-922
-147
717
1670
2593
3332
3897
4259
4265
3917
3324
2487
1509
529
-361
-1083
-1633
-1932
-1974
-1760
-1302
-747
-150
497
1130
1696
2199
2638
2965
3089
2992
2748
2383
1930
1428
869
253
-372
-920
-1348
-1629
-1716
-1641
-1468
-1207
-942
-684
-410
-171
115
415
679
928
1131
1318
1491
1614
1587
1387
1067
625
71
-518
-1158
-1799
-2363
-2812
-3067
-3146
-3059
-2796
-2395
-1820
-1089
-315
470
1196
1795
2144
2345
2483
2467
2424
2425
2389
2224
1852
1461
1089
685
399
105
-208
-391
-373
-146
177
558
949
1177
1172
971
616
200
-284
-824
-1368
-1881
-2194
-2296
-2279
-2155
-2053
-2054
-2093
-2157
-2187
-2160
-2071
-1908
-1729
-1407
-910
-330
272
772
1090
1153
963
596
37
-618
-1282
-1922
-2435
-2772
-2889
-2831
-2655
-2414
-2146
-1845
-1459
-960
-371
299
1005
1727
2491
3237
3898
4314
4429
4262
3747
2975
2098
1233
379
-403
-1014
-1395
-1471
-1310
-964
-502
14
603
1221
1805
2309
2754
3142
3408
3500
3445
3317
3052
2569
1940
1185
341
-527
-1325
-1966
-2373
-2501
-2395
-2139
-1780
-1333
-909
-568
-303
-59
152
230
228
255
266
253
286
366
467
424
169
-318
-1040
-1787
-2446
-3063
-3627
-4027
-4200
-4151
-3858
-3260
-2345
-1221
-76
924
1677
2238
2656
2898
3041
3157
3178
2959
2501
1953
1419
885
353
-123
-551
-890
-973
-816
-458
92
739
1322
1628
1707
1624
1337
844
192
-507
-1146
-1677
-2104
-2295
-2188
-1928
-1622
-1385
-1178
-986
-883
-773
-667
-565
-447
-247
69
401
828
1317
1573
1504
1310
1002
474
-211
-902
-1558
-2167
-2600
-2760
-2757
-2575
-2260
-1942
-1561
-1128
-600
-48
451
1012
1577
2097
2560
2885
3015
2916
2636
2149
1513
863
232
-365
-878
-1220
-1401
-1391
-1255
-1031
-701
-331
81
537
1068
1693
2330
2871
3231
3431
3484
3338
3018
2518
1821
984
128
-700
-1417
-1888
-2092
-2125
-2113
-2035
-1838
-1596
-1314
-1065
-920
-834
-810
-724
-525
-194
156
336
407
502
583
561
332
-77
-611
-1295
-1976
-2570
-3036
-3340
-3431
-3322
-3075
-2594
-1743
-698
297
1256
2148
2797
3145
3432
3795
4012
3851
3353
2656
1918
1235
612
0
-580
-957
-1046
-951
-734
-297
320
919
1307
1446
1454
1365
1068
557
-42
-654
-1350
-1990
-2365
-2519
-2505
-2326
-2025
-1742
-1490
-1178
-834
-588
-432
-257
-23
240
529
915
1325
1531
1534
1468
1310
960
444
-182
-881
-1594
-2321
-2883
-3131
-3161
-3043
-2773
-2335
-1717
-945
-103
681
1380
1974
2423
2749
2901
2900
2804
2594
2201
1630
1018
443
-117
-668
-1125
-1436
-1665
-1818
-1774
-1556
-1239
-789
-202
481
1265
2088
2799
3272
3547
3681
3599
3309
2869
2300
1609
811
18
-650
-1211
-1637
-1894
-2012
-2085
-2187
-2246
-2244
-2185
-2031
-1804
-1553
-1307
-1016
-571
-32
432
817
1116
1218
1081
765
366
-36
-516
-1106
-1751
-2331
-2724
-2941
-2985
-2873
-2669
-2265
-1607
-836
18
865
1650
2404
3128
3829
4350
4532
4298
3723
2980
2142
1255
441
-239
-779
-1144
-1260
-1086
-641
-60
584
1151
1472
1655
1698
1537
1152
601
-13
-675
-1355
-1914
-2245
-2406
-2492
-2482
-2376
-2163
-1838
-1487
-1148
-905
-727
-515
-216
183
611
1052
1430
1635
1665
1560
1296
827
177
-547
-1342
-2220
-2979
-3472
-3689
-3665
-3435
-2985
-2360
-1609
-754
117
885
1558
2144
2568
2766
2795
2748
2544
2184
1785
1375
900
347
-188
-663
-1069
-1440
-1720
-1814
-1747
-1443
-921
-359
253
954
1729
2469
3058
3529
3799
3814
3589
3182
2707
2116
1466
865
234
-342
-763
-1077
-1318
-1514
-1654
-1797
-1978
-2103
-2121
-2004
-1776
-1529
-1182
-716
-189
369
952
1535
1947
2063
1851
1421
921
371
-208
-816
-1457
-2040
-2548
-2887
-2954
-2847
-2562
-2094
-1526
-907
-169
709
1686
2713
3711
4467
4727
4568
4082
3304
2321
1189
39
-1030
-1875
-2387
-2609
-2464
-1925
-1101
-257
431
1010
1369
1441
1305
1005
550
-63
-787
-1478
-2059
-2387
-2503
-2637
-2732
-2751
-2716
-2618
-2410
-2107
-1808
-1516
-1183
-820
-397
206
937
1521
1857
2019
2001
1699
1156
514
-224
-1007
-1773
-2464
-2991
-3271
-3315
-3127
-2679
-2072
-1379
-652
103
895
1627
2273
2821
3231
3464
3531
3513
3341
2980
2465
1859
1244
641
65
-416
-763
-1000
-1104
-1037
-834
-510
-64
408
854
1272
1727
2209
2661
3022
3249
3315
3186
2919
2570
2112
1517
848
110
-660
-1301
-1726
-1986
-2209
-2406
-2495
-2499
-2456
-2333
-2063
-1740
-1462
-1122
-708
-290
147
610
1039
1295
1313
1165
856
398
-170
-805
-1462
-2017
-2492
-2844
-2975
-2887
-2572
-2069
-1369
-627
62
795
1584
2452
3205
3702
3871
3765
3502
2911
2051
1167
331
-557
-1333
-1804
-2048
-2042
-1709
-1136
-619
-245
221
691
888
788
715
635
248
-257
-685
-1015
-1342
-1640
-1896
-2121
-2284
-2382
-2403
-2388
-2307
-2131
-1860
-1496
-1035
-436
279
952
1485
1914
2241
2366
2196
1743
1159
479
-322
-1104
-1792
-2350
-2712
-2895
-2886
-2648
-2236
-1728
-1186
-537
228
978
1664
2286
2805
3222
3527
3665
3620
3394
3005
2439
1721
1024
352
-335
-869
-1184
-1306
-1267
-998
-597
-180
217
615
1015
1328
1664
2025
2398
2740
2973
3116
3155
3048
2729
2197
1482
592
-355
-1293
-2124
-2756
-3160
-3361
-3385
-3169
-2842
-2443
-1908
-1300
-808
-453
-156
77
223
344
512
646
665
572
414
167
-127
-529
-1067
-1616
-2147
-2630
-2864
-2758
-2454
-1959
-1239
-418
329
1043
1816
2577
3126
3376
3274
2885
2384
1808
1247
672
140
-305
-678
-890
-986
-947
-766
-498
-271
-249
-239
-158
-155
-210
-194
-121
-147
-267
-410
-512
-584
-701
-926
-1268
-1608
-1917
-2194
-2341
-2379
-2302
-2120
-1764
-1234
-665
-22
634
1171
1499
1708
1798
1640
1302
930
530
65
-412
-795
-1054
-1193
-1247
-1212
-1069
-863
-626
-410
-106
276
645
1039
1449
1845
2162
2423
2650
2742
2743
2656
2410
1974
1428
862
246
-303
-715
-995
-1142
-1154
-1012
-723
-321
141
537
868
1217
1595
1938
2184
2354
2411
2344
2195
1964
1580
1073
472
-243
-1007
-1726
-2303
-2756
-3133
-3363
-3412
-3282
-3038
-2665
-2096
-1457
-884
-448
-122
175
415
564
655
672
540
254
-48
-326
-652
-992
-1302
-1618
-1942
-2064
-1924
-1586
-1077
-424
319
1046
1712
2304
2858
3288
3392
3083
2532
1934
1362
795
282
-46
-250
-365
-303
-120
84
328
563
660
540
327
164
-23
-231
-406
-484
-479
-477
-444
-369
-235
-156
-303
-613
-946
-1236
-1562
-1872
-2076
-2190
-2210
-2064
-1746
-1291
-706
-84
414
678
820
897
792
514
152
-206
-533
-886
-1133
-1201
-1167
-1088
-1071
-1071
-1047
-995
-911
-824
-673
-436
-104
284
683
1118
1597
2031
2306
2436
2504
2452
2169
1748
1290
805
331
-56
-304
-460
-487
-355
-150
112
415
766
1175
1552
1876
2141
2270
2283
2210
2077
1893
1620
1310
951
566
214
-132
-451
-780
-1156
-1552
-1962
-2323
-2535
-2575
-2455
-2172
-1753
-1241
-707
-199
270
668
953
1091
1063
941
723
396
0
-416
-776
-1124
-1441
-1648
-1709
-1646
-1422
-1017
-506
24
513
969
1341
1615
1853
2012
1981
1709
1262
771
281
-168
-517
-760
-898
-891
-758
-514
-198
162
503
696
709
559
299
-12
-351
-704
-977
-1118
-1187
-1157
-998
-789
-606
-527
-606
-771
-977
-1218
-1486
-1755
-1989
-2129
-2083
-1875
-1550
-1099
-609
-135
309
678
916
958
811
561
296
53
-180
-339
-401
-478
-605
-782
-946
-1038
-1134
-1168
-1080
-885
-558
-112
481
1191
1909
2523
2939
3176
3257
3155
2922
2519
1959
1394
890
493
210
20
-17
46
136
244
409
713
1087
1470
1851
2159
2354
2418
2360
2173
1834
1403
908
384
-99
-532
-839
-1012
-1103
-1154
-1211
-1271
-1368
-1502
-1659
-1839
-1994
-2041
-1909
-1624
-1280
-894
-440
37
426
654
777
780
623
286
-190
-715
-1254
-1763
-2108
-2222
-2120
-1821
-1370
-803
-197
368
819
1147
1341
1398
1424
1478
1451
1243
947
728
496
164
-174
-441
-613
-722
-757
-709
-652
-504
-179
192
409
424
428
394
150
-197
-436
-598
-819
-1007
-1025
-930
-813
-676
-533
-446
-479
-599
-792
-1046
-1301
-1552
-1729
-1803
-1758
-1544
-1187
-705
-159
359
800
1088
1218
1216
1126
964
698
396
113
-201
-512
-776
-959
-1077
-1168
-1149
-979
-720
-377
99
695
1319
1870
2370
2768
2975
2982
2824
2564
2211
1756
1269
861
577
419
379
454
574
703
854
1011
1201
1394
1535
1666
1808
1951
2032
1991
1855
1593
1237
833
335
-187
-659
-1066
-1361
-1557
-1679
-1673
-1581
-1523
-1539
-1584
-1618
-1717
-1875
-1964
-1921
-1749
-1456
-1059
-634
-227
139
401
508
415
98
-366
-916
-1517
-2085
-2461
-2533
-2442
-2270
-1864
-1242
-640
-171
243
595
727
663
653
737
747
693
708
787
779
652
483
297
49
-208
-366
-481
-569
-476
-148
238
463
587
791
941
828
545
329
155
-138
-466
-619
-569
-439
-258
-34
123
142
116
64
-121
-434
-716
-931
-1163
-1272
-1131
-820
-412
53
524
918
1178
1314
1364
1331
1192
978
729
454
114
-274
-610
-839
-1021
-1131
-1096
-989
-811
-491
-30
489
979
1424
1831
2111
2221
2213
2137
1952
1619
1197
817
545
326
185
163
188
212
272
351
393
429
495
546
580
670
846
1043
1146
1131
1017
788
436
37
-351
-689
-973
-1216
-1435
-1594
-1672
-1735
-1793
-1830
-1870
-1961
-2088
-2162
-2154
-2097
-1914
-1528
-1067
-652
-177
374
850
1125
1149
992
663
127
-502
-1062
-1486
-1783
-1924
-1835
-1549
-1133
-672
-163
332
691
934
1100
1284
1482
1574
1570
1565
1555
1445
1249
1084
900
694
546
419
242
103
183
377
488
563
725
927
961
801
613
434
167
-176
-459
-662
-819
-880
-859
-796
-706
-593
-487
-483
-589
-735
-892
-1057
-1174
-1131
-892
-589
-292
62
467
785
917
895
814
639
309
-65
-415
-726
-977
-1175
-1279
-1293
-1250
-1105
-890
-664
-444
-186
155
479
762
1048
1304
1477
1510
1470
1371
1144
835
545
282
47
-86
-73
19
174
363
505
606
693
716
654
563
504
493
501
556
622
641
624
593
465
197
-42
-213
-447
-727
-917
-1011
-1075
-1163
-1226
-1249
-1262
-1209
-1178
-1174
-1128
-1073
-975
-776
-484
-174
157
538
871
1044
1070
993
774
344
-216
-727
-1191
-1561
-1761
-1759
-1526
-1169
-697
-166
358
833
1221
1565
1832
1915
1821
1690
1538
1285
996
770
550
286
86
6
-50
-108
-25
179
338
419
543
684
720
661
575
418
119
-246
-586
-882
-1068
-1130
-1111
-1023
-918
-822
-727
-593
-515
-587
-710
-821
-931
-975
-854
-578
-274
45
434
776
972
1023
1019
916
596
152
-313
-763
-1197
-1549
-1727
-1758
-1682
-1511
-1260
-958
-654
-361
-28
285
506
673
811
917
956
992
1064
1092
1017
831
626
428
250
175
170
198
253
355
470
547
670
839
977
1014
1001
1003
971
920
886
848
735
561
387
201
24
-101
-201
-330
-499
-635
-734
-852
-936
-967
-957
-892
-721
-479
-293
-136
41
285
563
811
1024
1135
1180
1158
1007
773
443
-16
-521
-931
-1171
-1331
-1411
-1312
-1083
-738
-296
162
577
874
1187
1483
1549
1396
1178
1014
724
272
-173
-498
-714
-823
-830
-798
-731
-547
-260
-65
3
91
240
274
125
-27
-106
-296
-628
-963
-1224
-1370
-1468
-1568
-1622
-1626
-1631
-1634
-1567
-1391
-1220
-1089
-970
-829
-623
-350
-31
186
290
444
614
645
565
482
431
320
116
-111
-324
-538
-750
-916
-980
-902
-740
-578
-450
-264
21
347
664
943
1178
1324
1380
1422
1443
1459
1458
1397
1286
1136
1022
942
845
741
666
639
610
589
645
763
903
990
1056
1185
1311
1390
1416
1356
1181
929
666
427
235
98
-26
-170
-352
-516
-633
-780
-964
-1134
-1254
-1309
-1308
-1244
-1096
-881
-598
-289
9
297
542
672
628
513
386
200
-99
-429
-707
-1014
-1310
-1493
-1462
-1336
-1197
-942
-561
-137
198
451
650
770
916
1021
944
702
470
357
173
-176
-512
-656
-650
-624
-612
-555
-435
-252
-53
59
127
267
419
409
268
132
23
-130
-370
-643
-879
-1052
-1168
-1300
-1412
-1434
-1417
-1388
-1339
-1224
-1031
-832
-633
-405
-155
112
328
456
607
777
843
782
668
614
538
382
197
12
-109
-190
-299
-435
-527
-516
-459
-448
-372
-187
58
332
599
889
1191
1441
1570
1609
1609
1567
1401
1179
978
810
659
516
431
343
286
370
478
493
549
763
981
1050
1136
1286
1338
1288
1147
935
683
374
68
-201
-410
-531
-600
-678
-785
-840
-829
-876
-952
-1025
-1088
-1106
-1083
-980
-831
-658
-498
-332
-165
-50
14
-8
-81
-165
-309
-508
-696
-864
-1028
-1135
-1128
-1018
-840
-600
-315
21
403
732
916
993
1012
1008
1010
919
716
461
311
242
79
-124
-248
-281
-345
-396
-397
-463
-533
-486
-416
-441
-443
-295
-73
39
73
135
191
129
-49
-193
-322
-583
-872
-1132
-1380
-1623
-1771
-1770
-1746
-1689
-1480
-1135
-774
-428
-75
264
483
645
853
1054
1129
1081
1015
950
880
799
677
487
253
37
-134
-319
-457
-536
-559
-517
-388
-132
179
515
869
1208
1500
1732
1875
1957
1931
1816
1636
1380
1112
874
689
506
312
150
55
2
-10
57
174
330
559
780
976
1193
1341
1315
1144
920
631
252
-97
-395
-694
-890
-954
-1020
-1131
-1202
-1228
-1332
-1519
-1650
-1695
-1742
-1764
-1675
-1485
-1234
-928
-577
-249
-35
112
194
107
-110
-381
-657
-958
-1211
-1350
-1388
-1274
-983
-628
-282
107
512
860
1108
1258
1314
1298
1320
1390
1389
1330
1272
1298
1270
1078
826
570
356
156
-48
-288
-544
-624
-497
-397
-359
-240
29
299
429
511
600
639
613
531
410
218
-48
-356
-704
-1109
-1529
-1860
-2131
-2357
-2448
-2345
-2064
-1674
-1229
-747
-239
267
720
1122
1440
1556
1490
1369
1233
1042
753
386
-30
-475
-914
-1290
-1529
-1686
-1798
-1755
-1566
-1300
-937
-456
89
567
1016
1458
1814
2047
2140
2083
1856
1476
1083
792
532
273
58
-90
-141
-162
-158
-104
9
209
456
725
987
1227
1449
1598
1635
1589
1460
1226
932
604
244
-65
-292
-493
-730
-947
-1051
-1114
-1180
-1240
-1263
-1268
-1282
-1256
-1156
-1017
-881
-707
-474
-269
-105
32
157
211
168
63
-115
-285
-464
-609
-602
-485
-345
-180
98
438
691
910
1130
1232
1228
1257
1376
1460
1414
1343
1359
1338
1117
804
511
154
-227
-537
-862
-1243
-1550
-1592
-1473
-1440
-1391
-1130
-691
-374
-233
45
360
491
493
491
413
97
-290
-640
-1065
-1608
-2116
-2506
-2846
-3104
-3101
-2839
-2519
-2151
-1626
-969
-343
240
831
1353
1695
1831
1826
1773
1647
1420
1084
654
162
-334
-729
-1026
-1241
-1381
-1394
-1253
-1065
-777
-276
302
799
1215
1634
2043
2346
2573
2734
2747
2568
2272
1992
1724
1409
1080
783
524
357
322
342
336
383
592
861
1063
1233
1364
1408
1371
1311
1231
1083
834
517
208
-72
-306
-477
-628
-860
-1136
-1364
-1576
-1762
-1887
-1958
-2019
-2077
-2077
-1995
-1874
-1657
-1347
-1070
-847
-653
-430
-209
-47
48
35
-53
-180
-358
-567
-703
-712
-710
-716
-598
-323
-24
204
440
698
938
1202
1516
1752
1827
1892
2025
2050
1803
1467
1139
667
144
-327
-786
-1274
-1671
-1826
-1878
-1940
-1863
-1548
-1093
-681
-274
234
684
985
1166
1269
1211
960
614
174
-396
-1032
-1625
-2084
-2446
-2723
-2798
-2686
-2443
-2073
-1552
-921
-332
228
831
1341
1636
1726
1768
1770
1628
1393
1114
775
365
-49
-383
-683
-974
-1117
-1149
-1183
-1169
-1005
-688
-318
70
494
941
1397
1774
2029
2241
2340
2309
2207
2076
1884
1618
1323
982
617
267
34
-115
-221
-232
-132
82
322
554
827
1057
1180
1219
1180
1053
869
690
489
222
-26
-254
-510
-756
-945
-1134
-1433
-1739
-1941
-2111
-2255
-2305
-2247
-2114
-1904
-1489
-943
-478
-56
446
927
1198
1313
1344
1237
966
574
109
-381
-798
-1087
-1295
-1434
-1423
-1208
-882
-550
-174
275
700
1077
1449
1783
1975
2070
2110
1978
1698
1337
909
420
-155
-736
-1292
-1825
-2183
-2339
-2387
-2377
-2233
-1852
-1385
-917
-376
149
606
997
1269
1431
1424
1283
1036
594
16
-624
-1261
-1833
-2354
-2705
-2850
-2800
-2564
-2194
-1658
-1027
-419
220
840
1337
1656
1855
2003
2029
1968
1843
1600
1271
925
587
253
-119
-447
-712
-964
-1184
-1291
-1198
-968
-649
-247
231
759
1295
1778
2162
2443
2644
2738
2707
2567
2330
2006
1601
1132
657
218
-171
-487
-690
-743
-667
-461
-143
231
598
885
1059
1177
1223
1188
1091
857
527
144
-266
-664
-1051
-1398
-1716
-2069
-2421
-2705
-2860
-2921
-2946
-2879
-2690
-2404
-2018
-1538
-995
-446
80
590
991
1248
1381
1388
1237
961
588
146
-276
-620
-915
-1131
-1209
-1120
-860
-490
-71
378
818
1229
1641
2034
2328
2498
2598
2551
2328
2012
1632
1175
617
-17
-644
-1243
-1772
-2110
-2217
-2215
-2112
-1802
-1362
-926
-454
93
594
957
1206
1384
1481
1456
1296
1020
610
64
-536
-1108
-1655
-2166
-2528
-2736
-2852
-2823
-2565
-2110
-1553
-932
-243
440
964
1330
1635
1855
1923
1880
1727
1443
1066
665
253
-185
-582
-944
-1313
-1616
-1789
-1816
-1728
-1492
-1104
-672
-231
244
732
1179
1624
2059
2376
2546
2666
2742
2643
2351
1977
1534
1024
514
59
-349
-673
-805
-747
-593
-353
-25
344
678
910
1102
1233
1242
1185
1043
780
489
220
-68
-388
-694
-994
-1363
-1747
-2023
-2202
-2369
-2444
-2386
-2214
-1926
-1533
-1004
-397
181
731
1217
1559
1753
1821
1744
1500
1131
658
126
-371
-774
-1079
-1284
-1338
-1261
-1120
-895
-580
-242
83
479
997
1485
1841
2153
2439
2522
2365
2082
1714
1165
432
-321
-1012
-1680
-2227
-2501
-2573
-2529
-2320
-1858
-1292
-799
-335
144
548
775
874
958
985
859
630
348
-4
-439
-879
-1301
-1746
-2168
-2497
-2709
-2824
-2794
-2512
-2052
-1561
-1039
-452
157
672
1097
1462
1740
1876
1894
1835
1637
1332
996
630
244
-153
-539
-900
-1250
-1490
-1520
-1382
-1108
-702
-241
253
755
1225
1675
2092
2463
2688
2792
2870
2868
2704
2422
2106
1729
1293
841
415
62
-237
-435
-471
-447
-322
-81
158
366
533
671
714
628
490
290
58
-144
-368
-612
-789
-912
-1075
-1295
-1521
-1723
-1908
-2120
-2282
-2334
-2325
-2174
-1852
-1414
-858
-248
346
868
1305
1614
1719
1644
1432
1085
645
189
-247
-628
-884
-988
-1014
-959
-811
-663
-505
-290
-5
361
849
1389
1841
2223
2573
2737
2648
2385
1968
1353
587
-207
-1014
-1759
-2257
-2414
-2342
-2125
-1725
-1158
-615
-185
230
570
759
798
736
588
381
162
-85
-360
-631
-932
-1265
-1609
-1979
-2288
-2484
-2607
-2674
-2609
-2393
-2068
-1690
-1239
-700
-163
310
705
1095
1417
1588
1641
1589
1426
1185
886
524
109
-301
-651
-938
-1160
-1291
-1279
-1101
-767
-307
248
864
1491
2018
2413
2757
3016
3179
3281
3295
3181
2957
2673
2321
1881
1415
989
585
190
-130
-291
-333
-260
-75
137
328
499
618
660
646
566
382
133
-120
-389
-638
-832
-940
-1000
-1093
-1217
-1370
-1571
-1824
-2090
-2291
-2408
-2448
-2364
-2109
-1716
-1220
-585
86
655
1086
1322
1344
1210
941
530
51
-427
-867
-1253
-1521
-1628
-1640
-1581
-1421
-1196
-980
-714
-342
122
629
1149
1623
2012
2286
2394
2330
2056
1631
1084
400
-331
-1033
-1632
-2023
-2149
-2048
-1755
-1296
-727
-150
346
769
1128
1307
1269
1119
898
603
300
50
-184
-449
-729
-996
-1277
-1541
-1739
-1901
-2037
-2099
-2060
-1913
-1639
-1262
-816
-290
274
779
1223
1627
1935
2063
2029
1909
1671
1302
893
505
106
-268
-522
-673
-789
-852
-807
-649
-417
-91
341
813
1267
1714
2178
2589
2886
3082
3163
3087
2858
2555
2176
1703
1196
709
233
-212
-557
-787
-897
-896
-803
-622
-401
-159
76
236
300
284
193
-21
-298
-560
-860
-1192
-1443
-1607
-1772
-1920
-1989
-2056
-2177
-2278
-2329
-2362
-2359
-2262
-2073
-1812
-1443
-980
-480
35
533
947
1214
1320
1286
1096
779
404
-28
-457
-789
-996
-1119
-1156
-1041
-835
-629
-376
-4
387
743
1179
1691
2126
2416
2634
2779
2739
2507
2141
1639
1025
382
-209
-720
-1117
-1285
-1204
-972
-644
-189
322
751
1051
1268
1395
1346
1136
848
555
258
-72
-380
-660
-946
-1240
-1487
-1670
-1833
-1973
-2080
-2135
-2111
-1995
-1776
-1481
-1187
-844
-408
19
358
640
872
997
977
864
691
421
72
-278
-575
-873
-1133
-1271
-1315
-1316
-1242
-1016
-667
-309
83
552
1042
1504
1934
2348
2658
2804
2827
2729
2514
2191
1805
1398
953
520
185
-61
-256
-373
-387
-336
-255
-112
82
279
450
570
693
786
774
649
456
229
-85
-428
-732
-1016
-1278
-1498
-1658
-1740
-1802
-1824
-1779
-1725
-1680
-1603
-1437
-1229
-994
-660
-212
227
587
897
1155
1285
1245
1078
798
439
36
-377
-776
-1113
-1323
-1391
-1372
-1310
-1146
-843
-505
-195
185
647
1092
1514
1907
2195
2362
2420
2324
2034
1586
1049
455
-130
-651
-1045
-1234
-1224
-1027
-698
-301
124
544
872
1055
1152
1156
1036
823
597
343
42
-253
-539
-811
-1072
-1324
-1541
-1699
-1804
-1864
-1831
-1697
-1515
-1262
-980
-699
-388
-73
203
395
531
646
700
683
601
474
313
104
-139
-399
-655
-922
-1169
-1324
-1413
-1435
-1292
-993
-639
-196
361
895
1354
1807
2203
2468
2590
2549
2366
2091
1760
1353
911
547
275
30
-185
-280
-263
-250
-213
-137
-81
-3
150
307
426
575
720
777
731
619
450
214
-78
-428
-769
-1063
-1306
-1504
-1628
-1649
-1633
-1586
-1497
-1379
-1259
-1097
-848
-562
-253
81
439
776
1031
1194
1226
1100
831
493
120
-265
-615
-910
-1078
-1129
-1101
-1037
-939
-745
-527
-323
-97
157
448
800
1224
1637
1977
2250
2440
2446
2183
1734
1192
558
-137
-725
-1122
-1364
-1391
-1149
-723
-244
227
680
1012
1138
1118
985
694
311
-37
-352
-653
-918
-1106
-1251
-1421
-1581
-1716
-1840
-1957
-2035
-1997
-1862
-1640
-1320
-932
-535
-185
130
387
518
545
523
429
303
167
32
-75
-190
-316
-459
-642
-841
-1039
-1210
-1346
-1387
-1253
-995
-604
-92
497
1147
1784
2317
2693
2915
2964
2797
2483
2074
1610
1163
770
464
243
134
108
124
167
194
221
270
349
462
609
818
1074
1312
1479
1552
1544
1410
1117
717
262
-233
-709
-1101
-1383
-1569
-1662
-1657
-1574
-1459
-1341
-1191
-1013
-830
-624
-367
-75
227
524
762
865
807
607
289
-119
-592
-1047
-1415
-1666
-1783
-1750
-1584
-1374
-1156
-955
-800
-708
-640
-522
-352
-105
295
827
1364
1832
2223
2440
2350
2000
1457
743
-53
-764
-1319
-1693
-1775
-1542
-1064
-481
133
709
1150
1394
1406
1258
973
597
214
-133
-377
-533
-663
-764
-875
-1019
-1210
-1417
-1598
-1800
-1914
-1833
-1586
-1200
-709
-171
334
743
1037
1224
1241
1085
855
593
338
128
11
-67
-163
-227
-307
-475
-707
-964
-1192
-1374
-1444
-1353
-1063
-582
-19
656
1365
1982
2430
2703
2769
2570
2184
1733
1248
779
441
213
67
-5
-15
50
99
123
169
173
193
269
403
604
849
1148
1382
1507
1540
1448
1199
822
406
-3
-397
-742
-1006
-1210
-1356
-1434
-1483
-1521
-1550
-1577
-1574
-1500
-1309
-1018
-636
-157
326
772
1091
1191
1084
794
361
-179
-717
-1195
-1615
-1881
-1932
-1802
-1584
-1294
-953
-707
-572
-456
-340
-288
-226
3
392
848
1351
1867
2245
2397
2316
2007
1441
661
-165
-867
-1421
-1762
-1782
-1451
-872
-212
452
1035
1450
1635
1569
1311
964
543
102
-277
-568
-752
-864
-930
-1007
-1117
-1243
-1410
-1615
-1802
-1876
-1782
-1551
-1186
-688
-108
465
940
1304
1502
1498
1343
1064
703
345
66
-118
-254
-351
-438
-590
-794
-1028
-1270
-1492
-1645
-1637
-1396
-939
-303
480
1305
2022
2618
3079
3253
3110
2796
2341
1720
1067
551
170
-126
-315
-375
-364
-348
-354
-352
-326
-285
-150
75
328
655
1062
1489
1798
1926
1891
1683
1291
732
113
-483
-1014
-1445
-1739
-1871
-1836
-1735
-1645
-1550
-1496
-1510
-1509
-1421
-1229
-930
-502
6
509
938
1264
1438
1355
1001
497
-70
-711
-1335
-1772
-2021
-2152
-2108
-1856
-1490
-1093
-705
-354
-124
13
181
385
594
864
1302
1836
2268
2519
2616
2501
2060
1364
567
-241
-946
-1441
-1656
-1573
-1211
-622
93
747
1253
1637
1820
1716
1399
1014
628
216
-163
-402
-541
-644
-726
-843
-1012
-1264
-1597
-1946
-2224
-2332
-2246
-1947
-1454
-817
-90
621
1195
1575
1755
1726
1495
1097
634
210
-145
-437
-644
-789
-944
-1130
-1338
-1543
-1736
-1883
-1913
-1785
-1484
-992
-312
511
1338
2061
2631
2985
3063
2871
2509
2009
1410
823
316
-68
-334
-470
-515
-521
-489
-467
-419
-349
-216
16
312
673
1086
1535
1939
2229
2340
2233
1910
1401
753
45
-605
-1174
-1641
-1941
-2044
-2026
-1913
-1732
-1544
-1406
-1316
-1204
-1051
-810
-453
4
488
945
1335
1610
1718
1582
1250
757
128
-556
-1207
-1756
-2131
-2292
-2271
-2104
-1812
-1409
-964
-558
-167
205
527
821
1086
1354
1620
1890
2115
2194
2100
1796
1331
749
60
-616
-1175
-1569
-1739
-1649
-1328
-847
-243
388
905
1257
1435
1439
1260
939
557
170
-220
-551
-776
-942
-1098
-1270
-1474
-1744
-2059
-2295
-2424
-2443
-2262
-1862
-1308
-676
23
733
1350
1771
1951
1917
1688
1317
863
399
-25
-368
-664
-907
-1092
-1261
-1398
-1453
-1438
-1402
-1268
-972
-529
19
700
1490
2255
2879
3366
3673
3699
3468
3052
2509
1844
1150
538
29
-368
-645
-774
-794
-776
-691
-536
-354
-122
162
483
867
1303
1748
2135
2378
2446
2259
1874
1352
680
-30
-727
-1388
-1979
-2444
-2709
-2811
-2768
-2585
-2378
-2160
-1934
-1678
-1373
-1039
-620
-156
284
648
911
1071
1090
936
626
159
-425
-1023
-1598
-2093
-2414
-2506
-2434
-2252
-1927
-1510
-1085
-637
-202
184
546
886
1193
1429
1628
1800
1859
1807
1662
1400
1029
557
103
-316
-663
-814
-766
-568
-230
205
639
990
1288
1525
1584
1490
1329
1086
736
388
144
-55
-273
-468
-661
-872
-1096
-1311
-1503
-1695
-1820
-1812
-1658
-1341
-887
-322
277
816
1260
1512
1584
1507
1270
929
537
114
-291
-626
-894
-1115
-1334
-1512
-1655
-1757
-1779
-1699
-1490
-1183
-755
-213
381
1031
1698
2292
2739
3016
3123
3017
2715
2257
1681
1034
389
-156
-609
-954
-1095
-1069
-995
-823
-544
-232
125
540
991
1425
1830
2189
2440
2534
2465
2221
1784
1179
524
-155
-860
-1479
-1982
-2364
-2581
-2614
-2515
-2348
-2127
-1867
-1607
-1337
-1035
-717
-392
-80
207
419
565
643
607
460
181
-220
-677
-1164
-1613
-1969
-2220
-2341
-2331
-2172
-1919
-1573
-1143
-688
-198
281
728
1120
1431
1646
1745
1742
1635
1422
1166
900
613
328
90
-53
-117
-99
31
254
542
840
1107
1289
1369
1393
1385
1292
1120
935
777
622
460
317
177
14
-217
-472
-732
-989
-1201
-1333
-1377
-1335
-1203
-982
-667
-299
96
477
787
996
1104
1106
1003
785
447
75
-279
-658
-1030
-1330
-1570
-1767
-1873
-1888
-1882
-1770
-1507
-1167
-769
-295
271
831
1327
1801
2204
2433
2487
2408
2200
1814
1301
738
143
-403
-845
-1176
-1380
-1370
-1175
-893
-534
-75
431
897
1344
1747
2050
2247
2321
2232
1993
1647
1201
652
82
-451
-991
-1482
-1845
-2083
-2239
-2276
-2172
-1992
-1760
-1464
-1124
-797
-501
-223
15
194
320
406
430
409
360
232
-6
-287
-580
-940
-1293
-1595
-1820
-1982
-2076
-2032
-1865
-1597
-1266
-865
-403
70
526
962
1323
1576
1712
1746
1677
1475
1208
944
713
529
431
396
416
548
771
1016
1234
1448
1638
1737
1753
1708
1607
1463
1318
1175
1009
843
709
534
282
29
-203
-483
-839
-1179
-1428
-1627
-1739
-1704
-1595
-1423
-1137
-780
-433
-88
234
464
578
611
550
374
141
-139
-471
-827
-1174
-1494
-1804
-2098
-2293
-2395
-2437
-2382
-2209
-1911
-1484
-955
-364
239
810
1318
1735
2045
2232
2280
2183
1914
1514
1037
520
-4
-487
-853
-1077
-1146
-1064
-837
-458
38
590
1169
1747
2264
2657
2913
2995
2877
2612
2207
1689
1127
561
19
-503
-957
-1305
-1565
-1706
-1740
-1706
-1580
-1362
-1095
-818
-544
-277
-47
127
252
341
403
379
273
133
-37
-250
-501
-755
-1018
-1290
-1529
-1714
-1850
-1896
-1857
-1760
-1588
-1351
-1081
-805
-491
-117
243
553
828
1015
1082
1046
938
749
505
264
81
9
54
177
384
686
1044
1396
1682
1887
1980
1966
1879
1711
1462
1177
947
779
613
485
403
277
75
-156
-372
-595
-858
-1094
-1232
-1267
-1231
-1120
-917
-651
-353
-69
154
312
423
459
413
277
82
-135
-396
-676
-971
-1258
-1518
-1779
-2029
-2207
-2263
-2200
-2071
-1872
-1566
-1173
-736
-276
225
711
1120
1457
1700
1835
1878
1793
1577
1281
928
549
130
-276
-558
-721
-775
-741
-604
-325
72
537
1009
1454
1888
2275
2519
2586
2514
2344
2043
1615
1138
666
216
-224
-638
-969
-1220
-1410
-1506
-1496
-1383
-1215
-1042
-817
-572
-368
-186
-16
96
154
199
180
65
-85
-191
-297
-477
-693
-882
-1059
-1260
-1441
-1549
-1602
-1586
-1491
-1369
-1222
-975
-632
-304
-20
272
551
726
822
864
831
721
575
419
250
110
53
90
228
459
700
931
1183
1449
1623
1673
1688
1666
1551
1376
1185
989
791
637
496
285
46
-178
-412
-667
-894
-1034
-1104
-1128
-1064
-916
-736
-527
-279
-40
109
181
196
166
113
37
-63
-171
-293
-429
-589
-789
-1050
-1324
-1548
-1750
-1935
-2059
-2063
-1940
-1710
-1373
-964
-507
-30
427
820
1106
1340
1523
1598
1587
1529
1420
1238
1016
770
489
222
7
-156
-249
-251
-152
48
325
673
1073
1493
1880
2193
2391
2441
2352
2150
1858
1488
1086
685
308
-39
-362
-636
-867
-1051
-1193
-1283
-1301
-1291
-1235
-1107
-936
-780
-637
-487
-372
-299
-270
-288
-359
-462
-575
-711
-842
-957
-1062
-1179
-1318
-1470
-1637
-1799
-1909
-1944
-1915
-1820
-1657
-1431
-1168
-871
-548
-257
-32
147
306
398
423
441
445
408
376
405
453
537
739
1017
1269
1485
1697
1854
1912
1909
1893
1829
1704
1559
1407
1207
983
807
667
485
247
10
-217
-460
-635
-670
-616
-517
-363
-143
97
357
627
838
956
967
875
709
506
291
70
-137
-326
-540
-783
-1035
-1271
-1476
-1640
-1733
-1742
-1679
-1538
-1290
-963
-610
-240
132
460
704
864
949
947
891
828
743
591
372
148
-43
-232
-433
-607
-722
-785
-799
-712
-529
-282
17
368
741
1062
1316
1500
1583
1552
1424
1227
952
627
315
1
-313
-597
-816
-991
-1161
-1277
-1335
-1342
-1291
-1196
-1057
-880
-691
-496
-323
-183
-102
-62
-55
-95
-156
-222
-285
-353
-414
-454
-477
-504
-556
-639
-750
-881
-999
-1070
-1072
-1022
-901
-703
-438
-132
181
465
695
854
937
965
961
919
855
826
809
810
878
1016
1191
1388
1602
1789
1936
2039
2086
2064
1979
1846
1664
1442
1190
916
635
356
72
-209
-477
-725
-912
-1031
-1081
-1044
-926
-765
-567
-337
-102
107
285
408
439
410
317
145
-67
-297
-530
-783
-1028
-1246
-1470
-1674
-1844
-1991
-2087
-2104
-2041
-1876
-1624
-1286
-894
-503
-120
219
474
631
694
670
569
399
220
42
-148
-305
-428
-530
-584
-587
-545
-472
-348
-129
122
386
679
947
1198
1414
1587
1696
1709
1665
1566
1394
1182
957
739
526
310
107
-84
-250
-380
-491
-572
-611
-627
-621
-579
-521
-442
-345
-263
-210
-208
-217
-237
-287
-319
-339
-353
-367
-375
-371
-386
-428
-481
-569
-696
-837
-949
-1018
-1025
-957
-847
-718
-560
-372
-183
-3
172
324
432
513
578
617
653
701
743
762
795
846
911
993
1112
1264
1393
1509
1613
1682
1714
1688
1614
1501
1348
1167
938
689
411
121
-141
-385
-608
-790
-901
-950
-954
-874
-709
-499
-266
-55
128
266
358
372
306
169
-46
-335
-656
-973
-1272
-1513
-1734
-1931
-2061
-2134
-2140
-2074
-1943
-1720
-1446
-1164
-858
-532
-209
83
315
447
483
463
381
250
99
-54
-211
-355
-475
-538
-525
-441
-298
-133
80
327
590
845
1069
1271
1427
1524
1569
1569
1540
1483
1376
1244
1097
937
773
616
484
350
237
158
90
48
44
62
69
74
98
96
60
8
-40
-99
-199
-290
-362
-428
-465
-464
-455
-464
-464
-480
-518
-561
-618
-701
-785
-843
-888
-920
-923
-894
-826
-725
-622
-530
-452
-361
-272
-191
-117
-52
10
74
181
288
385
487
559
631
721
801
848
892
966
1061
1184
1318
1417
1503
1546
1495
1354
1168
952
691
401
107
-196
-464
-635
-733
-790
-799
-744
-662
-567
-418
-224
-16
173
322
416
459
447
375
223
-34
-353
-694
-1054
-1377
-1635
-1834
-1968
-2020
-1994
-1894
-1735
-1498
-1201
-878
-554
-268
-5
216
407
543
584
550
450
303
122
-60
-229
-359
-449
-463
-375
-238
-64
147
415
687
919
1138
1329
1463
1550
1583
1554
1481
1380
1293
1184
1044
893
744
625
516
441
399
364
355
364
362
347
337
288
198
84
-47
-208
-405
-584
-731
-865
-980
-1040
-1065
-1067
-1034
-970
-904
-869
-849
-838
-861
-890
-907
-925
-935
-923
-896
-882
-868
-839
-809
-781
-751
-728
-716
-688
-617
-517
-404
-280
-146
2
143
314
506
681
837
954
1033
1064
1080
1106
1127
1170
1261
1410
1601
1769
1919
2035
2056
1964
1766
1498
1200
888
569
263
16
-152
-267
-327
-334
-290
-221
-150
-49
90
223
334
404
420
387
328
218
16
-240
-524
-864
-1231
-1555
-1825
-2033
-2170
-2224
-2204
-2101
-1917
-1695
-1431
-1129
-824
-555
-334
-143
12
94
83
12
-88
-212
-354
-496
-615
-702
-702
-613
-462
-247
31
345
662
963
1238
1468
1605
1661
1674
1626
1506
1326
1144
968
801
684
601
551
564
607
666
718
762
804
816
792
725
626
489
319
121
-88
-293
-500
-705
-877
-987
-1042
-1053
-1046
-1021
-971
-924
-890
-860
-849
-846
-836
-813
-778
-742
-698
-647
-612
-589
-563
-561
-627
-713
-782
-871
-956
-1001
-986
-911
-777
-576
-335
-80
196
477
718
895
1043
1145
1186
1201
1221
1249
1266
1317
1408
1512
1608
1670
1683
1623
1509
1352
1154
942
747
586
448
332
258
222
191
178
192
211
231
258
294
333
367
388
374
312
196
28
-195
-476
-789
-1101
-1397
-1656
-1838
-1924
-1926
-1861
-1710
-1514
-1319
-1122
-926
-751
-627
-523
-436
-402
-400
-409
-450
-535
-645
-763
-885
-986
-1027
-981
-872
-709
-492
-223
70
363
654
905
1087
1215
1284
1270
1198
1079
925
749
602
509
432
385
388
431
487
548
600
644
674
689
710
720
693
633
536
384
183
-15
-213
-431
-613
-708
-754
-768
-728
-646
-556
-489
-429
-381
-359
-346
-342
-347
-348
-336
-313
-285
-239
-183
-151
-165
-221
-312
-435
-583
-740
-886
-992
-1020
-955
-805
-566
-255
75
409
731
1009
1221
1358
1423
1444
1439
1403
1349
1302
1262
1226
1196
1181
1155
1095
1018
934
847
759
690
639
609
591
570
535
472
400
329
235
140
53
-31
-116
-187
-210
-218
-225
-256
-320
-415
-553
-749
-1001
-1266
-1517
-1746
-1918
-2019
-2033
-1974
-1849
-1677
-1504
-1333
-1199
-1106
-1034
-957
-891
-873
-874
-866
-868
-890
-928
-962
-978
-972
-911
-805
-663
-459
-194
81
364
645
888
1062
1179
1272
1314
1304
1259
1177
1078
986
918
885
878
918
983
1060
1155
1249
1339
1406
1459
1484
1459
1403
1314
1185
1025
833
630
429
237
71
-79
-182
-227
-220
-183
-135
-71
-47
-79
-120
-155
-207
-278
-330
-361
-387
-394
-365
-351
-365
-395
-460
-564
-711
-887
-1081
-1281
-1474
-1628
-1722
-1734
-1650
-1466
-1195
-869
-543
-243
50
317
536
690
784
823
798
741
660
567
491
452
447
457
476
509
565
617
638
655
678
695
694
682
673
643
587
504
412
314
208
109
1
-98
-145
-144
-147
-172
-192
-222
-273
-343
-449
-586
-730
-873
-1014
-1113
-1123
-1060
-957
-820
-651
-495
-397
-329
-273
-242
-266
-346
-406
-459
-536
-602
-622
-594
-537
-443
-331
-215
-100
34
160
277
415
543
629
680
739
807
839
826
781
718
653
589
540
492
457
455
479
554
675
829
967
1062
1116
1132
1118
1040
898
720
525
323
131
-9
-100
-186
-272
-331
-374
-397
-396
-396
-427
-490
-540
-573
-582
-562
-518
-479
-465
-462
-453
-425
-434
-500
-601
-754
-928
-1122
-1298
-1400
-1478
-1571
-1644
-1643
-1559
-1382
-1107
-787
-474
-149
187
483
752
990
1164
1223
1180
1111
989
828
717
639
574
556
585
663
729
820
964
1059
1077
1075
1086
1052
981
924
846
706
554
443
328
176
27
-89
-195
-276
-294
-248
-201
-195
-180
-155
-181
-233
-323
-447
-609
-785
-896
-934
-910
-836
-719
-587
-493
-431
-385
-404
-472
-561
-689
-826
-945
-986
-923
-822
-656
-446
-268
-99
65
206
293
318
333
366
399
438
548
665
728
790
825
795
710
588
485
365
237
208
231
294
415
593
779
909
977
999
953
822
660
485
292
87
-52
-103
-120
-119
-92
-73
-79
-123
-177
-242
-352
-453
-537
-595
-627
-618
-545
-468
-429
-399
-383
-411
-484
-554
-646
-776
-898
-1032
-1151
-1234
-1274
-1277
-1281
-1286
-1237
-1142
-998
-789
-547
-265
43
345
614
870
1113
1279
1335
1302
1214
1063
889
762
657
570
587
709
849
973
1120
1292
1379
1373
1382
1384
1347
1286
1193
1055
865
674
508
344
164
-2
-144
-302
-447
-529
-537
-503
-461
-400
-338
-313
-335
-413
-539
-695
-864
-987
-1056
-1054
-975
-838
-694
-590
-551
-582
-666
-810
-970
-1122
-1261
-1344
-1352
-1279
-1096
-863
-597
-296
-52
112
212
255
228
138
32
-19
-19
16
140
273
347
405
416
359
261
158
81
11
-43
-38
30
167
366
575
765
897
946
917
806
657
537
443
365
342
362
383
412
449
419
317
169
-9
-200
-404
-533
-573
-566
-480
-311
-132
22
153
226
214
102
-72
-256
-451
-615
-720
-779
-790
-780
-778
-779
-813
-855
-899
-943
-902
-789
-573
-249
140
552
962
1323
1611
1791
1816
1725
1501
1176
823
476
238
116
98
228
424
648
857
1028
1172
1239
1260
1268
1248
1204
1136
1059
941
775
584
345
46
-287
-646
-981
-1220
-1383
-1422
-1348
-1227
-1062
-920
-811
-724
-686
-683
-728
-806
-889
-961
-980
-907
-784
-676
-598
-595
-688
-846
-1036
-1209
-1356
-1436
-1418
-1310
-1089
-774
-403
-18
308
529
628
627
537
380
207
72
-11
-38
18
135
293
452
560
634
654
638
619
584
551
553
594
656
746
863
998
1102
1129
1086
983
857
737
644
589
570
585
588
565
523
466
367
181
-64
-321
-547
-724
-805
-792
-710
-575
-431
-318
-257
-220
-195
-239
-377
-536
-680
-808
-900
-942
-921
-883
-884
-893
-916
-944
-944
-935
-919
-869
-702
-447
-154
172
546
933
1233
1421
1532
1552
1446
1228
933
589
268
30
-106
-149
-65
158
426
664
865
1064
1225
1318
1350
1322
1258
1156
1020
867
677
484
287
48
-191
-427
-654
-863
-1029
-1094
-1061
-984
-893
-794
-688
-577
-500
-473
-502
-575
-650
-723
-768
-742
-675
-624
-633
-706
-822
-977
-1131
-1280
-1411
-1491
-1512
-1448
-1275
-1001
-662
-305
20
255
381
422
387
295
206
135
98
110
166
271
402
557
715
819
876
884
838
777
722
686
685
705
794
888
956
1048
1154
1240
1298
1340
1344
1296
1216
1141
1049
946
826
674
491
269
45
-173
-365
-518
-630
-685
-665
-597
-460
-276
-132
-56
-58
-113
-205
-348
-533
-727
-914
-1090
-1237
-1304
-1291
-1224
-1140
-1085
-1058
-1059
-1061
-1046
-1003
-910
-736
-494
-184
155
485
771
969
1065
1078
995
825
578
271
-20
-244
-375
-403
-293
-69
198
439
678
909
1081
1199
1248
1250
1209
1135
1065
938
769
589
389
167
-103
-350
-565
-770
-897
-936
-891
-792
-661
-504
-363
-243
-154
-106
-92
-105
-124
-160
-199
-226
-232
-233
-258
-308
-382
-469
-589
-739
-878
-965
-991
-945
-820
-616
-391
-172
52
241
373
426
390
287
133
-11
-106
-146
-122
-42
92
245
399
530
605
633
600
521
433
360
305
281
306
373
476
618
787
954
1098
1191
1225
1207
1156
1076
965
804
607
367
94
-162
-410
-614
-741
-800
-802
-760
-685
-558
-419
-288
-200
-205
-276
-396
-533
-669
-804
-931
-1055
-1164
-1230
-1239
-1198
-1108
-1034
-978
-913
-837
-742
-635
-514
-368
-195
11
270
538
794
999
1128
1172
1122
1021
855
632
383
134
-73
-189
-212
-132
76
346
661
975
1216
1427
1580
1649
1661
1606
1491
1294
1045
784
515
263
10
-210
-413
-622
-756
-845
-886
-868
-812
-715
-623
-498
-362
-238
-132
-62
-40
-70
-130
-212
-331
-461
-575
-676
-773
-878
-989
-1110
-1219
-1306
-1353
-1365
-1311
-1193
-1029
-810
-562
-331
-125
37
133
168
122
24
-76
-171
-236
-247
-213
-126
-9
160
344
487
599
641
627
580
525
472
425
443
513
638
830
1044
1274
1487
1640
1737
1746
1646
1468
1252
1004
729
464
181
-77
-256
-386
-406
-355
-285
-178
-93
6
117
161
195
165
41
-119
-310
-494
-671
-833
-967
-1075
-1168
-1226
-1218
-1182
-1148
-1089
-1020
-958
-899
-811
-690
-595
-484
-344
-214
-51
128
281
427
509
546
546
488
396
253
100
-48
-176
-222
-165
-40
157
409
670
919
1159
1365
1503
1576
1578
1532
1448
1310
1117
896
637
362
115
-130
-390
-624
-817
-943
-993
-967
-857
-719
-544
-338
-172
-43
49
68
29
-57
-200
-349
-504
-647
-746
-827
-910
-966
-1019
-1073
-1087
-1087
-1063
-1018
-950
-821
-645
-421
-160
65
250
360
384
348
250
111
-61
-217
-327
-395
-374
-266
-97
115
322
499
623
666
654
620
571
514
498
524
586
703
865
1063
1261
1426
1514
1512
1406
1206
934
639
368
132
-36
-136
-184
-183
-145
-81
-7
52
80
88
59
-19
-123
-240
-374
-522
-638
-709
-762
-817
-882
-964
-1050
-1128
-1162
-1159
-1104
-980
-817
-628
-433
-259
-124
-43
-3
12
9
13
27
44
77
135
206
267
307
334
323
273
195
107
30
-15
11
126
309
550
832
1105
1359
1558
1655
1642
1550
1378
1144
887
617
338
70
-151
-325
-475
-608
-702
-749
-759
-716
-604
-463
-310
-164
-58
20
44
17
-48
-187
-362
-539
-721
-874
-987
-1056
-1089
-1100
-1085
-1066
-1063
-1050
-1014
-947
-840
-702
-547
-352
-133
92
313
485
572
557
447
286
108
-38
-131
-170
-113
25
201
412
620
791
908
941
912
837
742
671
644
675
786
960
1169
1375
1534
1618
1588
1441
1188
854
504
183
-93
-301
-432
-505
-516
-460
-358
-253
-190
-188
-226
-300
-376
-420
-460
-488
-517
-572
-621
-680
-769
-878
-1046
-1239
-1417
-1545
-1555
-1478
-1315
-1084
-854
-621
-420
-270
-164
-139
-178
-253
-350
-410
-417
-376
-267
-104
47
182
287
328
345
322
233
128
10
-62
-31
88
323
631
947
1253
1503
1692
1793
1777
1691
1557
1377
1186
986
777
561
354
184
43
-66
-142
-190
-208
-190
-124
-3
140
254
323
346
294
204
112
-23
-186
-348
-481
-583
-635
-633
-617
-625
-661
-735
-839
-958
-1086
-1148
-1145
-1089
-943
-731
-498
-239
6
184
263
213
85
-111
-344
-546
-697
-786
-785
-695
-524
-292
-36
209
358
427
430
368
297
257
266
311
392
528
706
870
1013
1110
1118
1050
903
677
393
125
-73
-189
-226
-173
-42
105
256
389
465
471
413
288
137
-6
-111
-184
-246
-299
-356
-432
-525
-618
-741
-881
-1031
-1140
-1153
-1092
-935
-689
-412
-124
146
349
478
485
375
203
-3
-158
-236
-228
-152
-24
165
370
521
643
719
669
526
344
189
55
-15
57
214
431
733
1074
1357
1529
1637
1659
1511
1258
979
710
440
186
-31
-248
-428
-524
-572
-614
-635
-631
-610
-600
-569
-461
-351
-261
-193
-161
-147
-166
-217
-308
-445
-596
-738
-838
-873
-883
-891
-893
-880
-881
-919
-945
-932
-898
-826
-721
-603
-460
-291
-92
57
102
103
36
-90
-250
-391
-450
-474
-482
-435
-344
-236
-92
92
276
411
525
632
710
784
868
947
1014
1088
1156
1198
1207
1203
1168
1063
937
802
645
479
332
219
130
82
85
113
143
192
238
275
305
296
265
216
139
37
-100
-283
-496
-707
-878
-1007
-1124
-1197
-1226
-1212
-1132
-988
-806
-606
-393
-210
-72
29
76
29
-79
-208
-355
-480
-523
-482
-387
-238
-22
191
344
452
510
497
428
315
171
39
-23
6
108
297
562
841
1080
1268
1401
1454
1431
1344
1177
977
795
615
451
280
120
1
-117
-236
-322
-389
-431
-431
-413
-375
-315
-247
-191
-157
-157
-195
-262
-378
-514
-630
-739
-821
-889
-948
-993
-1032
-1063
-1102
-1180
-1236
-1219
-1164
-1060
-901
-703
-486
-289
-114
10
71
70
26
-42
-156
-290
-398
-467
-495
-454
-371
-254
-93
94
276
472
664
820
959
1067
1157
1221
1271
1325
1355
1361
1346
1316
1277
1204
1118
1027
916
809
694
574
490
440
432
461
483
518
580
614
614
608
581
524
452
348
224
72
-105
-283
-471
-662
-814
-924
-1020
-1072
-1081
-1043
-969
-878
-760
-646
-555
-491
-486
-531
-606
-720
-841
-922
-949
-904
-781
-596
-404
-225
-84
-17
-10
-46
-152
-283
-395
-474
-494
-444
-306
-90
169
450
731
983
1168
1261
1279
1219
1095
950
786
623
468
319
178
9
-173
-344
-518
-673
-790
-860
-854
-774
-652
-493
-288
-96
55
169
233
242
191
82
-70
-240
-398
-547
-665
-736
-776
-788
-765
-705
-631
-542
-423
-297
-161
-20
106
214
304
368
396
388
353
283
193
108
-2
-107
-168
-186
-141
-29
145
360
606
859
1085
1269
1385
1432
1434
1375
1282
1187
1088
1005
944
897
857
809
751
692
601
489
361
213
71
-43
-116
-163
-184
-164
-124
-88
-66
-75
-146
-259
-410
-608
-818
-1019
-1180
-1300
-1376
-1387
-1347
-1300
-1253
-1183
-1132
-1115
-1095
-1068
-1046
-1024
-974
-904
-838
-760
-681
-609
-535
-452
-357
-264
-167
-56
46
125
166
188
179
127
89
55
11
0
47
154
298
486
722
976
1224
1435
1613
1755
1810
1789
1720
1588
1416
1218
1006
790
567
348
132
-56
-244
-380
-435
-484
-472
-386
-254
-92
68
234
370
440
458
415
298
122
-81
-322
-571
-768
-936
-1033
-1059
-1070
-1034
-947
-864
-782
-682
-594
-509
-424
-372
-300
-205
-152
-122
-94
-101
-130
-175
-240
-296
-346
-380
-345
-273
-183
-27
164
368
571
787
959
1069
1126
1110
1073
987
887
805
740
696
678
682
681
660
626
566
455
313
166
39
-59
-125
-131
-99
-54
0
51
74
26
-60
-188
-361
-539
-728
-862
-950
-1008
-1013
-993
-977
-968
-968
-981
-1010
-1037
-1045
-1063
-1060
-1014
-956
-870
-773
-657
-550
-465
-379
-331
-283
-217
-147
-88
-27
30
56
67
85
121
143
164
205
242
321
445
601
775
943
1127
1279
1402
1505
1562
1602
1611
1575
1508
1417
1312
1171
973
760
545
306
80
-91
-185
-199
-139
-18
120
282
431
543
608
592
542
424
238
35
-181
-379
-541
-666
-733
-755
-759
-758
-759
-779
-801
-837
-880
-920
-938
-932
-887
-794
-696
-575
-471
-425
-403
-417
-459
-520
-592
-653
-686
-686
-648
-537
-390
-201
29
239
434
585
672
704
679
626
568
515
496
502
527
575
606
603
560
473
355
216
66
-55
-148
-190
-179
-139
-73
10
102
163
161
105
33
-60
-184
-309
-399
-452
-475
-465
-428
-372
-346
-355
-399
-491
-576
-642
-679
-664
-612
-524
-383
-236
-88
54
145
193
185
143
108
98
93
94
107
158
236
299
340
367
382
373
346
313
305
336
429
573
767
956
1111
1251
1316
1323
1330
1310
1256
1184
1083
956
791
614
436
225
-5
-231
-426
-588
-673
-660
-590
-457
-302
-150
-14
68
109
94
26
-81
-253
-448
-630
-820
-978
-1086
-1168
-1191
-1174
-1174
-1177
-1175
-1210
-1234
-1212
-1158
-1091
-1020
-929
-821
-695
-557
-449
-362
-301
-285
-287
-298
-307
-302
-266
-193
-89
53
222
395
572
744
886
987
1044
1065
1056
1040
1026
1007
1009
1016
993
964
945
909
849
774
705
632
559
512
497
498
518
560
581
588
565
476
352
202
34
-113
-239
-317
-356
-401
-429
-437
-470
-507
-549
-607
-673
-750
-828
-887
-919
-927
-895
-838
-780
-705
-645
-614
-585
-565
-552
-545
-533
-514
-492
-461
-421
-353
-289
-259
-226
-187
-162
-139
-102
-37
40
142
278
415
564
741
905
1029
1133
1219
1252
1241
1203
1141
1056
927
800
665
487
308
149
7
-99
-134
-104
-44
49
176
280
352
413
454
461
413
328
236
121
-7
-129
-247
-357
-460
-565
-664
-754
-837
-903
-976
-1035
-1026
-995
-942
-848
-729
-581
-456
-355
-272
-230
-225
-243
-287
-343
-384
-388
-368
-322
-225
-107
17
155
296
404
484
550
611
632
626
653
669
660
650
640
609
549
503
473
413
339
301
267
238
242
268
287
304
332
358
355
333
317
267
179
76
-19
-119
-220
-286
-324
-342
-373
-410
-450
-515
-592
-670
-749
-810
-846
-859
-830
-774
-701
-618
-548
-485
-432
-409
-391
-379
-361
-328
-294
-228
-163
-121
-82
-51
-17
2
21
45
30
20
39
61
122
238
392
544
678
838
974
1053
1131
1193
1204
1176
1104
992
850
687
531
367
206
63
-59
-149
-208
-222
-183
-118
-38
56
151
226
275
306
302
280
264
225
164
84
-22
-156
-306
-469
-650
-816
-951
-1059
-1133
-1154
-1130
-1069
-964
-829
-701
-590
-473
-368
-291
-232
-179
-125
-94
-98
-114
-142
-176
-206
-215
-186
-126
-48
40
159
283
383
476
563
627
663
705
748
755
762
768
754
724
672
627
575
502
429
358
281
208
157
139
133
130
152
175
178
175
157
120
57
-11
-74
-155
-252
-347
-445
-533
-617
-691
-742
-788
-828
-861
-883
-870
-832
-783
-723
-639
-543
-448
-360
-285
-214
-149
-97
-68
-52
-39
-35
-51
-67
-60
-30
-18
-21
-15
4
24
71
158
256
370
514
669
819
940
1046
1139
1193
1207
1197
1155
1081
976
845
714
560
406
266
133
29
-59
-114
-139
-160
-135
-87
-32
25
80
135
167
191
217
215
179
111
15
-89
-225
-386
-532
-686
-828
-939
-1039
-1100
-1120
-1108
-1064
-1014
-947
-848
-748
-645
-557
-486
-424
-367
-317
-291
-269
-256
-263
-294
-324
-328
-327
-293
-233
-153
-45
60
168
271
363
454
506
524
522
504
499
486
472
457
442
423
409
391
362
338
317
325
352
389
426
481
550
605
660
686
669
618
522
423
312
173
41
-98
-222
-302
-373
-434
-489
-528
-550
-563
-548
-525
-499
-466
-426
-360
-286
-219
-156
-113
-108
-110
-108
-120
-127
-128
-136
-145
-153
-161
-159
-160
-166
-158
-140
-107
-52
24
124
245
384
523
643
754
844
893
906
876
811
720
600
471
337
204
80
-39
-151
-251
-337
-406
-458
-489
-499
-485
-447
-374
-266
-140
-21
87
188
267
321
327
284
195
76
-46
-185
-321
-456
-586
-684
-757
-793
-787
-763
-705
-632
-542
-440
-341
-253
-175
-100
-36
17
50
78
92
98
95
67
31
1
-34
-65
-74
-66
-32
29
113
206
292
371
431
482
542
577
602
613
595
580
560
528
487
460
425
387
350
319
298
270
261
263
293
336
370
392
400
395
377
312
206
90
-39
-151
-259
-363
-444
-495
-508
-508
-502
-497
-518
-568
-632
-697
-737
-740
-722
-690
-621
-531
-441
-343
-257
-177
-128
-96
-87
-108
-113
-130
-158
-169
-197
-216
-207
-184
-128
-54
25
114
192
282
383
463
528
565
583
598
607
605
569
499
421
324
224
142
60
-14
-90
-157
-212
-255
-271
-269
-254
-209
-126
-32
71
168
262
330
385
417
395
346
264
153
32
-89
-213
-328
-419
-498
-560
-587
-611
-612
-589
-567
-514
-442
-336
-215
-101
1
87
158
220
261
269
246
180
110
30
-54
-112
-160
-174
-163
-138
-83
-18
51
119
172
204
241
293
350
410
481
531
561
578
573
550
519
469
400
334
261
201
179
191
223
256
281
289
290
281
251
197
131
59
-19
-98
-155
-188
-200
-209
-237
-273
-334
-413
-504
-620
-737
-846
-932
-974
-971
-927
-840
-715
-570
-432
-297
-185
-109
-79
-90
-124
-172
-222
-262
-280
-273
-248
-206
-152
-110
-50
7
45
78
81
93
114
131
179
248
339
432
523
599
635
653
628
555
449
326
181
36
-79
-158
-189
-182
-131
-43
67
185
312
418
520
617
704
772
800
808
782
723
638
530
413
270
119
-23
-151
-268
-373
-448
-496
-500
-454
-386
-311
-237
-174
-100
-37
15
81
122
147
160
137
99
49
-20
-114
-215
-299
-374
-435
-485
-511
-495
-457
-405
-335
-267
-177
-90
-1
81
155
234
296
346
378
372
341
286
192
101
10
-82
-164
-250
-306
-313
-294
-255
-194
-131
-77
-36
-18
-22
-36
-43
-46
-50
-43
-21
-9
-25
-57
-123
-194
-285
-384
-468
-541
-564
-550
-518
-440
-327
-190
-56
43
139
223
277
309
319
325
320
312
298
282
273
255
226
157
74
18
-46
-115
-158
-175
-146
-88
-15
74
169
279
387
458
507
529
527
493
404
308
195
73
-20
-111
-173
-193
-196
-174
-154
-120
-42
49
132
206
282
343
369
372
341
292
237
155
76
-37
-145
-258
-376
-467
-547
-574
-564
-538
-494
-438
-381
-323
-268
-205
-133
-57
3
38
64
67
71
49
0
-52
-104
-156
-214
-260
-303
-337
-338
-324
-297
-223
-141
-47
54
149
263
362
428
483
515
528
543
533
515
482
436
379
300
231
158
88
47
29
29
64
117
154
191
223
240
260
277
286
302
313
312
280
230
164
55
-60
-187
-320
-427
-531
-625
-685
-717
-707
-644
-544
-406
-274
-142
-26
61
134
170
192
191
156
130
100
51
6
-54
-118
-189
-270
-345
-409
-446
-461
-442
-387
-302
-191
-74
50
177
280
364
415
433
407
342
256
153
47
-54
-149
-229
-282
-311
-302
-256
-188
-115
-29
46
114
184
243
302
356
402
431
433
398
325
229
110
-18
-156
-282
-379
-442
-456
-440
-402
-338
-276
-212
-139
-82
-25
18
38
64
77
87
111
131
148
143
121
81
18
-39
-104
-159
-194
-214
-205
-184
-132
-55
13
88
170
246
313
364
389
401
410
412
409
399
385
341
288
230
145
69
4
-35
-43
-30
16
73
149
234
310
377
431
469
482
460
414
357
281
204
138
57
-27
-122
-226
-315
-405
-473
-529
-564
-562
-535
-478
-412
-336
-259
-199
-136
-87
-60
-46
-56
-80
-120
-187
-266
-350
-443
-522
-594
-662
-705
-735
-750
-741
-713
-657
-581
-475
-355
-235
-113
-14
63
115
124
101
50
-15
-79
-150
-210
-262
-308
-322
-305
-268
-205
-137
-36
72
164
266
366
451
526
580
619
637
631
607
549
473
387
295
206
128
57
5
-15
-1
46
103
185
275
356
424
479
519
546
562
581
598
608
621
631
616
582
531
454
364
274
179
100
38
-1
7
42
103
177
246
311
370
407
416
395
368
329
289
258
222
187
141
96
52
-11
-72
-139
-213
-272
-317
-330
-319
-288
-228
-169
-108
-65
-48
-38
-58
-106
-173
-265
-364
-461
-552
-634
-719
-792
-869
-930
-958
-985
-991
-962
-925
-871
-794
-697
-586
-493
-401
-318
-267
-239
-249
-278
-313
-387
-446
-500
-581
-626
-647
-655
-638
-615
-554
-467
-374
-257
-120
10
148
291
406
496
562
595
598
568
517
443
361
291
242
209
205
226
254
295
343
389
439
499
558
634
709
767
827
873
885
877
857
795
717
625
514
414
322
242
171
119
111
113
139
196
232
270
303
314
329
318
303
299
293
288
283
275
252
212
167
87
-24
-118
-197
-260
-305
-333
-344
-345
-337
-314
-282
-242
-185
-122
-72
-35
-5
-8
-28
-52
-89
-139
-175
-200
-232
-264
-293
-334
-384
-431
-470
-479
-467
-423
-331
-248
-162
-77
-23
13
22
20
6
-9
-15
-47
-82
-110
-173
-237
-305
-385
-449
-501
-542
-567
-565
-531
-479
-403
-314
-231
-147
-76
-19
38
69
73
59
11
-46
-113
-198
-291
-379
-446
-491
-518
-509
-455
-381
-291
-179
-68
34
141
208
270
328
371
392
369
358
342
319
293
258
246
249
259
275
294
325
352
379
418
443
484
537
561
571
583
584
590
595
594
581
544
509
442
394
364
290
250
215
172
164
144
154
165
149
177
194
216
250
255
249
236
227
217
191
155
116
75
37
-17
-91
-149
-211
-251
-287
-322
-336
-359
-349
-296
-254
-188
-123
-71
-7
7
7
-12
-70
-109
-160
-221
-264
-323
-374
-418
-482
-531
-556
-572
-533
-490
-435
-358
-302
-230
-175
-144
-117
-116
-122
-138
-184
-215
-257
-299
-344
-417
-481
-540
-605
-655
-697
-753
-771
-764
-751
-697
-637
-563
-455
-338
-223
-123
-31
21
60
81
62
44
3
-44
-88
-140
-187
-228
-242
-242
-215
-140
-64
35
164
281
406
536
628
714
771
810
844
852
853
824
783
747
716
692
670
635
619
609
581
588
598
616
661
688
728
751
761
769
742
706
643
581
514
433
366
278
199
119
44
-12
-69
-104
-116
-130
-146
-146
-163
-149
-140
-134
-107
-116
-111
-130
-158
-175
-203
-217
-254
-301
-336
-406
-473
-522
-575
-596
-605
-604
-567
-532
-492
-438
-377
-294
-215
-156
-103
-71
-51
-45
-61
-92
-136
-177
-238
-286
-323
-366
-371
-383
-389
-385
-390
-356
-297
-211
-105
-12
70
130
166
182
178
161
136
99
38
-40
-132
-223
-306
-402
-463
-514
-566
-573
-568
-553
-496
-434
-349
-206
-77
54
150
200
233
229
209
184
147
90
6
-85
-168
-233
-274
-297
-295
-274
-228
-145
-52
62
175
266
351
405
449
508
553
593
627
624
612
591
557
531
501
471
455
434
423
418
415
429
443
469
513
552
593
638
665
677
672
644
613
586
546
495
445
372
315
250
184
139
78
36
-7
-41
-70
-91
-93
-97
-87
-81
-88
-80
-85
-109
-132
-191
-231
-263
-314
-336
-369
-414
-448
-499
-533
-551
-572
-563
-551
-532
-502
-486
-446
-401
-346
-299
-278
-272
-267
-275
-298
-322
-364
-401
-430
-458
-474
-470
-463
-451
-422
-411
-398
-379
-357
-317
-278
-238
-193
-144
-104
-83
-79
-99
-138
-183
-237
-310
-373
-420
-459
-472
-470
-464
-452
-424
-384
-328
-265
-199
-115
-30
55
133
189
240
283
299
317
324
309
309
308
290
277
280
277
288
319
344
384
428
483
554
616
669
711
747
804
849
875
901
915
909
894
866
816
763
711
647
592
549
514
501
501
503
507
508
528
534
531
534
499
472
445
384
343
297
230
168
99
35
-14
-85
-146
-210
-279
-320
-359
-377
-393
-401
-394
-382
-359
-353
-363
-365
-393
-433
-459
-523
-570
-612
-657
-675
-710
-737
-765
-798
-806
-823
-837
-840
-844
-827
-807
-773
-714
-672
-637
-602
-558
-505
-468
-438
-432
-437
-441
-442
-438
-430
-416
-400
-382
-366
-333
-293
-241
-182
-131
-70
-38
2
66
114
172
213
227
233
226
228
220
215
211
196
191
176
179
192
212
231
240
261
270
283
312
351
401
442
481
501
498
494
499
522
533
539
538
524
506
500
494
466
439
397
356
336
317
344
372
405
450
464
503
527
535
549
531
510
487
449
411
392
378
345
323
301
270
245
214
187
153
126
108
96
85
71
58
38
19
-7
-35
-63
-107
-161
-198
-252
-305
-346
-394
-426
-466
-484
-486
-484
-474
-470
-466
-477
-490
-505
-525
-545
-565
-571
-575
-577
-581
-573
-550
-540
-520
-518
-519
-529
-571
-594
-624
-640
-625
-606
-564
-506
-429
-353
-277
-205
-160
-117
-85
-63
-46
-32
-28
-27
-28
-27
-14
-3
4
32
48
62
86
100
127
145
185
229
271
314
344
365
377
385
378
363
356
347
345
339
317
306
293
273
261
254
244
243
255
258
253
245
238
231
232
245
265
293
317
342
357
364
357
332
293
258
214
171
136
94
67
65
55
48
71
88
119
165
184
202
218
214
208
208
198
181
187
195
179
160
121
61
11
-26
-66
-91
-93
-106
-102
-102
-114
-121
-145
-140
-136
-127
-124
-130
-135
-155
-170
-199
-226
-245
-262
-274
-274
-283
-304
-321
-345
-371
-382
-388
-394
-380
-363
-336
-306
-280
-254
-227
-207
-189
-171
-149
-140
-142
-137
-154
-165
-184
-195
-198
-204
-182
-164
-141
-102
-69
-26
4
24
54
84
115
130
130
124
124
116
104
94
82
81
69
61
63
54
57
70
70
96
116
130
161
162
167
178
177
179
177
163
153
139
118
110
93
77
61
42
28
0
-30
-43
-60
-61
-58
-69
-51
-32
-6
37
65
96
124
143
161
149
120
94
56
9
-37
-88
-120
-143
-166
-155
-135
-96
-48
-1
50
88
121
152
175
202
223
242
249
241
210
184
163
125
108
72
39
34
19
17
36
63
92
124
146
160
174
176
181
180
170
154
134
101
62
45
13
-30
-70
-112
-149
-189
-231
-253
-263
-262
-249
-235
-209
-180
-159
-148
-135
-131
-135
-121
-124
-128
-140
-180
-214
-245
-292
-323
-348
-373
-375
-358
-336
-296
-240
-193
-138
-76
-39
16
42
49
82
77
71
64
42
27
2
-19
-47
-69
-80
-90
-100
-113
-96
-72
-61
-14
23
57
108
126
154
177
190
201
193
203
181
149
140
99
69
46
-7
-40
-72
-107
-128
-147
-153
-130
-85
-41
13
86
147
217
283
319
358
367
357
346
306
266
219
154
100
37
-15
-53
-61
-41
-20
33
74
129
197
248
305
368
411
455
474
469
459
416
375
323
260
198
132
83
30
-19
-52
-79
-78
-60
-33
-14
20
46
67
89
108
130
147
148
125
106
70
20
-48
-115
-185
-245
-301
-355
-384
-422
-436
-437
-433
-424
-407
-387
-360
-322
-290
-255
-222
-206
-202
-205
-232
-256
-291
-347
-396
-448
-491
-529
-550
-558
-557
-541
-500
-449
-388
-322
-260
-194
-139
-73
-31
6
25
24
27
24
16
3
-24
-47
-64
-86
-90
-87
-85
-68
-34
20
81
149
227
304
371
425
466
493
509
494
475
445
407
377
345
305
259
208
155
117
102
83
67
81
95
145
206
267
330
378
420
466
499
499
481
439
380
314
238
161
88
29
-33
-81
-104
-111
-106
-91
-64
-26
29
93
168
231
268
286
295
298
284
259
208
144
83
35
-17
-63
-112
-157
-183
-186
-173
-150
-121
-95
-62
-36
-12
12
33
26
23
23
1
-19
-60
-127
-213
-309
-393
-469
-516
-549
-568
-571
-554
-512
-463
-426
-386
-337
-304
-274
-251
-248
-261
-273
-292
-307
-317
-334
-349
-379
-424
-466
-496
-527
-536
-517
-486
-429
-347
-263
-172
-77
9
88
169
234
280
305
298
290
276
250
220
193
160
127
96
55
33
25
40
80
140
212
285
356
418
487
553
612
665
701
711
695
660
605
541
467
389
311
236
177
128
87
38
12
10
19
59
113
173
228
279
310
338
347
336
316
258
186
108
31
-36
-103
-174
-239
-290
-322
-333
-332
-311
-276
-231
-175
-119
-52
13
63
106
136
138
123
88
23
-37
-90
-140
-173
-214
-257
-287
-309
-313
-288
-270
-250
-211
-181
-129
-70
-21
32
63
89
108
111
89
56
0
-72
-141
-211
-267
-313
-338
-351
-358
-352
-328
-279
-235
-186
-146
-121
-108
-102
-89
-82
-76
-79
-90
-110
-130
-145
-168
-186
-210
-239
-269
-287
-279
-262
-233
-181
-118
-65
-6
56
123
173
202
228
234
236
239
236
234
225
205
178
147
115
92
76
55
55
73
96
142
201
251
295
351
402
445
485
502
496
473
442
393
350
307
246
194
148
93
43
4
-38
-68
-87
-82
-59
-24
18
59
110
146
182
196
187
187
147
76
11
-64
-148
-218
-285
-346
-380
-396
-407
-397
-375
-336
-283
-240
-170
-94
-48
12
45
58
72
56
35
-3
-46
-104
-161
-196
-231
-245
-249
-237
-198
-165
-126
-78
-43
-19
8
42
76
112
142
145
138
141
127
111
83
33
-17
-67
-98
-116
-126
-141
-134
-108
-81
-27
8
28
48
63
61
56
68
51
48
40
25
14
-21
-31
-38
-68
-86
-117
-145
-141
-150
-140
-104
-85
-65
-11
22
23
66
95
102
126
122
114
99
78
75
49
29
13
-19
-37
-48
-51
-52
-46
-33
-4
50
84
134
200
237
261
268
268
250
233
217
176
141
93
46
1
-43
-86
-131
-167
-193
-204
-208
-198
-163
-128
-83
-24
23
72
117
138
158
169
170
154
120
69
1
-57
-124
-187
-214
-240
-252
-239
-189
-128
-81
-22
39
95
149
189
209
220
226
220
189
157
114
57
5
-43
-72
-101
-120
-126
-130
-120
-106
-86
-59
-33
7
48
96
139
167
199
198
176
144
96
45
-8
-46
-76
-105
-123
-144
-151
-162
-161
-148
-158
-144
-130
-110
-91
-98
-92
-99
-107
-113
-123
-145
-167
-180
-195
-219
-252
-278
-303
-316
-314
-317
-312
-297
-257
-219
-195
-157
-131
-106
-68
-26
9
34
60
85
87
82
77
58
53
41
39
52
51
62
85
119
151
195
253
296
340
388
429
463
494
508
510
505
479
458
436
405
373
351
308
247
215
177
155
154
147
157
164
168
196
217
230
233
235
234
209
205
169
123
108
52
3
-56
-115
-174
-226
-251
-286
-305
-300
-283
-261
-238
-218
-193
-163
-123
-82
-68
-69
-69
-90
-109
-149
-191
-225
-264
-281
-301
-312
-331
-344
-347
-354
-328
-306
-282
-226
-199
-176
-143
-142
-133
-121
-126
-127
-136
-158
-187
-204
-230
-253
-255
-270
-284
-268
-264
-259
-240
-235
-215
-186
-176
-152
-109
-83
-52
-23
-10
-7
-8
-6
2
19
18
26
33
22
39
44
59
83
101
135
156
201
238
274
322
338
365
391
397
402
394
376
357
359
362
362
355
348
345
338
329
314
325
332
338
369
381
399
412
407
406
402
381
368
344
300
267
219
167
122
75
41
7
-13
-28
-56
-74
-99
-114
-124
-133
-127
-115
-113
-126
-133
-157
-179
-205
-247
-270
-303
-330
-351
-378
-409
-448
-474
-481
-494
-476
-438
-416
-365
-315
-282
-237
-216
-207
-212
-217
-223
-235
-233
-241
-238
-232
-227
-226
-232
-241
-252
-248
-234
-203
-145
-86
-29
37
95
148
183
206
208
201
197
173
154
131
112
96
86
87
71
68
56
47
44
38
33
38
63
82
116
145
163
188
198
195
190
165
141
118
94
94
92
97
104
107
126
126
121
108
84
83
82
89
116
133
153
179
183
194
180
159
150
118
85
59
20
1
-3
-12
-17
-14
-2
5
22
31
30
35
40
35
58
71
73
100
102
105
110
87
69
43
10
-24
-58
-80
-85
-85
-95
-102
-114
-128
-129
-119
-119
-127
-125
-130
-142
-154
-169
-171
-174
-172
-177
-205
-227
-240
-256
-273
-292
-290
-273
-242
-206
-173
-129
-91
-61
-30
-22
-23
-25
-32
-30
-30
-39
-31
-26
-19
-13
-20
-30
-44
-37
-30
-19
16
35
62
100
129
166
206
225
235
240
218
201
164
127
112
91
85
86
83
94
87
89
99
94
108
122
124
144
154
160
170
163
169
172
152
132
106
76
47
11
-18
-34
-39
-26
-14
-28
-43
-42
-45
-44
-42
-61
-75
-67
-70
-68
-69
-75
-72
-71
-74
-80
-85
-94
-107
-111
-126
-149
-163
-153
-134
-119
-91
-65
-45
-26
-14
4
29
51
49
37
30
30
31
7
-10
-16
-9
-2
3
23
25
16
9
8
13
30
47
52
68
77
80
73
62
56
56
62
70
70
42
27
31
31
25
23
19
-3
-17
-41
-69
-81
-88
-79
-68
-55
-37
-25
-6
-8
-10
-8
-10
-12
-10
8
-2
-24
-48
-68
-78
-62
-30
-24
-10
19
38
66
90
88
97
122
128
126
126
125
127
126
93
50
37
26
14
-5
-21
-12
3
8
-2
-21
-45
-49
-41
-48
-51
-51
-53
-42
-42
-79
-108
-125
-147
-152
-154
-160
-153
-145
-142
-132
-109
-107
-131
-141
-168
-179
-173
-185
-171
-142
-130
-109
-84
-84
-68
-52
-63
-57
-43
-29
-34
-38
-31
-29
-18
-8
-1
16
40
71
108
125
134
153
173
181
199
227
234
243
254
254
261
269
266
267
285
290
291
283
272
271
267
268
268
263
257
232
209
197
188
185
174
164
150
120
103
91
74
53
29
5
-25
-52
-77
-99
-117
-137
-163
-192
-207
-213
-227
-243
-247
-244
-249
-262
-283
-278
-280
-299
-292
-288
-290
-273
-262
-254
-231
-215
-204
-190
-176
-163
-153
-136
-128
-122
-107
-97
-84
-66
-63
-60
-46
-41
-44
-40
-38
-29
-19
-22
-25
-21
-24
-32
-26
-24
-19
0
12
10
23
39
40
43
46
42
31
19
25
44
48
61
74
69
90
98
90
92
79
72
69
52
42
44
32
21
34
32
31
42
32
29
20
1
-2
-3
1
14
32
44
51
62
71
86
107
122
135
154
175
178
191
197
199
229
240
249
261
259
252
239
232
225
227
237
237
229
223
218
208
204
193
182
167
143
122
97
81
77
56
30
19
3
-21
-38
-58
-87
-120
-145
-167
-195
-216
-244
-261
-268
-294
-303
-314
-339
-355
-385
-412
-413
-414
-408
-404
-400
-396
-386
-382
-383
-369
-369
-373
-362
-338
-320
-303
-273
-255
-233
-201
-174
-150
-129
-114
-101
-81
-73
-58
-42
-45
-25
-14
-7
12
11
18
45
61
75
96
100
112
130
141
167
185
194
211
235
239
249
262
264
288
300
303
322
334
326
314
317
304
302
305
287
287
285
274
285
302
304
305
310
320
330
326
318
298
285
275
257
251
244
229
215
207
203
199
180
146
119
102
89
89
81
68
58
39
25
17
4
-14
-28
-49
-71
-86
-115
-133
-129
-146
-173
-200
-227
-249
-271
-297
-326
-335
-357
-366
-377
-396
-385
-380
-367
-348
-343
-345
-353
-364
-369
-371
-374
-377
-389
-396
-389
-390
-377
-360
-349
-339
-332
-337
-341
-339
-326
-306
-299
-286
-260
-228
-193
-159
-136
-103
-75
-61
-39
-27
-7
34
78
114
150
179
203
223
234
251
260
264
279
286
287
296
309
323
333
336
331
324
329
344
362
367
359
370
376
387
400
404
409
416
409
400
403
403
402
385
370
361
334
315
292
264
238
200
161
122
97
76
40
12
-9
-37
-56
-68
-82
-90
-101
-116
-125
-127
-131
-134
-137
-149
-161
-170
-193
-210
-214
-230
-242
-255
-267
-272
-276
-280
-285
-281
-284
-290
-287
-283
-281
-282
-275
-277
-264
-257
-242
-219
-215
-198
-181
-178
-169
-163
-156
-142
-131
-117
-102
-91
-84
-74
-60
-50
-47
-24
-11
-4
19
31
42
57
60
66
75
73
80
79
76
68
57
57
52
51
47
45
47
46
46
57
63
72
90
90
95
107
108
114
119
127
128
124
131
140
146
149
153
153
147
139
136
109
96
100
77
77
67
62
62
54
56
45
38
39
34
33
26
7
-5
-15
-21
-1
8
25
29
11
12
-3
-19
-31
-40
-32
-16
-8
4
4
-9
-15
-33
-40
-46
-48
-48
-56
-50
-52
-39
-22
-20
-5
3
-1
-7
-11
-23
-19
-20
-5
20
28
54
47
32
21
6
-5
-15
-11
-17
-16
-15
-6
-6
-8
-9
-22
-26
-37
-38
-43
-48
-37
-47
-46
-48
-45
-41
-41
-46
-59
-71
-74
-64
-58
-32
-24
-28
-19
-20
-2
10
9
12
4
-5
-13
-6
-1
-4
-14
-33
-57
-89
-107
-114
-107
-114
-119
-125
-135
-133
-130
-120
-98
-82
-66
-42
-21
-5
12
30
48
61
68
75
74
76
75
77
78
77
86
83
76
82
82
86
84
81
87
87
82
84
98
103
107
108
109
111
101
85
71
66
65
59
49
39
27
18
19
20
29
30
28
29
19
25
28
24
33
26
25
27
28
29
19
8
-15
-41
-68
-85
-82
-73
-60
-42
-27
-24
-25
-26
-28
-26
-17
-1
8
7
7
6
2
7
16
15
16
5
-13
-35
-48
-49
-60
-58
-57
-59
-50
-56
-52
-48
-48
-46
-55
-54
-50
-53
-57
-70
-81
-83
-92
-99
-118
-135
-126
-131
-119
-97
-84
-64
-56
-38
-16
-5
8
13
17
13
0
-7
-16
-38
-62
-77
-79
-73
-80
-76
-69
-63
-58
-56
-39
-24
-11
12
28
49
74
89
94
98
109
114
111
111
111
119
123
125
130
132
145
151
161
171
172
177
171
172
173
151
138
127
120
120
117
119
115
109
105
94
77
61
46
38
39
35
43
40
31
27
3
-13
-36
-57
-72
-76
-67
-65
-55
-52
-59
-62
-65
-66
-70
-65
-55
-46
-34
-40
-61
-83
-99
-104
-105
-99
-86
-74
-63
-47
-27
-19
-13
-6
-4
-7
-7
-21
-52
-77
-90
-92
-93
-94
-102
-106
-106
-112
-109
-101
-93
-81
-73
-58
-51
-55
-54
-56
-64
-67
-69
-72
-78
-81
-87
-99
-97
-89
-75
-49
-23
-10
-10
-18
-29
-29
-18
-7
5
25
33
28
29
29
29
32
40
35
20
9
10
10
25
49
60
69
71
79
81
89
93
82
88
96
102
109
115
121
133
140
144
146
148
153
155
158
160
163
162
164
174
172
164
167
164
161
170
173
167
154
137
116
104
98
93
90
73
62
47
28
20
12
0
-10
-18
-34
-47
-43
-47
-62
-72
-84
-105
-122
-141
-151
-148
-154
-162
-172
-184
-199
-217
-219
-216
-204
-188
-166
-151
-157
-163
-170
-176
-176
-167
-156
-140
-133
-135
-138
-138
-147
-158
-151
-150
-155
-153
-141
-141
-127
-99
-85
-67
-49
-34
-27
-14
-1
8
10
12
28
35
36
44
53
48
45
43
13
-5
-9
-18
-13
3
26
50
85
115
123
129
121
113
109
104
102
105
114
120
110
92
74
52
33
19
8
3
6
20
33
35
47
58
62
68
70
69
82
94
96
104
110
113
117
124
115
107
107
97
97
90
76
76
80
76
69
71
77
71
71
74
65
68
77
77
72
65
65
54
40
23
-5
-20
-29
-41
-50
-60
-62
-60
-59
-62
-70
-80
-78
-91
-106
-109
-120
-118
-112
-115
-105
-101
-107
-110
-121
-130
-141
-153
-151
-153
-160
-161
-153
-148
-154
-145
-142
-139
-118
-107
-90
-64
-55
-44
-28
-27
-25
-22
-18
-12
-12
-13
-3
6
18
27
40
47
53
73
73
84
101
102
105
98
102
105
99
105
99
91
98
93
89
97
90
81
91
91
96
90
85
89
78
80
67
61
65
46
38
25
15
2
-14
-24
-35
-49
-64
-73
-80
-81
-75
-71
-63
-58
-56
-57
-45
-28
-25
-17
-8
5
9
4
3
-1
-9
-17
-23
-29
-27
-13
-3
20
40
47
56
60
56
40
15
-5
-12
-22
-26
-13
5
32
57
71
81
88
79
65
55
29
-3
-21
-34
-24
-14
0
21
39
51
49
42
26
10
-16
-41
-52
-60
-55
-54
-57
-57
-69
-75
-74
-79
-79
-76
-65
-49
-35
-30
-31
-28
-28
-35
-39
-39
-34
-31
-43
-47
-35
-30
-21
-13
-8
-2
-2
-9
-21
-31
-37
-41
-19
-4
11
30
52
83
103
119
122
132
130
113
99
83
59
34
10
-3
-2
-7
-4
2
13
28
40
51
64
64
52
37
36
31
20
15
1
0
9
2
-8
-25
-47
-72
-98
-112
-130
-134
-121
-102
-81
-66
-41
-13
-1
-2
-1
7
14
4
-10
-22
-27
-32
-46
-53
-58
-61
-61
-51
-41
-26
0
10
29
39
38
38
37
31
22
26
32
27
23
22
25
33
34
34
38
41
42
54
66
77
84
88
97
96
101
107
100
99
100
105
106
103
93
76
71
68
57
48
43
39
34
30
30
21
6
-16
-36
-55
-68
-71
-73
-76
-76
-77
-81
-85
-87
-89
-90
-88
-95
-108
-127
-133
-133
-131
-120
-103
-88
-88
-84
-86
-97
-106
-111
-108
-111
-108
-100
-85
-76
-64
-51
-53
-58
-68
-89
-105
-113
-118
-120
-123
-111
-91
-72
-48
-18
5
15
23
24
14
4
1
0
5
17
30
44
54
61
74
85
86
85
83
77
78
90
102
115
133
154
160
159
162
162
158
154
144
124
108
107
110
110
120
134
148
159
169
176
175
172
168
165
159
148
141
131
114
97
87
82
79
73
65
55
42
30
31
25
18
10
-2
-7
-2
6
-8
-27
-41
-63
-74
-82
-82
-84
-97
-110
-125
-135
-138
-140
-137
-149
-166
-180
-199
-212
-222
-226
-227
-217
-197
-179
-162
-153
-151
-160
-173
-185
-191
-199
-203
-208
-208
-204
-203
-194
-186
-185
-174
-164
-157
-139
-127
-119
-107
-91
-57
-17
13
39
52
65
77
87
95
98
96
103
104
103
112
116
128
140
141
141
141
148
160
163
175
191
203
224
230
223
222
219
213
217
211
201
199
185
189
196
188
184
165
155
139
112
97
81
69
77
83
88
102
99
102
108
101
95
75
53
23
-13
-41
-61
-76
-74
-86
-99
-99
-107
-114
-117
-119
-121
-116
-119
-120
-123
-131
-135
-139
-144
-157
-159
-170
-173
-182
-178
-161
-153
-133
-117
-104
-90
-82
-85
-84
-67
-47
-29
-16
-17
-16
-13
-13
-9
-8
2
0
-11
-26
-41
-51
-61
-72
-82
-88
-84
-68
-52
-45
-39
-26
-5
18
22
26
23
27
41
32
25
19
-7
-25
-44
-62
-59
-62
-51
-52
-49
-41
-37
-15
-4
12
41
48
71
94
96
114
118
118
119
111
109
98
87
76
72
73
73
77
80
77
75
77
79
91
100
113
133
139
149
154
143
135
111
95
85
71
60
35
3
-22
-44
-65
-72
-78
-91
-94
-82
-79
-70
-57
-55
-52
-43
-26
-19
-16
-23
-33
-34
-35
-43
-48
-55
-62
-71
-101
-108
-94
-107
-101
-89
-88
-65
-54
-53
-51
-49
-38
-23
-8
0
13
20
33
45
39
48
39
26
25
2
-11
-14
-19
-22
-16
-2
1
9
23
26
22
19
26
18
15
17
17
7
5
15
9
9
6
2
10
-3
-11
-13
-29
-38
-32
-28
-16
2
6
16
23
35
45
44
61
55
40
28
17
-2
-12
-4
4
14
3
6
12
-1
-12
-18
-18
-16
-8
-5
-3
-4
1
1
-11
-17
-12
-13
-25
-36
-37
-37
-40
-31
-18
-6
15
33
44
62
68
72
67
61
59
49
46
53
58
64
70
69
55
39
16
8
0
-14
-28
-41
-36
-37
-32
-15
11
25
21
4
-12
-34
-57
-61
-51
-59
-57
-52
-71
-84
-90
-96
-109
-106
-95
-110
-111
-98
-103
-92
-75
-63
-33
-15
3
29
29
37
42
36
31
23
11
-1
0
2
4
18
24
25
39
28
20
34
43
55
63
74
88
95
97
93
87
72
62
42
17
10
-6
-5
10
13
8
9
1
4
11
18
34
49
70
74
67
62
58
60
56
43
39
34
26
23
10
-6
-22
-32
-32
-42
-35
-33
-24
-2
6
28
32
22
17
4
-8
-6
-6
-3
2
-11
-21
-26
-46
-69
-81
-99
-107
-98
-100
-84
-62
-40
-16
0
19
18
21
29
36
40
36
33
14
-5
-11
-23
-34
-43
-48
-51
-46
-47
-42
-35
-34
-35
-29
-19
-12
16
37
57
67
72
74
72
65
52
42
22
14
-12
-21
-39
-73
-88
-108
-113
-125
-117
-99
-94
-75
-44
-17
15
46
62
69
73
78
79
87
67
50
36
28
27
15
16
12
21
16
19
25
5
6
11
19
44
52
60
71
69
75
79
88
83
73
60
