SAMPLES:	19994
BITSPERSAMPLE:	16
CHANNELS:	1
SAMPLERATE:	16000
NORMALIZED:	FALSE
-46
-58
-61
-61
-58
-54
-56
-56
-52
-48
-43
-42
-42
-44
-43
-39
-37
-36
-34
-35
-37
-39
-40
-47
-46
-41
-40
-33
-25
-19
-15
-13
-6
-4
-1
10
15
13
12
13
19
23
20
18
16
12
8
7
20
32
34
36
34
32
33
30
33
41
43
42
37
36
40
37
34
35
33
36
38
39
43
44
43
44
46
45
41
41
34
23
14
8
9
7
7
7
11
14
7
5
8
7
1
-5
-11
-17
-17
-15
-15
-19
-18
-23
-24
-18
-10
-6
-4
-8
-19
-25
-26
-27
-32
-33
-29
-25
-22
-22
-23
-16
-13
-15
-14
-16
-21
-25
-25
-23
-22
-13
-4
-2
-2
-3
-3
-5
-8
-11
-13
-10
-6
-4
-5
-2
6
11
7
11
16
13
9
11
7
2
0
2
3
9
15
23
31
28
20
15
8
2
2
1
2
7
16
20
18
17
16
12
6
5
2
-7
-12
-6
-7
-11
-11
-11
-15
-17
-16
-16
-12
-9
-4
1
1
-1
-4
-12
-21
-22
-20
-17
-12
-11
-17
-20
-22
-19
-14
-12
-6
0
5
7
8
10
11
6
5
0
-4
-4
-3
5
7
2
3
-1
-5
-12
-10
-1
2
9
15
17
25
26
22
16
7
3
1
2
5
7
9
7
4
5
2
6
14
20
18
16
18
14
6
-4
-4
1
5
7
9
9
10
9
13
13
5
3
3
-2
-8
-12
-6
0
1
-1
-6
-8
-4
-5
-6
-8
-13
-13
-17
-21
-18
-16
-13
-12
-10
-8
-6
-5
-4
-8
-16
-22
-25
-21
-15
-11
-2
-1
-2
2
-2
3
9
7
4
2
-1
-9
-13
-12
-6
6
11
13
13
12
11
14
11
8
10
11
13
11
7
2
4
5
2
5
0
-3
-1
-3
-4
-1
-1
-2
1
3
5
9
8
2
5
8
3
3
2
-1
2
3
2
2
-3
-5
-4
-6
-6
-4
-2
3
7
7
3
3
6
6
13
12
4
6
8
12
12
8
1
2
9
7
11
11
8
11
10
10
11
11
9
5
5
4
0
-4
-12
-14
-11
-12
-14
-9
-8
-7
-9
-9
-8
-13
-11
-8
-12
-13
-19
-23
-20
-21
-15
-13
-12
-5
-8
-5
-2
-6
-9
-19
-27
-25
-21
-19
-21
-18
-13
-8
-6
-2
-2
-4
0
0
4
2
1
-1
-8
-1
3
3
7
8
10
15
20
24
22
21
22
24
29
30
27
24
22
26
26
19
21
18
18
22
15
10
8
3
2
1
-1
-5
-8
-8
-11
-14
-19
-23
-26
-28
-23
-22
-23
-26
-24
-21
-23
-23
-22
-17
-12
-9
-7
-6
-3
-4
-9
-10
-9
-9
-6
-3
3
8
12
14
19
23
21
23
25
25
28
30
30
30
28
22
26
23
19
17
13
12
13
12
9
4
1
-4
-7
-8
-9
-13
-10
-5
-5
-5
-5
-6
-6
-12
-19
-23
-26
-23
-20
-21
-21
-26
-26
-26
-27
-25
-22
-19
-12
-9
-5
-2
-1
4
3
3
5
10
10
12
17
16
14
11
10
16
12
10
13
9
8
5
0
2
7
13
19
20
23
25
25
24
18
14
13
10
9
9
4
-2
-9
-15
-20
-23
-24
-23
-18
-13
-6
4
5
0
3
5
6
12
14
12
16
18
15
12
5
2
0
-1
-5
1
2
0
6
8
2
-2
-3
-1
0
0
1
-2
-1
1
2
2
-5
-9
-9
-13
-15
-19
-24
-25
-20
-18
-13
-12
-7
-3
-1
-2
-7
-6
-9
-11
-6
-6
-10
-11
-9
-8
-11
-15
-20
-20
-18
-19
-21
-23
-26
-24
-22
-29
-28
-26
-27
-24
-24
-28
-29
-30
-28
-24
-20
-19
-10
-7
-8
-6
-4
-1
7
10
7
7
9
14
16
19
20
23
29
27
27
29
28
28
27
21
22
24
19
22
27
23
29
33
30
31
30
30
31
35
35
35
37
37
33
31
28
23
24
23
23
23
22
22
18
13
9
11
15
15
11
4
-2
3
5
1
-2
-5
-8
-4
-2
-4
-3
-10
-17
-19
-19
-19
-15
-17
-24
-25
-26
-24
-21
-23
-29
-31
-27
-27
-25
-25
-32
-33
-36
-39
-40
-37
-38
-36
-36
-39
-38
-38
-34
-33
-33
-35
-36
-31
-32
-32
-27
-24
-23
-21
-19
-17
-12
-12
-11
-9
-10
-5
1
1
-2
-2
1
3
6
8
1
4
7
13
21
31
37
36
31
33
41
44
42
35
32
39
46
55
61
54
53
53
50
49
44
37
32
28
27
32
37
37
41
46
47
45
39
31
22
18
15
13
17
19
17
16
21
27
25
23
13
4
5
3
-2
-5
-7
-4
3
10
11
9
3
0
-2
-12
-21
-27
-35
-41
-44
-39
-35
-34
-34
-36
-36
-30
-31
-40
-50
-55
-54
-54
-55
-54
-54
-57
-54
-46
-39
-35
-40
-46
-54
-50
-44
-45
-42
-41
-38
-31
-21
-17
-16
-16
-18
-21
-22
-17
-14
-10
-9
-5
-1
5
9
12
20
21
21
20
12
10
14
16
23
29
31
36
41
48
54
51
44
42
42
44
45
46
43
40
39
40
42
43
41
32
24
23
22
20
17
17
19
24
30
34
36
38
37
34
31
26
23
19
14
14
16
17
18
16
16
12
7
4
-2
-12
-17
-25
-26
-25
-28
-31
-34
-36
-36
-37
-37
-42
-48
-52
-58
-55
-50
-46
-43
-38
-35
-27
-24
-20
-21
-26
-30
-33
-33
-31
-26
-22
-15
-16
-18
-17
-13
-7
-5
-4
-3
-2
-3
-1
0
1
3
4
2
-2
-14
-20
-22
-26
-24
-19
-16
-15
-11
-4
-2
-2
4
3
4
5
4
4
4
6
8
7
7
8
9
7
5
4
8
13
15
22
25
30
32
30
33
39
46
51
47
47
44
42
43
41
35
30
28
30
28
30
29
26
30
34
36
33
26
23
22
19
16
12
10
8
8
5
-2
-5
-13
-24
-34
-34
-33
-35
-38
-42
-39
-33
-30
-33
-36
-37
-39
-35
-33
-36
-37
-36
-31
-24
-21
-20
-19
-21
-20
-23
-26
-26
-25
-28
-27
-24
-25
-24
-24
-23
-21
-19
-17
-14
-17
-20
-15
-9
-2
-2
-3
-1
-4
-7
-9
-15
-13
-11
-9
-7
-3
4
6
15
20
22
22
20
21
21
26
33
35
33
30
25
28
33
36
36
33
24
22
22
21
24
26
29
28
26
28
24
18
17
19
16
13
19
21
30
36
33
29
22
14
16
15
9
10
5
4
11
10
9
11
8
14
20
21
19
17
13
11
9
7
5
2
-3
-4
-1
-6
-13
-21
-19
-18
-18
-16
-19
-25
-28
-28
-29
-33
-42
-49
-54
-52
-49
-51
-47
-41
-39
-37
-37
-41
-41
-45
-42
-39
-41
-44
-51
-53
-49
-43
-32
-25
-22
-20
-21
-20
-21
-28
-31
-33
-25
-14
-10
-5
4
10
17
25
21
18
15
12
15
19
20
27
34
44
61
70
73
77
76
70
66
66
66
62
60
70
82
94
101
97
106
113
109
97
80
64
51
47
48
51
54
60
69
77
82
75
72
63
45
41
32
24
22
19
23
32
46
51
43
29
15
8
2
-12
-27
-35
-48
-55
-57
-57
-54
-45
-34
-37
-53
-70
-84
-95
-106
-124
-147
-166
-174
-175
-162
-147
-139
-127
-131
-141
-143
-130
-126
-132
-129
-135
-146
-144
-131
-108
-98
-101
-108
-103
-103
-101
-88
-86
-81
-86
-92
-78
-62
-54
-45
-36
-35
-35
-31
-29
-19
-17
-21
-22
-34
-25
-12
-7
1
5
23
44
55
53
58
80
86
89
109
111
100
110
137
148
135
126
124
122
121
122
127
131
131
136
167
190
189
191
182
167
150
126
119
114
95
89
99
101
96
106
122
113
99
119
127
80
57
85
88
57
39
49
32
-10
-19
-1
0
-14
-3
8
-7
-4
26
28
3
6
21
-9
-46
-40
-29
-48
-65
-64
-72
-85
-83
-71
-65
-73
-73
-73
-79
-68
-53
-58
-68
-77
-72
-85
-115
-119
-132
-154
-150
-149
-153
-146
-147
-149
-141
-134
-138
-143
-147
-164
-163
-144
-154
-174
-160
-146
-148
-139
-125
-114
-106
-102
-99
-84
-70
-67
-61
-59
-69
-60
-50
-51
-31
-8
6
17
25
33
38
46
50
46
66
86
96
112
123
137
152
163
168
171
167
168
173
167
169
170
167
170
169
173
189
183
178
188
188
196
198
195
191
165
139
119
94
87
73
59
57
50
44
50
48
50
63
62
57
51
33
24
17
2
-7
-13
-18
-24
-21
-6
-16
-32
-36
-41
-49
-60
-56
-64
-82
-80
-72
-67
-70
-77
-74
-67
-74
-92
-99
-102
-117
-123
-123
-132
-138
-143
-149
-149
-141
-137
-147
-159
-174
-195
-214
-225
-232
-233
-225
-205
-197
-190
-172
-168
-169
-160
-158
-160
-157
-168
-182
-173
-178
-187
-174
-176
-173
-151
-135
-115
-82
-38
12
69
115
134
160
186
180
176
180
184
199
200
202
218
225
245
273
308
344
362
379
389
397
413
430
444
451
464
459
441
437
420
398
376
333
276
250
239
198
158
162
163
146
148
148
159
166
134
123
102
52
11
-35
-83
-144
-180
-181
-217
-260
-262
-277
-327
-355
-326
-308
-311
-286
-248
-231
-215
-198
-202
-217
-254
-297
-356
-427
-476
-509
-526
-514
-473
-418
-343
-258
-169
-99
-73
-81
-115
-169
-199
-233
-275
-288
-256
-230
-249
-233
-204
-202
-186
-156
-131
-112
-84
-42
-13
16
57
87
88
71
79
69
54
67
86
69
19
-2
-17
-48
7
184
382
552
690
800
827
777
745
666
515
378
276
166
35
-36
-13
16
63
183
325
402
409
451
472
404
334
297
241
144
48
7
-40
-104
-146
-218
-319
-390
-375
-318
-291
-238
-146
-73
11
122
224
269
304
345
301
210
170
139
53
-45
-110
-176
-276
-336
-340
-365
-383
-324
-201
-93
-11
120
240
288
290
246
144
-27
-186
-290
-416
-560
-678
-761
-803
-863
-889
-821
-730
-622
-460
-319
-255
-183
-80
-32
-28
-54
-122
-205
-295
-404
-509
-599
-698
-763
-760
-723
-668
-547
-425
-356
-277
-196
-132
-52
-2
18
71
162
271
298
223
118
103
179
230
280
376
434
461
511
571
579
561
604
629
614
674
809
870
837
828
879
911
915
976
1071
1121
1244
1484
1600
1486
1382
1407
1416
1290
1099
986
830
585
388
228
31
-149
-179
-158
-195
-172
-73
-36
-92
-125
-69
-45
-132
-222
-244
-326
-538
-732
-829
-956
-1165
-1329
-1435
-1521
-1567
-1569
-1529
-1488
-1400
-1247
-1091
-915
-697
-505
-393
-334
-279
-255
-251
-241
-213
-178
-199
-228
-222
-224
-286
-341
-300
-191
-104
-27
102
251
376
468
520
529
475
410
326
189
27
-130
-239
-314
-428
-569
-652
-663
-659
-675
-623
-519
-472
-438
-311
-140
-48
-24
16
70
57
-12
-61
-92
-118
-143
-166
-175
-188
-161
-105
-71
-20
94
191
225
292
458
585
624
663
736
805
823
838
878
929
928
909
907
863
805
758
718
664
581
563
588
567
567
653
743
788
811
830
813
779
734
644
528
403
403
646
924
985
1031
1232
1346
1216
1000
858
714
450
155
-75
-299
-614
-906
-963
-936
-983
-1005
-982
-1056
-1200
-1125
-910
-859
-849
-758
-722
-811
-889
-844
-854
-1128
-1486
-1723
-1785
-1740
-1697
-1605
-1476
-1358
-1265
-1187
-1044
-896
-809
-772
-742
-659
-596
-553
-459
-288
-93
37
134
226
265
270
240
102
0
68
191
279
447
795
1068
1167
1258
1346
1370
1314
1211
1011
788
567
323
132
-33
-120
-144
-215
-356
-393
-354
-345
-277
-206
-78
56
97
129
152
137
97
-23
-200
-369
-552
-749
-903
-903
-813
-726
-663
-607
-489
-322
-159
-17
109
202
287
404
462
501
657
777
785
822
869
926
890
796
851
910
903
912
986
1081
1192
1254
1247
1273
1240
1209
1238
1220
1222
1302
1275
1139
977
805
690
591
549
561
779
981
938
1036
1267
1313
1127
924
711
301
-261
-774
-1219
-1561
-1868
-2027
-1982
-1947
-1745
-1509
-1301
-1160
-1097
-952
-992
-1129
-1244
-1362
-1534
-1732
-1797
-1804
-1792
-1908
-2019
-2055
-2090
-2124
-2168
-2139
-2074
-1950
-1868
-1630
-1245
-855
-477
-318
-184
-97
-77
-96
-89
-29
-9
33
-11
62
241
328
480
620
770
915
975
1109
1313
1558
1696
1768
1792
1678
1563
1439
1310
1143
966
796
586
405
331
323
352
371
429
534
536
482
526
662
681
603
547
499
452
421
372
358
215
-55
-249
-460
-631
-723
-691
-600
-440
-241
-50
188
417
674
911
978
879
718
540
457
407
410
498
600
750
954
1132
1203
1290
1352
1379
1318
1120
949
808
753
739
695
667
629
623
682
755
809
763
627
416
114
-315
-717
-998
-1224
-1133
-688
-333
-238
-111
78
29
-379
-818
-1137
-1644
-2349
-2825
-3023
-3197
-3194
-2902
-2488
-2158
-1928
-1641
-1391
-1400
-1406
-1268
-1337
-1560
-1620
-1470
-1378
-1361
-1275
-1180
-1228
-1471
-1638
-1752
-1852
-1814
-1687
-1516
-1287
-979
-641
-302
96
560
841
856
888
1012
1070
1085
1180
1353
1485
1481
1470
1459
1393
1347
1308
1244
1268
1386
1416
1524
1854
2225
2476
2663
2829
2887
2788
2544
2315
2028
1670
1331
995
666
401
268
178
59
-92
-123
-53
-17
6
63
123
156
253
333
358
304
97
-172
-442
-727
-1056
-1371
-1536
-1611
-1662
-1561
-1305
-1122
-1026
-847
-656
-596
-604
-565
-514
-456
-344
-251
-174
-56
108
255
332
432
556
584
486
388
316
181
81
130
188
156
147
244
366
473
595
681
730
746
749
663
441
180
-50
-291
-488
-347
132
535
697
905
1129
1050
707
370
64
-433
-1128
-1794
-2323
-2657
-2689
-2488
-2140
-1727
-1256
-822
-584
-405
-206
-20
35
-135
-325
-484
-710
-975
-1162
-1222
-1312
-1444
-1562
-1668
-1690
-1622
-1497
-1386
-1251
-1026
-773
-448
-22
516
1032
1380
1604
1697
1707
1697
1709
1685
1479
1244
1111
989
804
717
883
1046
1078
1174
1422
1748
2073
2453
2802
2942
2938
2845
2595
2143
1673
1273
759
114
-457
-786
-975
-1125
-1148
-1050
-981
-946
-820
-624
-434
-289
-236
-247
-263
-305
-378
-520
-727
-905
-1124
-1411
-1656
-1848
-2010
-2140
-2195
-2138
-2037
-1832
-1526
-1200
-842
-514
-207
11
173
338
420
474
527
525
504
505
546
594
583
538
528
499
436
485
555
539
531
534
506
488
608
859
1082
1220
1333
1369
1210
926
604
201
-215
-531
-668
-539
-98
551
1161
1676
2056
2156
1870
1331
695
-126
-1108
-2021
-2770
-3334
-3602
-3461
-2950
-2304
-1645
-970
-413
-115
51
221
247
66
-147
-299
-469
-653
-742
-709
-744
-880
-992
-1152
-1355
-1508
-1523
-1453
-1392
-1122
-655
-200
344
994
1615
2042
2302
2439
2330
2117
1920
1697
1431
1116
861
604
340
264
276
362
563
878
1226
1579
2067
2573
2870
2987
3021
2820
2348
1778
1187
483
-304
-962
-1491
-1954
-2235
-2236
-2056
-1813
-1546
-1180
-850
-652
-464
-328
-273
-270
-264
-271
-364
-518
-701
-963
-1332
-1717
-2055
-2389
-2606
-2678
-2690
-2641
-2453
-2087
-1726
-1358
-849
-342
23
300
542
680
633
507
464
483
486
478
492
484
403
300
241
215
164
170
249
435
701
968
1235
1445
1638
1840
1989
2040
2002
1867
1628
1265
828
460
229
314
777
1368
1735
1888
2141
2311
2102
1598
1203
872
185
-710
-1488
-2041
-2429
-2564
-2281
-1903
-1666
-1245
-593
-186
-84
163
529
456
34
-272
-458
-678
-887
-1002
-1104
-1253
-1423
-1585
-1737
-1778
-1652
-1477
-1395
-1317
-1044
-740
-483
-114
352
717
977
1331
1586
1712
1884
1951
1703
1232
845
532
191
-69
-118
4
186
386
576
814
1227
1739
2091
2243
2292
2233
1927
1381
732
140
-410
-1063
-1626
-1968
-2170
-2199
-2044
-1813
-1666
-1542
-1380
-1215
-1065
-996
-987
-941
-901
-921
-879
-731
-585
-664
-752
-801
-1061
-1406
-1709
-1883
-2047
-2188
-2158
-2049
-1850
-1558
-1080
-538
-94
403
865
1134
1193
1185
1234
1272
1259
1234
1246
1274
1281
1253
1274
1346
1402
1407
1359
1407
1454
1485
1546
1688
1909
1971
2026
2118
2096
1969
1775
1619
1267
714
228
-11
-145
-135
335
1225
2166
2846
3385
3663
3551
2997
2160
1185
91
-983
-2055
-2967
-3552
-3810
-3700
-3263
-2679
-2047
-1402
-920
-598
-366
-176
-67
-164
-355
-596
-887
-1151
-1344
-1597
-1897
-2120
-2422
-2804
-3036
-3032
-2866
-2599
-2311
-1962
-1553
-1082
-457
194
784
1221
1499
1651
1675
1666
1661
1591
1386
1009
567
135
-188
-249
-140
-2
137
412
758
1103
1563
2178
2643
2743
2664
2435
1874
1110
455
-142
-772
-1378
-1821
-2066
-2129
-1907
-1445
-929
-567
-328
-137
-10
23
-51
-106
-174
-300
-482
-625
-645
-591
-588
-769
-1013
-1274
-1544
-1744
-1858
-1864
-1774
-1635
-1411
-1074
-643
-177
276
663
875
928
973
980
927
962
1105
1244
1337
1439
1597
1799
1886
1872
1804
1654
1457
1223
1007
898
937
1004
1108
1261
1388
1535
1625
1611
1522
1387
1204
920
524
152
-58
-89
175
778
1570
2296
2714
2834
2661
2127
1337
435
-586
-1659
-2632
-3409
-3955
-4204
-4050
-3500
-2745
-2032
-1401
-842
-487
-336
-269
-263
-392
-673
-978
-1297
-1637
-1875
-2039
-2216
-2433
-2725
-3028
-3241
-3261
-3113
-2860
-2457
-1949
-1414
-910
-310
357
936
1484
1897
2055
1971
1852
1778
1598
1338
1065
727
321
21
-118
-124
93
487
900
1273
1738
2287
2739
3070
3318
3378
3108
2594
1958
1238
547
-25
-514
-936
-1289
-1522
-1573
-1488
-1250
-953
-671
-439
-335
-281
-271
-305
-294
-238
-194
-219
-303
-462
-668
-832
-982
-1172
-1396
-1617
-1803
-1974
-2002
-1867
-1704
-1528
-1329
-964
-538
-181
244
688
976
1123
1261
1415
1475
1536
1685
1797
1843
1843
1820
1776
1603
1329
1104
957
844
723
652
635
655
786
1031
1239
1373
1460
1508
1518
1420
1265
1122
856
489
280
297
574
1110
1895
2620
2944
2868
2377
1503
368
-810
-1913
-2957
-3896
-4538
-4749
-4532
-3924
-2936
-1756
-750
25
587
811
742
473
107
-372
-914
-1418
-1813
-2035
-2226
-2445
-2667
-2903
-3224
-3574
-3809
-3781
-3495
-3018
-2371
-1643
-788
67
900
1739
2440
2839
2917
2761
2380
1848
1334
940
519
80
-266
-508
-678
-657
-297
170
694
1391
2126
2867
3522
4017
4356
4356
4020
3420
2580
1602
615
-241
-992
-1577
-1805
-1800
-1664
-1406
-1075
-737
-537
-410
-357
-430
-481
-581
-722
-676
-528
-380
-225
-136
-157
-395
-767
-1189
-1758
-2286
-2648
-2927
-3122
-3073
-2707
-2267
-1801
-1119
-366
252
736
1034
1122
1116
1141
1144
1107
1128
1222
1366
1498
1575
1654
1640
1450
1241
1085
839
582
484
495
523
648
881
1114
1362
1618
1817
1860
1779
1625
1367
1093
916
735
560
588
783
1135
1716
2330
2664
2595
2211
1505
485
-698
-1816
-2733
-3489
-4116
-4408
-4240
-3786
-3103
-2190
-1276
-599
-116
149
141
-21
-258
-553
-895
-1247
-1587
-1871
-2105
-2397
-2694
-2868
-3028
-3209
-3264
-3151
-2914
-2447
-1750
-987
-212
551
1242
1862
2462
2921
3138
3118
2898
2598
2271
1941
1618
1189
657
232
22
17
219
562
988
1530
2275
3112
3807
4309
4614
4576
4126
3355
2355
1251
177
-775
-1553
-2130
-2403
-2392
-2263
-1988
-1566
-1175
-958
-913
-987
-1128
-1200
-1160
-1103
-1038
-956
-857
-705
-573
-537
-654
-1032
-1646
-2341
-2945
-3373
-3640
-3726
-3552
-3160
-2640
-2008
-1257
-462
168
638
1012
1120
992
896
876
836
889
1060
1202
1316
1533
1809
1875
1792
1746
1603
1341
1149
1074
1002
998
1124
1250
1419
1749
2078
2270
2459
2655
2652
2431
2209
1989
1692
1466
1390
1425
1657
2239
2880
3226
3302
3132
2601
1682
557
-560
-1609
-2651
-3558
-4137
-4354
-4207
-3674
-2861
-1965
-1059
-291
160
322
309
158
-145
-544
-1056
-1635
-2116
-2507
-2915
-3262
-3483
-3693
-3920
-4027
-3918
-3671
-3297
-2796
-2201
-1465
-659
108
844
1508
2039
2400
2568
2483
2131
1685
1193
627
42
-470
-838
-1061
-1149
-1028
-644
-69
664
1580
2628
3572
4149
4378
4344
3863
2944
1950
981
-86
-1059
-1633
-1959
-2205
-2187
-1945
-1637
-1290
-939
-648
-477
-436
-485
-566
-554
-491
-438
-259
-55
-5
-41
-58
-182
-514
-906
-1280
-1728
-2110
-2333
-2439
-2352
-2055
-1566
-1059
-585
6
532
883
1214
1478
1586
1606
1692
1769
1752
1813
1955
2031
1979
1893
1877
1760
1574
1569
1571
1399
1254
1228
1177
1078
1038
1134
1228
1234
1281
1344
1357
1436
1499
1460
1322
1110
910
803
758
825
1211
1831
2324
2449
2291
1909
1176
132
-902
-1847
-2778
-3669
-4334
-4698
-4734
-4323
-3548
-2635
-1751
-1026
-570
-323
-267
-363
-570
-887
-1338
-1818
-2234
-2537
-2748
-2956
-3123
-3264
-3423
-3616
-3749
-3709
-3520
-3125
-2515
-1828
-1107
-272
582
1308
1957
2472
2701
2719
2546
2148
1678
1264
812
282
-110
-274
-398
-466
-234
304
987
1829
2790
3569
4047
4388
4553
4311
3784
3136
2291
1302
415
-306
-839
-1100
-1105
-1022
-942
-769
-596
-520
-413
-304
-349
-441
-495
-537
-493
-309
-91
13
42
70
-18
-294
-674
-1175
-1736
-2267
-2733
-3065
-3199
-3099
-2839
-2489
-2015
-1450
-947
-419
128
555
842
1094
1309
1386
1434
1539
1656
1733
1821
1852
1725
1502
1253
1018
893
818
721
607
495
452
483
607
865
1158
1416
1671
1886
2077
2169
2232
2289
2206
2049
1973
1924
1849
1841
2015
2253
2252
2041
1668
1078
209
-777
-1670
-2453
-3145
-3652
-3878
-3846
-3591
-3076
-2369
-1705
-1130
-673
-432
-404
-574
-764
-962
-1310
-1724
-2131
-2449
-2696
-2975
-3162
-3263
-3401
-3524
-3553
-3449
-3237
-2932
-2429
-1759
-1031
-281
511
1244
1743
2083
2310
2384
2263
1983
1654
1294
872
501
229
-5
-113
-68
163
630
1225
1971
2866
3608
4175
4635
4798
4581
3982
3130
2141
1039
59
-665
-1214
-1458
-1381
-1235
-952
-569
-275
-112
-68
-153
-403
-684
-820
-877
-832
-581
-251
24
260
468
426
150
-250
-829
-1538
-2245
-2786
-3135
-3324
-3216
-2877
-2441
-1896
-1228
-579
-98
353
817
1177
1429
1653
1791
1865
1937
2049
2131
2059
1952
1824
1588
1226
889
576
277
86
12
2
84
322
535
685
890
1202
1501
1688
1920
2099
2060
1988
1948
1748
1410
1210
1078
880
854
1103
1350
1326
1181
894
279
-505
-1286
-2084
-2868
-3420
-3720
-3982
-4045
-3770
-3229
-2569
-1833
-1094
-610
-317
-193
-301
-514
-737
-1089
-1586
-2101
-2501
-2866
-3215
-3382
-3473
-3528
-3496
-3364
-3116
-2767
-2279
-1676
-1030
-392
257
894
1479
2013
2428
2684
2745
2621
2341
1935
1579
1288
1037
779
597
571
610
893
1344
1848
2426
3106
3745
4116
4320
4348
3978
3280
2496
1645
740
35
-383
-696
-901
-882
-778
-690
-539
-314
-189
-210
-309
-499
-709
-790
-661
-491
-266
12
223
337
336
206
-198
-749
-1367
-2112
-2828
-3362
-3652
-3764
-3600
-3166
-2668
-2071
-1404
-780
-186
363
724
837
904
953
980
1053
1131
1235
1303
1354
1378
1306
1151
1012
826
567
379
266
207
185
253
370
489
709
988
1216
1457
1779
2025
2082
2091
2067
1976
1886
1829
1702
1562
1614
1837
2034
2071
1982
1677
1004
92
-819
-1624
-2377
-3053
-3529
-3838
-3889
-3642
-3144
-2459
-1748
-1061
-549
-260
-185
-291
-419
-588
-898
-1339
-1722
-2011
-2303
-2581
-2699
-2740
-2839
-2885
-2882
-2784
-2575
-2307
-1899
-1399
-855
-256
281
820
1371
1812
2147
2339
2398
2304
2067
1830
1573
1267
1001
839
697
569
597
860
1256
1679
2221
2802
3321
3715
3819
3664
3240
2541
1716
900
143
-481
-892
-1112
-1232
-1254
-1035
-699
-428
-216
-109
-207
-440
-749
-1016
-1068
-973
-791
-521
-222
13
116
69
-92
-421
-942
-1524
-2190
-2833
-3237
-3438
-3441
-3215
-2826
-2349
-1875
-1377
-894
-504
-163
100
295
517
759
961
1110
1259
1353
1380
1356
1253
1129
933
658
362
144
51
-1
40
266
523
717
972
1291
1563
1784
2034
2274
2387
2426
2562
2705
2666
2544
2466
2355
2125
1948
2020
2160
2096
1900
1599
1015
192
-687
-1450
-2085
-2620
-3002
-3201
-3249
-3180
-2897
-2369
-1761
-1219
-775
-426
-328
-518
-715
-846
-1101
-1512
-1875
-2131
-2446
-2782
-2954
-3010
-3149
-3316
-3376
-3367
-3280
-3033
-2540
-1907
-1270
-547
214
905
1515
2016
2350
2448
2358
2136
1840
1534
1231
959
771
692
682
761
1029
1444
1943
2491
3014
3494
3857
4030
4004
3759
3314
2667
1913
1220
598
51
-294
-465
-590
-607
-468
-300
-210
-196
-227
-324
-545
-800
-969
-1000
-883
-718
-543
-339
-182
-125
-157
-322
-653
-1143
-1740
-2364
-2996
-3513
-3768
-3787
-3640
-3314
-2829
-2316
-1822
-1281
-729
-259
101
365
557
667
747
853
996
1122
1168
1163
1139
1062
875
622
393
166
-29
-119
-131
-81
25
194
438
762
1167
1589
1983
2338
2650
2867
3021
3158
3159
2998
2779
2514
2135
1734
1550
1553
1491
1351
1184
869
359
-248
-831
-1365
-1886
-2358
-2687
-2825
-2772
-2524
-2060
-1466
-878
-381
-37
94
-8
-317
-717
-1087
-1467
-1886
-2195
-2385
-2608
-2837
-2994
-3080
-3119
-3108
-3067
-3013
-2834
-2418
-1845
-1174
-366
497
1235
1800
2235
2498
2529
2394
2169
1825
1400
1007
704
522
487
587
815
1187
1660
2115
2530
2966
3384
3664
3742
3636
3352
2859
2222
1560
938
405
3
-279
-503
-631
-648
-645
-644
-674
-757
-863
-1057
-1290
-1483
-1586
-1484
-1252
-1026
-758
-418
-170
-205
-415
-696
-1234
-1943
-2625
-3216
-3684
-4057
-4185
-4070
-3836
-3477
-3010
-2508
-2034
-1553
-1099
-762
-414
-74
153
374
695
1044
1349
1664
1924
1968
1922
1834
1562
1190
883
648
374
145
141
253
404
644
955
1335
1750
2170
2568
2898
3165
3400
3616
3755
3762
3616
3325
2920
2460
2048
1873
1919
1956
1869
1727
1541
1093
425
-252
-938
-1661
-2334
-2820
-3051
-3036
-2731
-2176
-1492
-775
-186
146
237
133
-162
-623
-1183
-1710
-2176
-2610
-2900
-3054
-3192
-3300
-3379
-3500
-3648
-3658
-3529
-3344
-2942
-2276
-1514
-750
52
835
1438
1907
2231
2280
2103
1743
1275
779
303
-20
-156
-159
-32
252
663
1152
1686
2164
2562
2845
2975
2980
2880
2646
2299
1914
1522
1099
659
260
-96
-413
-669
-858
-983
-1042
-1045
-1065
-1096
-1071
-1016
-939
-783
-601
-433
-212
-29
65
117
71
-112
-440
-887
-1415
-1950
-2411
-2818
-3170
-3373
-3358
-3150
-2825
-2426
-1917
-1394
-946
-510
-102
273
619
943
1244
1528
1800
1996
2075
2065
1976
1796
1513
1124
727
374
69
-122
-140
-27
148
388
685
1005
1384
1818
2212
2577
2928
3223
3394
3418
3397
3379
3257
2966
2585
2124
1671
1439
1366
1251
1102
925
610
73
-609
-1258
-1801
-2358
-2894
-3185
-3255
-3108
-2666
-2056
-1450
-874
-393
-200
-290
-544
-948
-1413
-1819
-2216
-2646
-2962
-3091
-3171
-3277
-3341
-3359
-3455
-3596
-3571
-3404
-3173
-2720
-1999
-1260
-540
269
1077
1745
2253
2592
2689
2525
2180
1728
1244
832
569
471
527
758
1157
1646
2152
2654
3109
3425
3559
3517
3348
3098
2791
2423
1995
1607
1314
1027
707
379
45
-247
-519
-758
-872
-907
-934
-988
-1064
-1121
-1075
-883
-648
-499
-437
-401
-429
-561
-750
-999
-1372
-1837
-2322
-2831
-3287
-3569
-3691
-3749
-3673
-3370
-2979
-2577
-2115
-1633
-1249
-928
-561
-183
181
559
947
1300
1603
1852
2014
2058
1987
1805
1467
1002
564
252
105
65
114
332
695
1132
1524
1840
2153
2506
2865
3166
3444
3689
3818
3888
3943
3950
3785
3424
2960
2450
2044
1827
1711
1576
1420
1178
772
179
-465
-1027
-1608
-2232
-2746
-3055
-3172
-3066
-2681
-2169
-1622
-1131
-871
-861
-967
-1115
-1404
-1816
-2240
-2625
-2956
-3170
-3274
-3351
-3366
-3307
-3291
-3347
-3367
-3316
-3222
-2993
-2514
-1865
-1185
-470
262
889
1364
1703
1820
1754
1608
1369
1094
858
744
757
879
1064
1312
1635
1980
2298
2540
2759
2935
2960
2852
2708
2550
2319
2067
1815
1507
1163
858
535
179
-105
-287
-430
-536
-509
-413
-312
-226
-204
-232
-293
-303
-273
-301
-378
-460
-574
-754
-980
-1251
-1571
-1928
-2265
-2589
-2881
-3031
-3105
-3213
-3263
-3145
-2934
-2693
-2302
-1803
-1364
-950
-479
-7
418
841
1231
1506
1653
1753
1828
1758
1552
1339
1049
632
283
112
48
54
182
451
785
1157
1574
2004
2420
2779
3056
3290
3536
3732
3824
3835
3810
3661
3354
3035
2709
2293
1917
1709
1517
1271
1029
719
216
-448
-1089
-1649
-2239
-2778
-3127
-3331
-3374
-3094
-2591
-2047
-1491
-1027
-759
-694
-750
-925
-1211
-1521
-1882
-2312
-2645
-2803
-2913
-3022
-3058
-3066
-3198
-3379
-3412
-3311
-3131
-2786
-2267
-1663
-991
-208
611
1295
1800
2117
2219
2155
1987
1757
1510
1328
1218
1111
1081
1177
1336
1503
1724
1956
2131
2282
2433
2545
2553
2536
2512
2373
2120
1845
1573
1249
853
453
70
-287
-641
-917
-1026
-1028
-1032
-1020
-968
-924
-894
-812
-660
-535
-501
-510
-552
-700
-944
-1199
-1426
-1743
-2178
-2579
-2913
-3159
-3278
-3307
-3280
-3199
-3062
-2875
-2604
-2248
-1871
-1498
-1075
-611
-157
378
986
1542
1963
2288
2506
2500
2312
2065
1756
1323
852
521
347
251
297
552
917
1298
1691
2136
2653
3092
3358
3597
3882
4110
4279
4531
4817
4900
4744
4405
3914
3286
2594
2107
1894
1671
1288
941
663
192
-472
-1055
-1506
-1980
-2454
-2792
-2947
-2937
-2742
-2266
-1667
-1175
-818
-611
-568
-780
-1170
-1584
-2074
-2596
-3088
-3531
-3806
-3946
-4031
-4063
-4082
-4167
-4281
-4275
-4128
-3876
-3480
-2923
-2310
-1601
-783
0
697
1224
1535
1660
1602
1381
1094
825
575
358
274
287
356
559
831
1104
1352
1542
1759
2039
2281
2439
2546
2633
2614
2468
2251
1963
1560
1058
604
163
-278
-635
-890
-1009
-1073
-1144
-1150
-1115
-1081
-1033
-944
-776
-558
-380
-256
-184
-195
-278
-435
-672
-998
-1383
-1797
-2171
-2412
-2597
-2749
-2803
-2729
-2559
-2317
-1997
-1625
-1215
-821
-368
187
766
1340
1869
2366
2800
3053
3168
3183
3072
2769
2348
1922
1472
1046
707
514
470
549
786
1182
1624
2052
2484
2889
3221
3499
3806
4077
4285
4453
4528
4457
4208
3849
3386
2807
2138
1473
951
566
229
-101
-383
-686
-1205
-1815
-2276
-2647
-3044
-3340
-3378
-3281
-3168
-2926
-2488
-2077
-1841
-1724
-1731
-1908
-2232
-2603
-2954
-3261
-3522
-3782
-3995
-4167
-4333
-4483
-4589
-4631
-4684
-4679
-4461
-4099
-3615
-2899
-2020
-1205
-450
323
956
1369
1650
1780
1638
1311
975
651
369
264
379
588
836
1149
1524
1894
2205
2498
2721
2839
2932
3056
3175
3283
3312
3148
2839
2487
2019
1411
883
498
133
-152
-276
-310
-293
-154
91
267
392
516
571
585
615
634
571
465
316
27
-345
-677
-988
-1310
-1619
-1869
-2085
-2315
-2443
-2436
-2417
-2298
-2010
-1688
-1339
-940
-528
-169
269
834
1352
1818
2291
2710
2949
3018
2967
2720
2296
1795
1235
697
232
-88
-257
-285
-94
226
597
1046
1541
2045
2443
2744
3014
3155
3185
3225
3292
3284
3186
3030
2763
2300
1757
1230
618
3
-479
-784
-1029
-1322
-1552
-1804
-2133
-2438
-2711
-2941
-3125
-3190
-3198
-3237
-3158
-2961
-2815
-2696
-2547
-2494
-2551
-2631
-2776
-3017
-3216
-3340
-3457
-3557
-3603
-3651
-3769
-3878
-3917
-3901
-3868
-3738
-3421
-2961
-2403
-1672
-804
-10
664
1255
1725
2030
2185
2182
2066
1941
1834
1748
1726
1893
2182
2426
2682
2985
3249
3406
3496
3562
3579
3565
3542
3467
3379
3297
3112
2787
2416
1992
1532
1102
711
403
241
216
184
180
326
471
518
573
576
427
257
104
-104
-285
-401
-557
-834
-1133
-1355
-1586
-1847
-2061
-2244
-2475
-2714
-2831
-2844
-2822
-2752
-2602
-2394
-2138
-1802
-1450
-1117
-710
-237
208
606
988
1292
1454
1511
1470
1280
984
626
246
-65
-272
-365
-336
-166
112
443
802
1187
1594
1967
2279
2510
2625
2731
2896
3023
3095
3149
3179
3116
2968
2719
2315
1820
1293
759
257
-136
-449
-806
-1080
-1216
-1428
-1772
-2103
-2336
-2555
-2749
-2813
-2752
-2650
-2544
-2389
-2157
-1944
-1828
-1800
-1825
-1928
-2156
-2428
-2680
-2857
-2984
-3122
-3184
-3177
-3182
-3138
-2991
-2815
-2695
-2486
-2081
-1668
-1250
-628
141
831
1399
1888
2183
2254
2296
2304
2165
1984
1811
1652
1596
1717
1945
2205
2473
2696
2851
2877
2901
2958
2913
2794
2696
2645
2586
2457
2269
2065
1806
1476
1116
732
334
93
-6
-139
-203
-116
-1
39
49
83
44
-153
-352
-540
-801
-1010
-1144
-1348
-1608
-1790
-1926
-2052
-2170
-2278
-2365
-2478
-2625
-2712
-2747
-2720
-2566
-2361
-2131
-1868
-1524
-1111
-647
-141
351
872
1334
1642
1862
1912
1855
1775
1544
1210
828
472
253
79
1
140
397
684
977
1290
1601
1837
1987
2082
2185
2337
2561
2772
2876
2951
2975
2896
2719
2390
1963
1509
942
243
-458
-897
-1107
-1361
-1581
-1601
-1561
-1615
-1717
-1829
-1987
-2180
-2350
-2477
-2564
-2501
-2303
-2136
-1969
-1748
-1576
-1512
-1558
-1731
-1998
-2239
-2366
-2518
-2706
-2710
-2584
-2519
-2482
-2331
-2080
-1863
-1605
-1230
-885
-552
-73
475
916
1326
1826
2252
2451
2571
2655
2574
2380
2232
2114
1979
1946
2057
2180
2312
2572
2839
2918
2894
2909
2866
2705
2552
2361
2080
1878
1707
1375
968
705
504
179
-150
-326
-446
-564
-615
-583
-530
-479
-446
-525
-682
-839
-1022
-1253
-1559
-1857
-2126
-2394
-2550
-2643
-2700
-2646
-2548
-2537
-2616
-2664
-2691
-2817
-2940
-2879
-2773
-2709
-2515
-2122
-1600
-1034
-349
396
991
1419
1784
2025
2032
1939
1810
1580
1234
842
520
357
382
517
668
894
1181
1406
1605
1869
2141
2358
2508
2601
2679
2784
3035
3323
3488
3575
3561
3371
3038
2580
2041
1488
884
204
-437
-816
-897
-915
-949
-872
-750
-787
-968
-1161
-1358
-1605
-1883
-2095
-2280
-2385
-2337
-2231
-2087
-1924
-1836
-1849
-2003
-2269
-2489
-2651
-2786
-2936
-3108
-3114
-2969
-2854
-2731
-2513
-2218
-2020
-1932
-1775
-1525
-1254
-863
-409
-54
296
679
1087
1422
1580
1661
1634
1519
1422
1364
1386
1500
1681
1879
2122
2363
2539
2623
2657
2624
2518
2348
2133
1932
1775
1704
1598
1459
1347
1243
1256
1152
899
773
692
594
425
310
298
283
296
218
40
-139
-301
-501
-804
-1175
-1487
-1750
-1964
-2017
-1967
-1885
-1754
-1613
-1607
-1698
-1740
-1859
-2081
-2254
-2303
-2259
-2206
-1983
-1543
-1022
-497
47
596
1041
1358
1563
1568
1418
1202
901
551
239
54
2
46
247
505
706
956
1271
1520
1580
1595
1681
1650
1581
1671
1890
2129
2353
2670
2920
2924
2812
2629
2228
1586
914
277
-375
-975
-1384
-1483
-1402
-1310
-1158
-893
-731
-816
-1026
-1237
-1533
-1954
-2308
-2568
-2703
-2725
-2644
-2377
-2088
-1873
-1757
-1721
-1775
-2000
-2199
-2276
-2372
-2540
-2505
-2207
-1958
-1800
-1521
-1168
-1049
-1087
-983
-793
-638
-386
67
521
858
1266
1776
2138
2326
2525
2674
2623
2468
2382
2336
2274
2344
2562
2743
2867
2950
2970
2887
2753
2605
2370
2023
1671
1445
1424
1449
1341
1244
1199
1115
927
663
455
272
78
-114
-280
-427
-579
-659
-707
-846
-1029
-1175
-1349
-1654
-2002
-2279
-2494
-2716
-2875
-2812
-2622
-2446
-2290
-2152
-2164
-2265
-2273
-2350
-2564
-2700
-2684
-2648
-2574
-2226
-1641
-1061
-530
-16
456
806
1038
1180
1218
1121
908
675
436
278
285
365
512
733
958
1137
1273
1422
1518
1546
1604
1687
1741
1800
1991
2364
2719
2961
3113
3110
3024
2899
2558
1967
1356
794
210
-344
-714
-828
-700
-482
-403
-347
-220
-254
-505
-782
-1034
-1386
-1783
-2095
-2234
-2199
-2050
-1811
-1549
-1394
-1377
-1401
-1437
-1613
-1810
-1843
-1901
-2019
-2066
-1963
-1731
-1509
-1291
-1073
-968
-970
-987
-940
-813
-604
-236
234
621
1017
1471
1819
2056
2243
2366
2390
2302
2195
2122
2063
2072
2139
2232
2304
2308
2286
2202
2018
1811
1609
1432
1299
1179
1154
1286
1435
1469
1389
1258
1048
739
450
190
-79
-292
-511
-777
-1002
-1179
-1293
-1434
-1677
-1923
-2147
-2400
-2669
-2844
-2880
-2873
-2824
-2658
-2442
-2212
-1981
-1852
-1875
-2001
-2180
-2381
-2598
-2766
-2778
-2674
-2498
-2199
-1770
-1214
-616
-29
512
889
1180
1442
1586
1604
1511
1393
1322
1217
1110
1105
1174
1281
1370
1451
1581
1733
1885
1970
1995
2064
2152
2185
2229
2317
2508
2774
2973
3075
3095
3047
2833
2419
1902
1377
852
300
-160
-478
-563
-427
-315
-253
-205
-179
-277
-601
-1030
-1429
-1790
-2098
-2268
-2249
-2052
-1759
-1426
-1159
-1024
-973
-944
-1059
-1318
-1497
-1619
-1778
-1947
-1990
-1794
-1532
-1340
-1175
-1057
-999
-997
-969
-919
-855
-656
-305
93
486
915
1337
1596
1684
1776
1864
1860
1778
1660
1528
1407
1384
1452
1462
1340
1192
1099
999
888
838
827
794
718
660
720
854
901
806
608
394
159
-137
-382
-584
-734
-817
-963
-1149
-1312
-1464
-1637
-1862
-2097
-2313
-2502
-2666
-2803
-2804
-2675
-2463
-2198
-1946
-1730
-1584
-1427
-1355
-1511
-1708
-1839
-2043
-2304
-2417
-2337
-2137
-1847
-1425
-905
-374
121
574
1015
1394
1687
1893
1970
1946
1887
1819
1812
1884
1976
2029
2093
2221
2319
2352
2447
2578
2593
2501
2404
2396
2401
2436
2600
2798
3001
3193
3314
3359
3349
3270
2992
2527
1969
1365
786
320
22
-75
-41
0
3
-37
-121
-301
-638
-1095
-1554
-1965
-2322
-2545
-2584
-2443
-2211
-1934
-1681
-1553
-1492
-1461
-1522
-1700
-1880
-2039
-2253
-2517
-2678
-2625
-2484
-2322
-2101
-1958
-1947
-1939
-1884
-1829
-1736
-1494
-1172
-877
-568
-237
109
435
722
977
1124
1201
1239
1172
1062
1024
1058
1061
1005
937
880
841
853
893
917
1001
1158
1316
1452
1585
1696
1739
1614
1336
1049
788
514
250
76
-40
-158
-277
-416
-565
-728
-884
-1071
-1320
-1557
-1768
-1957
-2047
-1986
-1824
-1583
-1318
-1105
-956
-823
-754
-792
-934
-1175
-1417
-1671
-1907
-2001
-1931
-1778
-1540
-1125
-626
-140
360
854
1255
1565
1839
2031
2115
2107
2072
1999
1877
1778
1689
1585
1523
1557
1611
1669
1726
1792
1864
1867
1833
1860
1910
1946
2018
2149
2344
2543
2729
2926
2986
2874
2692
2388
1892
1280
679
53
-603
-1077
-1227
-1170
-1076
-1003
-979
-1020
-1096
-1241
-1489
-1803
-2127
-2380
-2541
-2583
-2473
-2294
-2098
-1872
-1716
-1701
-1703
-1782
-2009
-2276
-2467
-2601
-2772
-2842
-2658
-2369
-2137
-1895
-1651
-1549
-1543
-1470
-1343
-1233
-1090
-833
-539
-213
206
613
963
1292
1537
1668
1675
1604
1483
1295
1112
963
904
915
939
973
1056
1163
1283
1396
1480
1559
1597
1564
1450
1330
1258
1154
1043
981
900
812
719
558
362
182
16
-212
-508
-745
-934
-1157
-1330
-1387
-1397
-1428
-1428
-1350
-1242
-1066
-847
-707
-650
-581
-563
-683
-851
-1026
-1179
-1373
-1569
-1682
-1672
-1503
-1245
-866
-348
237
815
1324
1733
2013
2166
2179
2049
1836
1568
1294
1116
1051
1022
994
995
1027
1078
1137
1234
1374
1454
1421
1347
1307
1324
1376
1452
1563
1724
1911
2041
2080
2068
1947
1667
1286
860
374
-144
-604
-962
-1142
-1148
-1128
-1113
-1073
-1024
-1064
-1241
-1482
-1720
-1914
-2097
-2245
-2279
-2151
-1948
-1756
-1511
-1263
-1087
-1002
-1042
-1220
-1473
-1697
-1938
-2170
-2299
-2290
-2167
-1998
-1784
-1531
-1260
-1054
-875
-718
-568
-367
-126
162
453
739
1023
1260
1440
1560
1581
1541
1494
1383
1237
1167
1132
1109
1099
1135
1269
1450
1612
1730
1791
1851
1916
1906
1841
1789
1768
1726
1595
1420
1265
1119
957
741
486
178
-138
-434
-769
-1054
-1259
-1462
-1645
-1799
-1915
-1950
-1951
-1939
-1921
-1924
-1858
-1792
-1801
-1768
-1711
-1667
-1706
-1862
-2029
-2131
-2191
-2254
-2270
-2158
-1944
-1673
-1357
-933
-393
107
536
918
1242
1480
1614
1688
1729
1721
1672
1556
1425
1385
1393
1356
1369
1456
1528
1571
1687
1868
1954
2003
2092
2176
2227
2301
2456
2614
2777
3004
3146
3121
3012
2822
2486
2031
1552
1006
376
-91
-350
-575
-728
-735
-739
-835
-895
-970
-1202
-1532
-1829
-2073
-2283
-2361
-2300
-2179
-1959
-1644
-1405
-1288
-1210
-1254
-1456
-1711
-2011
-2308
-2595
-2837
-2905
-2848
-2689
-2453
-2229
-2033
-1839
-1592
-1354
-1132
-887
-640
-304
69
361
618
867
1037
1092
1074
997
871
764
654
535
520
547
605
763
1003
1247
1415
1549
1604
1562
1554
1542
1457
1353
1339
1419
1418
1376
1369
1302
1129
897
618
254
-105
-413
-729
-1036
-1245
-1327
-1407
-1515
-1559
-1515
-1437
-1373
-1334
-1318
-1269
-1157
-1014
-895
-792
-711
-729
-834
-971
-1139
-1334
-1524
-1636
-1652
-1517
-1232
-888
-495
-54
450
952
1364
1652
1860
2033
2133
2151
2099
1976
1822
1683
1509
1329
1213
1167
1197
1240
1310
1440
1583
1753
1889
2000
2105
2205
2283
2316
2363
2447
2551
2579
2521
2363
2148
1851
1409
904
397
-85
-571
-947
-1099
-1136
-1143
-1146
-1155
-1201
-1324
-1468
-1721
-2065
-2354
-2501
-2555
-2628
-2571
-2355
-2084
-1814
-1629
-1580
-1577
-1648
-1853
-2156
-2403
-2551
-2720
-2797
-2691
-2525
-2379
-2169
-1934
-1783
-1689
-1554
-1407
-1305
-1125
-813
-463
-91
298
654
908
1078
1193
1224
1169
1055
929
784
693
790
959
1135
1388
1644
1850
2004
2097
2102
2016
1921
1793
1618
1469
1430
1485
1528
1526
1476
1411
1283
1055
767
418
67
-285
-644
-962
-1172
-1247
-1272
-1287
-1260
-1173
-1056
-997
-1004
-973
-882
-785
-709
-652
-613
-591
-604
-687
-785
-880
-940
-977
-1018
-983
-842
-608
-363
-54
341
665
1005
1366
1595
1731
1819
1816
1692
1534
1411
1218
1027
917
782
683
715
847
949
1046
1229
1436
1590
1647
1647
1646
1636
1601
1559
1620
1712
1698
1664
1661
1616
1454
1174
830
413
-93
-552
-971
-1304
-1406
-1344
-1259
-1226
-1186
-1170
-1261
-1472
-1760
-2099
-2418
-2653
-2808
-2896
-2870
-2675
-2409
-2089
-1801
-1579
-1405
-1397
-1527
-1740
-1952
-2116
-2305
-2401
-2361
-2302
-2182
-2031
-1831
-1661
-1586
-1416
-1234
-1105
-866
-528
-202
92
450
855
1117
1293
1495
1640
1642
1550
1491
1472
1470
1537
1642
1776
1957
2108
2236
2305
2307
2323
2338
2322
2223
2105
2049
2018
1970
1942
1958
1942
1817
1642
1398
1076
810
541
232
-52
-293
-509
-671
-724
-757
-805
-797
-815
-916
-1036
-1134
-1164
-1140
-1096
-1017
-984
-986
-971
-990
-1027
-1093
-1192
-1260
-1269
-1230
-1158
-986
-742
-493
-201
77
299
479
614
737
808
806
785
700
562
404
239
158
159
174
256
358
357
378
580
792
861
910
970
953
902
943
1077
1189
1313
1447
1452
1387
1310
1146
886
508
86
-342
-795
-1193
-1531
-1724
-1701
-1574
-1480
-1413
-1242
-1136
-1232
-1332
-1409
-1535
-1677
-1748
-1739
-1665
-1482
-1208
-963
-838
-701
-557
-586
-806
-1070
-1233
-1395
-1523
-1531
-1482
-1317
-1119
-990
-814
-567
-356
-213
-94
22
156
375
678
958
1224
1529
1826
2035
2103
2138
2194
2141
1976
1870
1847
1803
1789
1815
1862
1906
1935
1963
1924
1818
1726
1652
1517
1372
1310
1280
1261
1231
1123
947
770
554
224
-75
-285
-548
-860
-1130
-1363
-1534
-1606
-1661
-1773
-1903
-1978
-2008
-2066
-2115
-2107
-2114
-2165
-2173
-2080
-1968
-1867
-1770
-1713
-1694
-1684
-1670
-1667
-1668
-1587
-1405
-1213
-1024
-766
-460
-180
118
421
669
907
1102
1152
1119
1109
1089
1010
945
929
899
902
978
1052
1115
1185
1277
1408
1511
1561
1604
1635
1678
1774
1883
1992
2123
2215
2234
2236
2175
2008
1735
1347
864
377
-85
-530
-910
-1203
-1429
-1540
-1467
-1286
-1097
-918
-745
-612
-576
-589
-581
-584
-605
-621
-648
-714
-781
-824
-864
-939
-1069
-1248
-1461
-1666
-1860
-1993
-1977
-1861
-1747
-1609
-1382
-1135
-931
-703
-482
-371
-316
-215
-109
-35
86
281
458
592
724
843
914
981
1047
1031
987
981
991
1022
1102
1255
1422
1513
1549
1556
1536
1515
1479
1389
1272
1184
1065
925
813
733
693
619
477
312
139
-47
-258
-475
-686
-923
-1179
-1359
-1460
-1547
-1590
-1600
-1640
-1684
-1679
-1642
-1618
-1624
-1595
-1568
-1580
-1487
-1323
-1183
-996
-815
-704
-631
-593
-577
-556
-532
-421
-233
-91
99
362
588
806
974
1027
987
905
811
693
587
570
624
720
882
1086
1285
1419
1481
1498
1496
1455
1436
1470
1502
1614
1777
1891
1996
2102
2170
2146
2007
1812
1578
1229
809
421
82
-242
-528
-777
-1073
-1332
-1418
-1500
-1641
-1584
-1358
-1206
-1053
-756
-454
-323
-277
-187
-199
-340
-503
-709
-980
-1225
-1455
-1761
-2048
-2181
-2248
-2288
-2264
-2167
-2006
-1812
-1536
-1188
-959
-756
-481
-337
-297
-227
-155
-192
-289
-333
-374
-430
-395
-256
-103
70
287
520
759
1021
1267
1391
1446
1562
1651
1614
1593
1618
1569
1470
1393
1322
1240
1195
1160
1125
1076
1038
1037
1042
1048
1018
973
899
736
567
395
172
-34
-248
-506
-731
-887
-1031
-1207
-1340
-1437
-1568
-1674
-1723
-1722
-1700
-1635
-1497
-1376
-1236
-1032
-849
-701
-571
-439
-371
-381
-372
-352
-303
-183
-7
145
256
401
521
542
506
479
463
404
373
430
531
647
790
983
1175
1335
1500
1615
1625
1595
1538
1441
1333
1280
1290
1356
1482
1610
1692
1705
1609
1415
1145
835
530
238
-73
-398
-667
-900
-1115
-1265
-1370
-1449
-1503
-1528
-1560
-1580
-1487
-1315
-1128
-926
-703
-513
-415
-386
-434
-599
-817
-1040
-1304
-1630
-1907
-2033
-2075
-2051
-1905
-1614
-1276
-920
-519
-107
213
456
699
856
896
900
856
695
503
360
214
60
-27
-24
33
157
350
569
815
1073
1294
1477
1670
1855
1933
1886
1754
1579
1400
1272
1154
1011
891
849
874
908
935
951
956
947
887
756
596
464
330
165
-4
-202
-401
-580
-757
-912
-1041
-1210
-1466
-1738
-1978
-2172
-2299
-2363
-2387
-2328
-2183
-1969
-1710
-1448
-1219
-1040
-893
-805
-762
-718
-704
-697
-637
-532
-426
-339
-243
-132
-32
32
76
37
-63
-152
-211
-252
-235
-101
84
276
502
773
1007
1184
1323
1419
1470
1474
1480
1485
1474
1497
1564
1640
1720
1828
1894
1865
1752
1538
1266
954
629
314
24
-222
-430
-587
-681
-715
-695
-635
-567
-500
-417
-318
-190
2
235
416
531
593
573
441
184
-127
-471
-885
-1313
-1696
-2018
-2216
-2205
-2036
-1748
-1341
-846
-364
5
350
671
901
1028
1084
1047
849
566
285
14
-245
-459
-650
-851
-974
-956
-826
-598
-284
75
412
729
1023
1252
1418
1529
1525
1389
1198
1028
837
641
511
412
309
216
180
188
187
171
133
72
35
38
49
70
99
64
-48
-186
-344
-464
-549
-652
-820
-1077
-1378
-1691
-1929
-2091
-2180
-2186
-2176
-2133
-2014
-1838
-1653
-1428
-1158
-982
-921
-895
-871
-833
-774
-697
-592
-473
-360
-263
-152
-22
92
155
129
55
0
-39
-49
-4
109
294
536
807
1049
1272
1485
1641
1741
1816
1874
1928
1979
2047
2160
2281
2385
2498
2589
2584
2509
2391
2137
1762
1397
1044
679
367
159
68
43
40
84
143
217
333
475
567
624
690
738
803
888
924
859
692
419
-16
-580
-1120
-1616
-2112
-2518
-2715
-2762
-2703
-2477
-2077
-1610
-1148
-688
-275
-3
120
176
177
125
34
-104
-308
-581
-852
-1092
-1334
-1546
-1736
-1908
-2014
-2001
-1823
-1517
-1135
-680
-233
174
542
824
970
983
927
769
558
383
282
195
113
105
121
98
60
29
-10
-61
-91
-66
-35
1
89
151
165
189
214
186
40
-151
-329
-503
-658
-805
-974
-1164
-1342
-1454
-1482
-1423
-1318
-1237
-1137
-1014
-874
-647
-352
-100
79
195
306
402
465
518
554
548
479
426
407
367
346
384
427
452
477
554
660
763
927
1144
1391
1596
1762
1919
2050
2150
2205
2251
2257
2233
2205
2163
2135
2168
2224
2244
2259
2258
2169
1983
1734
1417
1044
669
296
-83
-415
-604
-656
-668
-627
-535
-463
-422
-367
-316
-318
-372
-407
-407
-378
-323
-323
-436
-658
-964
-1352
-1792
-2258
-2703
-3053
-3303
-3410
-3288
-2993
-2626
-2170
-1649
-1182
-834
-576
-449
-419
-433
-488
-574
-712
-871
-1034
-1240
-1435
-1565
-1688
-1770
-1828
-1835
-1741
-1563
-1261
-903
-514
-97
296
624
850
1017
1167
1243
1224
1127
1026
945
850
849
840
791
791
763
706
691
724
798
879
969
1100
1184
1219
1244
1255
1234
1109
943
813
685
483
309
170
-23
-193
-351
-497
-578
-556
-456
-340
-232
-124
-2
87
190
350
479
577
682
726
657
559
436
233
-1
-170
-313
-501
-623
-606
-547
-510
-386
-208
-64
87
275
447
543
623
678
687
715
822
958
1033
1104
1199
1247
1247
1227
1166
1090
1039
1011
941
856
815
738
595
436
269
69
-129
-290
-455
-614
-725
-779
-801
-792
-722
-659
-638
-558
-475
-471
-484
-501
-494
-455
-491
-627
-789
-976
-1213
-1463
-1686
-1856
-1975
-2002
-1953
-1846
-1644
-1346
-976
-594
-205
177
454
600
696
709
597
399
164
-64
-345
-633
-869
-1028
-1100
-1167
-1197
-1152
-1022
-830
-559
-223
96
370
618
842
1065
1306
1467
1526
1519
1418
1285
1160
1030
894
758
592
424
367
371
368
408
487
497
476
532
582
566
574
574
469
315
190
76
-53
-190
-286
-391
-536
-670
-821
-930
-972
-956
-864
-768
-640
-425
-219
-4
260
425
471
496
382
154
-58
-283
-583
-901
-1110
-1272
-1424
-1431
-1284
-1086
-864
-592
-268
77
389
666
904
1042
1104
1134
1131
1124
1138
1126
1088
1102
1147
1188
1223
1230
1184
1089
984
883
735
581
503
455
421
404
376
346
255
158
78
-47
-152
-186
-191
-234
-248
-220
-219
-242
-271
-317
-471
-659
-760
-784
-768
-802
-846
-883
-953
-1023
-1103
-1186
-1228
-1246
-1288
-1260
-1124
-953
-691
-352
-33
243
479
659
694
628
548
394
147
-181
-504
-783
-1040
-1169
-1206
-1203
-1178
-1084
-883
-691
-472
-215
-1
164
364
669
972
1208
1379
1459
1452
1373
1258
1063
790
519
323
172
61
17
49
149
301
500
683
833
911
899
855
779
670
512
321
132
-20
-101
-195
-291
-387
-491
-552
-604
-653
-723
-784
-766
-711
-593
-379
-147
86
276
386
442
408
240
-54
-416
-835
-1268
-1647
-1953
-2165
-2218
-2108
-1846
-1439
-982
-493
-1
415
718
933
1090
1141
1156
1217
1252
1257
1264
1264
1277
1272
1262
1261
1198
1091
967
843
756
722
740
792
910
1035
1136
1241
1252
1145
998
830
646
549
518
440
365
348
324
214
110
-4
-203
-440
-691
-947
-1181
-1294
-1246
-1143
-1050
-922
-801
-763
-832
-928
-1044
-1200
-1271
-1242
-1168
-992
-689
-417
-253
-94
-20
-140
-310
-468
-739
-1034
-1220
-1350
-1483
-1559
-1568
-1616
-1613
-1491
-1367
-1288
-1263
-1189
-1066
-943
-706
-371
-26
342
726
1038
1220
1342
1420
1336
1132
924
655
359
175
140
163
213
303
389
461
582
780
979
1114
1222
1288
1250
1199
1167
1129
1032
912
847
730
609
513
370
254
174
51
-53
-74
-64
-5
51
74
166
318
476
585
619
530
317
65
-254
-611
-927
-1221
-1451
-1563
-1583
-1531
-1382
-1146
-831
-445
-80
248
557
770
942
1092
1175
1180
1136
1096
1037
962
887
807
726
671
649
615
550
490
456
422
420
499
596
680
759
795
747
607
466
352
174
-15
-139
-254
-343
-309
-230
-262
-349
-470
-645
-834
-1036
-1286
-1583
-1798
-1846
-1784
-1660
-1489
-1288
-1128
-1102
-1187
-1309
-1385
-1343
-1222
-1088
-907
-631
-374
-156
97
307
350
295
221
47
-161
-272
-358
-478
-560
-591
-622
-657
-654
-563
-459
-439
-413
-320
-228
-65
243
584
859
1154
1449
1647
1784
1862
1801
1598
1357
1123
893
707
615
593
565
528
495
507
615
823
1001
1092
1156
1167
1099
975
840
746
663
562
498
475
452
440
448
387
251
122
18
-116
-227
-253
-319
-411
-427
-423
-501
-581
-599
-659
-784
-991
-1294
-1604
-1879
-2067
-2173
-2237
-2237
-2105
-1854
-1579
-1247
-917
-671
-422
-178
-22
98
235
357
378
314
278
242
209
232
284
325
354
413
427
381
378
424
494
583
709
862
978
1062
1118
1118
1048
910
766
607
428
307
243
177
138
189
248
254
290
258
141
-9
-221
-490
-723
-762
-666
-538
-425
-267
-108
-97
-185
-280
-379
-498
-522
-476
-451
-335
-155
-4
132
307
419
388
306
196
61
-50
-135
-220
-253
-217
-165
-212
-317
-324
-361
-519
-632
-599
-507
-407
-172
146
421
721
1043
1260
1344
1347
1303
1173
961
779
632
486
397
401
372
256
171
102
35
8
13
-33
-65
-3
-5
-33
19
93
48
-107
-186
-235
-336
-426
-413
-382
-461
-538
-591
-706
-758
-680
-676
-792
-878
-923
-1006
-1119
-1136
-1103
-1141
-1266
-1407
-1509
-1617
-1699
-1711
-1704
-1664
-1539
-1395
-1239
-990
-675
-354
-58
241
518
690
819
960
1065
1122
1167
1206
1223
1245
1277
1256
1209
1199
1156
1116
1161
1280
1408
1522
1627
1704
1821
1984
2069
2064
2035
1932
1746
1543
1311
1062
884
743
593
473
359
243
168
92
-50
-248
-491
-682
-700
-589
-446
-353
-354
-438
-568
-752
-958
-1115
-1207
-1282
-1365
-1432
-1380
-1182
-933
-667
-403
-239
-196
-178
-201
-258
-260
-256
-340
-464
-550
-628
-756
-870
-932
-1074
-1312
-1488
-1561
-1575
-1454
-1175
-830
-458
-34
400
711
918
1054
1060
969
876
773
638
533
462
356
246
178
118
18
-141
-274
-378
-455
-441
-325
-148
28
193
305
326
314
276
179
82
-9
-75
-76
-22
25
14
-28
-55
-44
-61
-128
-188
-228
-294
-350
-336
-279
-217
-176
-178
-266
-464
-726
-973
-1179
-1325
-1390
-1378
-1307
-1118
-814
-484
-157
168
479
802
1083
1282
1438
1574
1643
1592
1515
1475
1438
1366
1280
1201
1129
1092
1079
1048
1015
1027
1084
1135
1219
1401
1596
1701
1710
1676
1567
1374
1190
1038
849
635
448
284
127
8
-82
-223
-417
-579
-705
-831
-886
-831
-762
-717
-635
-550
-552
-667
-859
-1124
-1456
-1761
-1985
-2154
-2209
-2130
-2002
-1822
-1543
-1241
-1047
-913
-806
-793
-809
-789
-730
-686
-706
-722
-764
-881
-986
-1048
-1175
-1372
-1462
-1428
-1392
-1270
-985
-656
-317
64
462
796
1065
1272
1338
1306
1301
1289
1272
1283
1300
1288
1240
1174
1068
932
786
627
515
466
489
570
669
811
909
943
969
950
878
784
672
600
567
547
497
410
340
258
141
21
-46
-112
-214
-271
-262
-273
-241
-122
-64
-139
-272
-416
-641
-957
-1278
-1581
-1870
-2096
-2209
-2161
-1981
-1669
-1256
-836
-426
-33
344
676
948
1166
1295
1344
1318
1203
1064
923
756
600
478
397
346
314
310
340
390
487
631
804
971
1108
1223
1316
1369
1354
1291
1167
995
818
623
363
95
-65
-171
-318
-483
-603
-672
-747
-748
-562
-323
-160
-38
38
6
-161
-373
-569
-820
-1101
-1363
-1612
-1800
-1873
-1798
-1626
-1389
-1121
-897
-697
-521
-358
-218
-104
-5
14
-9
1
-15
-126
-292
-424
-604
-838
-993
-1089
-1149
-1107
-966
-752
-481
-173
125
390
648
888
1081
1247
1380
1467
1532
1566
1585
1604
1612
1553
1440
1290
1068
841
647
459
327
313
384
458
516
529
449
292
112
4
-88
-208
-278
-285
-257
-200
-73
58
89
50
3
-81
-214
-355
-489
-599
-662
-644
-572
-530
-562
-688
-900
-1208
-1586
-1959
-2333
-2668
-2841
-2826
-2662
-2370
-1943
-1439
-949
-460
65
569
988
1341
1604
1715
1682
1601
1477
1293
1087
857
617
395
243
151
101
121
204
331
545
855
1174
1454
1722
1920
1974
1985
1995
1939
1786
1569
1343
1042
695
398
169
-51
-258
-393
-490
-551
-539
-442
-286
-57
178
383
576
668
615
415
106
-261
-654
-1039
-1382
-1649
-1824
-1919
-1904
-1808
-1678
-1479
-1268
-1077
-846
-597
-393
-262
-197
-133
-69
-50
-78
-164
-267
-396
-557
-719
-825
-846
-851
-820
-706
-546
-366
-114
207
486
709
899
1034
1132
1232
1343
1480
1624
1689
1689
1651
1542
1355
1163
961
714
489
283
95
-61
-164
-190
-196
-262
-372
-449
-492
-552
-615
-676
-720
-708
-684
-621
-505
-375
-244
-162
-168
-225
-325
-473
-584
-634
-681
-749
-847
-981
-1125
-1294
-1514
-1763
-2000
-2214
-2397
-2486
-2493
-2402
-2122
-1701
-1215
-661
-61
559
1158
1675
2052
2266
2343
2328
2239
2075
1890
1692
1496
1311
1112
924
786
760
834
986
1234
1514
1814
2101
2345
2575
2761
2877
2901
2806
2647
2434
2133
1778
1450
1145
800
466
198
-28
-227
-361
-448
-499
-450
-281
-67
87
237
379
366
215
5
-320
-793
-1272
-1693
-2132
-2533
-2772
-2896
-3000
-3019
-2919
-2793
-2684
-2526
-2299
-2014
-1689
-1423
-1245
-1122
-1072
-1097
-1184
-1296
-1443
-1704
-2024
-2247
-2360
-2410
-2298
-2048
-1753
-1422
-1044
-628
-218
163
484
734
950
1092
1199
1371
1626
1930
2115
2170
2196
2162
1990
1711
1415
1111
818
558
349
254
242
255
307
382
410
331
186
92
54
41
95
173
214
289
502
763
972
1116
1143
1024
802
543
309
150
15
-136
-250
-304
-392
-517
-661
-876
-1156
-1431
-1655
-1805
-1868
-1770
-1481
-1088
-627
-102
479
1085
1657
2113
2430
2601
2605
2450
2190
1886
1525
1161
891
666
466
361
368
439
510
588
699
863
1081
1299
1482
1587
1617
1589
1529
1425
1262
1042
778
526
223
-147
-499
-797
-1085
-1351
-1484
-1539
-1572
-1460
-1143
-778
-476
-192
3
-57
-333
-683
-1108
-1624
-2137
-2598
-3041
-3401
-3582
-3603
-3503
-3257
-2922
-2600
-2304
-1984
-1646
-1306
-922
-534
-226
2
188
265
200
31
-187
-500
-884
-1236
-1469
-1599
-1654
-1513
-1190
-789
-345
154
664
1133
1567
1906
2104
2235
2387
2562
2756
3001
3245
3401
3499
3497
3368
3119
2747
2300
1797
1305
867
538
371
344
393
470
499
437
303
161
28
-98
-180
-234
-217
-96
140
418
634
736
654
416
106
-229
-539
-814
-1093
-1358
-1559
-1677
-1720
-1740
-1822
-1984
-2203
-2483
-2764
-2944
-2994
-2908
-2669
-2281
-1819
-1310
-713
-78
499
1008
1402
1601
1620
1536
1421
1290
1134
963
788
648
522
441
429
474
571
695
810
915
1092
1318
1575
1834
2027
2066
1964
1818
1612
1344
1076
812
510
173
-157
-444
-653
-781
-850
-884
-889
-771
-461
-42
370
689
862
833
595
206
-275
-819
-1400
-2010
-2573
-3000
-3248
-3302
-3162
-2854
-2475
-2106
-1758
-1421
-1093
-713
-264
153
468
712
886
965
989
935
747
380
-122
-649
-1123
-1461
-1653
-1678
-1514
-1209
-795
-295
256
793
1250
1632
1914
2097
2238
2343
2453
2607
2766
2877
2943
2935
2768
2464
2082
1650
1205
779
411
92
-126
-185
-136
-86
-101
-152
-267
-451
-602
-686
-758
-827
-825
-760
-615
-371
-127
43
133
104
-67
-332
-617
-882
-1092
-1285
-1449
-1561
-1681
-1783
-1870
-2007
-2237
-2505
-2759
-3000
-3143
-3090
-2820
-2395
-1906
-1361
-771
-183
388
901
1281
1508
1610
1603
1549
1519
1495
1445
1373
1291
1166
1019
913
843
785
744
765
865
1047
1272
1575
1943
2222
2357
2364
2227
1979
1684
1409
1139
841
512
215
-28
-238
-403
-525
-632
-708
-682
-484
-147
210
512
737
794
623
302
-93
-537
-1050
-1588
-2095
-2538
-2853
-3017
-3000
-2819
-2597
-2382
-2143
-1847
-1516
-1109
-602
-102
337
681
927
1095
1161
1103
903
509
-33
-587
-1050
-1357
-1476
-1450
-1314
-1084
-796
-465
-50
446
924
1294
1538
1707
1854
1997
2155
2344
2564
2767
2848
2811
2660
2395
2044
1638
1201
744
325
5
-204
-328
-374
-386
-422
-510
-641
-812
-979
-1113
-1219
-1259
-1249
-1202
-1076
-881
-641
-429
-311
-332
-485
-758
-1076
-1367
-1601
-1743
-1805
-1840
-1862
-1854
-1845
-1855
-1938
-2101
-2303
-2449
-2491
-2427
-2215
-1809
-1292
-758
-232
306
837
1296
1673
1942
2095
2167
2162
2080
1979
1920
1918
1951
2005
2071
2114
2123
2108
2121
2154
2135
2129
2173
2263
2414
2560
2674
2718
2660
2516
2263
1950
1569
1180
830
469
133
-161
-384
-572
-732
-801
-671
-350
42
376
581
628
480
147
-352
-904
-1449
-2023
-2610
-3097
-3426
-3625
-3720
-3699
-3555
-3402
-3276
-3098
-2828
-2490
-2105
-1594
-1010
-496
-21
410
694
736
580
325
-90
-619
-1089
-1453
-1771
-1948
-1858
-1621
-1348
-988
-563
-113
328
699
1004
1248
1481
1693
1883
2132
2423
2719
2929
2964
2862
2674
2422
2089
1658
1202
804
430
86
-107
-151
-179
-187
-159
-171
-258
-388
-571
-773
-875
-882
-815
-694
-556
-399
-247
-86
93
158
99
-13
-196
-444
-644
-788
-992
-1153
-1213
-1258
-1320
-1384
-1499
-1717
-1946
-2111
-2203
-2161
-1950
-1552
-1048
-575
-82
409
826
1211
1545
1753
1791
1726
1647
1546
1423
1353
1367
1443
1549
1636
1669
1661
1641
1595
1500
1443
1499
1589
1687
1804
1904
1997
2042
2021
1927
1694
1388
1053
639
202
-195
-522
-806
-1023
-1143
-1164
-999
-685
-330
-18
184
264
178
-92
-522
-1040
-1579
-2080
-2483
-2875
-3205
-3369
-3440
-3414
-3291
-3134
-3000
-2907
-2782
-2552
-2217
-1773
-1211
-671
-210
261
691
1025
1222
1199
922
468
-6
-401
-698
-882
-896
-767
-562
-301
-13
298
653
1021
1350
1603
1789
1964
2115
2252
2445
2662
2841
2924
2886
2757
2587
2384
2110
1754
1359
1000
694
456
305
201
88
-2
-81
-211
-371
-557
-756
-921
-1003
-1046
-1104
-1153
-1153
-1090
-957
-731
-505
-395
-399
-503
-655
-791
-889
-975
-1108
-1263
-1401
-1543
-1681
-1775
-1844
-1973
-2146
-2242
-2237
-2169
-2006
-1709
-1350
-995
-618
-233
131
492
838
1094
1212
1254
1225
1111
1006
1018
1073
1132
1262
1417
1546
1661
1795
1904
1898
1841
1807
1729
1655
1672
1715
1774
1859
1962
1995
1867
1664
1447
1163
824
468
94
-209
-401
-470
-348
-13
397
668
838
995
996
702
238
-214
-719
-1305
-1793
-2109
-2342
-2511
-2587
-2587
-2569
-2512
-2435
-2429
-2450
-2378
-2207
-1990
-1701
-1334
-901
-431
-19
299
503
591
530
269
-49
-282
-472
-674
-793
-701
-529
-362
-90
255
549
779
993
1196
1375
1561
1741
1890
2070
2253
2368
2425
2420
2336
2168
1969
1730
1413
1086
811
563
310
130
34
-48
-158
-238
-271
-386
-583
-821
-1037
-1197
-1351
-1462
-1519
-1506
-1481
-1451
-1310
-1136
-996
-909
-896
-954
-1006
-1026
-1046
-1050
-1092
-1151
-1217
-1326
-1483
-1619
-1686
-1788
-1882
-1911
-1868
-1730
-1509
-1205
-848
-487
-136
203
507
742
954
1136
1229
1285
1368
1463
1544
1657
1826
1983
2083
2149
2217
2277
2294
2264
2196
2114
1988
1850
1794
1824
1934
2053
2135
2141
2062
1890
1619
1332
1011
627
209
-170
-439
-598
-570
-297
104
413
550
575
455
151
-234
-636
-1143
-1694
-2168
-2544
-2792
-2849
-2747
-2641
-2571
-2537
-2601
-2730
-2839
-2897
-2890
-2773
-2540
-2224
-1832
-1348
-880
-540
-300
-142
-140
-283
-427
-553
-699
-819
-836
-755
-616
-390
-124
119
349
533
655
756
884
1060
1274
1494
1737
1994
2188
2320
2416
2427
2322
2160
1945
1681
1454
1309
1211
1111
1053
1034
951
776
593
440
220
-75
-358
-581
-755
-877
-956
-1018
-1050
-1123
-1255
-1328
-1292
-1254
-1215
-1097
-1000
-986
-957
-894
-840
-767
-649
-608
-716
-886
-1045
-1220
-1340
-1340
-1325
-1372
-1389
-1272
-1097
-874
-579
-266
1
199
386
581
752
902
1040
1186
1317
1441
1572
1693
1832
2000
2192
2325
2359
2387
2398
2330
2224
2129
2001
1802
1640
1606
1676
1780
1873
1935
1893
1773
1633
1430
1106
726
362
-31
-358
-393
-205
-19
172
355
367
202
-16
-309
-736
-1198
-1643
-2094
-2460
-2613
-2577
-2476
-2302
-2089
-1989
-2081
-2271
-2422
-2567
-2680
-2712
-2741
-2750
-2592
-2268
-1903
-1556
-1188
-910
-833
-812
-734
-676
-692
-676
-596
-487
-335
-124
83
274
499
646
653
671
760
827
891
1044
1293
1500
1651
1828
2014
2126
2133
2114
2061
1933
1766
1606
1446
1302
1229
1161
1013
823
620
376
125
-96
-333
-537
-693
-842
-938
-938
-877
-846
-868
-906
-934
-955
-963
-924
-889
-913
-945
-936
-913
-853
-735
-623
-602
-695
-807
-888
-959
-1010
-1005
-1000
-984
-877
-714
-543
-326
-54
202
394
513
603
692
807
928
1006
1107
1239
1343
1420
1515
1615
1679
1764
1890
1980
1991
1987
1994
1985
1947
1867
1795
1754
1706
1704
1738
1763
1726
1610
1453
1256
994
667
383
192
71
5
-7
-11
-71
-175
-327
-549
-838
-1152
-1460
-1744
-2039
-2276
-2393
-2430
-2413
-2312
-2189
-2172
-2213
-2281
-2393
-2536
-2661
-2755
-2887
-2996
-3002
-2932
-2791
-2563
-2309
-2099
-1884
-1684
-1533
-1390
-1192
-920
-656
-410
-137
122
341
578
794
916
965
1006
1086
1183
1269
1396
1578
1763
1954
2123
2269
2432
2552
2574
2588
2647
2710
2725
2721
2711
2603
2390
2179
1972
1703
1425
1130
792
486
229
22
-117
-203
-268
-365
-448
-494
-562
-636
-692
-731
-763
-781
-791
-842
-937
-985
-965
-975
-1040
-1110
-1235
-1444
-1609
-1648
-1647
-1680
-1676
-1595
-1473
-1331
-1158
-994
-833
-635
-462
-314
-187
-101
-52
-15
38
75
125
223
314
372
458
591
739
896
1062
1225
1392
1545
1662
1774
1857
1891
1876
1840
1826
1805
1763
1732
1678
1566
1401
1255
1170
1142
1112
1041
928
761
552
299
26
-236
-504
-786
-1065
-1336
-1553
-1683
-1723
-1692
-1608
-1532
-1494
-1477
-1481
-1492
-1513
-1540
-1598
-1704
-1813
-1913
-2014
-2069
-2071
-2056
-2066
-2098
-2082
-1978
-1792
-1535
-1225
-886
-562
-261
18
289
562
799
950
1049
1137
1204
1235
1277
1347
1384
1412
1432
1423
1397
1423
1509
1541
1568
1667
1796
1908
1993
2080
2122
2077
1974
1793
1545
1271
951
618
324
31
-219
-380
-488
-587
-689
-736
-794
-905
-1001
-1066
-1100
-1141
-1153
-1114
-1121
-1182
-1215
-1231
-1306
-1413
-1481
-1554
-1657
-1709
-1699
-1668
-1603
-1483
-1335
-1178
-987
-761
-576
-468
-352
-209
-93
21
172
295
387
485
532
532
531
564
611
627
705
813
900
1034
1185
1357
1559
1723
1836
1929
1993
2023
2039
2067
2104
2112
2114
2088
2006
1920
1858
1838
1845
1855
1823
1717
1555
1277
896
523
105
-380
-838
-1229
-1592
-1909
-2108
-2171
-2164
-2105
-2009
-1889
-1772
-1662
-1523
-1421
-1357
-1365
-1518
-1719
-1923
-2124
-2322
-2509
-2655
-2827
-3039
-3175
-3212
-3154
-2984
-2718
-2358
-1959
-1564
-1157
-709
-270
141
570
958
1276
1555
1749
1860
1904
1840
1742
1660
1553
1459
1413
1436
1469
1444
1512
1684
1884
2110
2359
2544
2619
2610
2523
2382
2217
2044
1784
1442
1095
768
487
306
217
124
8
-101
-204
-307
-363
-386
-442
-516
-591
-661
-774
-898
-958
-1016
-1159
-1370
-1596
-1879
-2151
-2316
-2388
-2410
-2325
-2130
-1938
-1754
-1494
-1186
-952
-742
-518
-332
-197
-79
29
100
185
296
391
468
546
555
481
394
311
243
175
174
229
319
504
770
1045
1311
1601
1843
1974
2055
2115
2096
2030
1948
1860
1790
1845
2024
2187
2310
2397
2393
2236
1924
1495
961
360
-258
-885
-1517
-2039
-2397
-2596
-2612
-2469
-2258
-2035
-1772
-1543
-1382
-1226
-1056
-942
-932
-950
-992
-1133
-1286
-1369
-1498
-1736
-1990
-2206
-2400
-2582
-2693
-2689
-2594
-2442
-2248
-2006
-1678
-1263
-859
-470
-28
425
834
1227
1590
1837
1966
2016
2020
1986
1911
1823
1716
1630
1600
1605
1635
1735
1890
2029
2128
2186
2210
2188
2129
2037
1853
1587
1328
1055
714
386
150
-39
-219
-380
-497
-553
-555
-511
-458
-420
-383
-370
-377
-370
-378
-443
-542
-665
-839
-1077
-1338
-1589
-1821
-2047
-2263
-2439
-2535
-2478
-2304
-2099
-1835
-1498
-1164
-871
-552
-201
82
280
452
594
658
727
833
870
838
814
806
785
728
630
510
406
319
268
297
403
592
813
1051
1310
1562
1765
1919
2020
2015
1896
1740
1603
1555
1688
1895
2077
2240
2366
2359
2172
1880
1480
926
279
-413
-1147
-1848
-2341
-2588
-2744
-2755
-2600
-2390
-2176
-1928
-1676
-1459
-1253
-1128
-1136
-1171
-1165
-1186
-1248
-1300
-1376
-1609
-1932
-2191
-2395
-2581
-2726
-2794
-2814
-2749
-2589
-2358
-2052
-1668
-1233
-814
-415
-14
396
815
1191
1534
1824
1965
1995
1959
1878
1839
1847
1810
1675
1595
1649
1751
1922
2202
2482
2656
2760
2858
2918
2901
2808
2596
2275
1896
1497
1054
619
300
50
-195
-383
-495
-540
-516
-407
-233
-82
37
93
76
39
1
-9
-47
-206
-441
-732
-1122
-1524
-1877
-2151
-2350
-2513
-2643
-2721
-2717
-2657
-2549
-2311
-1927
-1527
-1145
-747
-334
24
291
516
686
778
776
688
543
393
255
98
-77
-183
-233
-287
-324
-314
-265
-201
-117
33
295
635
957
1216
1405
1488
1482
1464
1465
1514
1662
1906
2103
2177
2259
2386
2386
2243
2025
1688
1198
572
-96
-696
-1154
-1457
-1660
-1771
-1764
-1709
-1660
-1632
-1569
-1421
-1286
-1182
-1087
-1017
-935
-841
-802
-767
-727
-797
-1035
-1326
-1536
-1724
-1895
-1962
-1968
-1990
-1990
-1905
-1748
-1534
-1234
-896
-623
-361
3
400
725
1024
1310
1497
1532
1490
1448
1423
1406
1394
1357
1289
1308
1418
1560
1777
2101
2393
2514
2580
2690
2761
2749
2667
2468
2170
1754
1240
735
303
-68
-414
-697
-865
-977
-1023
-965
-896
-807
-667
-527
-437
-368
-286
-235
-277
-395
-514
-679
-907
-1150
-1427
-1740
-2059
-2380
-2695
-2946
-3072
-3068
-2994
-2854
-2669
-2416
-2043
-1599
-1154
-705
-289
101
481
751
904
990
996
960
904
814
716
597
441
306
240
185
134
163
237
335
476
662
884
1108
1276
1412
1573
1699
1782
1863
1895
1984
2269
2645
2955
3172
3302
3263
3013
2600
2043
1400
733
30
-631
-1166
-1561
-1777
-1816
-1670
-1432
-1267
-1160
-1057
-1002
-981
-949
-948
-976
-996
-1012
-1012
-999
-977
-1007
-1212
-1581
-1981
-2295
-2538
-2762
-2890
-2877
-2787
-2603
-2255
-1751
-1161
-595
-110
295
624
880
1060
1224
1391
1445
1395
1300
1181
1030
881
811
778
728
722
773
898
1198
1630
2082
2465
2718
2885
2963
2878
2632
2284
1887
1406
872
391
-27
-355
-599
-827
-1031
-1154
-1203
-1212
-1145
-990
-815
-674
-536
-335
-107
118
324
362
198
-69
-415
-837
-1238
-1587
-1947
-2294
-2571
-2794
-3000
-3138
-3132
-3028
-2913
-2687
-2329
-1929
-1460
-961
-562
-178
221
526
760
970
1141
1236
1284
1305
1270
1189
1083
944
775
592
445
390
365
392
509
613
720
914
1138
1346
1537
1647
1677
1681
1689
1761
2016
2500
3017
3352
3515
3552
3390
2992
2417
1755
1001
168
-614
-1287
-1777
-1977
-1863
-1597
-1303
-1000
-794
-732
-695
-658
-688
-759
-879
-1018
-1130
-1177
-1180
-1228
-1288
-1371
-1628
-2061
-2493
-2828
-3085
-3279
-3284
-3070
-2756
-2356
-1816
-1185
-574
-23
434
743
940
1086
1145
1136
1096
1004
877
705
507
295
97
4
-24
-31
82
365
765
1221
1726
2260
2671
2883
2941
2843
2556
2098
1594
1120
640
208
-126
-385
-517
-567
-584
-588
-635
-720
-789
-776
-715
-644
-494
-268
-51
190
452
605
617
514
319
30
-367
-811
-1276
-1717
-2079
-2336
-2513
-2619
-2603
-2474
-2263
-1998
-1725
-1446
-1170
-880
-565
-241
47
295
525
763
1017
1219
1364
1462
1488
1450
1339
1175
984
819
684
528
393
297
201
119
131
211
311
453
619
742
822
961
1139
1338
1686
2193
2692
3002
3108
3058
2786
2285
1664
1037
403
-284
-980
-1551
-1923
-2101
-2078
-1880
-1552
-1185
-899
-695
-583
-538
-488
-440
-427
-448
-421
-395
-492
-688
-906
-1181
-1598
-2078
-2470
-2747
-2924
-2966
-2827
-2528
-2125
-1645
-1107
-514
104
658
1058
1323
1524
1627
1600
1489
1344
1171
939
634
301
10
-197
-322
-360
-272
-38
300
693
1111
1568
1999
2304
2453
2470
2378
2195
1936
1621
1280
930
589
276
14
-164
-279
-406
-570
-730
-840
-890
-897
-844
-713
-533
-354
-181
-17
102
177
192
104
-70
-277
-533
-860
-1191
-1473
-1744
-1992
-2143
-2208
-2213
-2144
-2003
-1838
-1669
-1469
-1254
-1062
-857
-570
-240
65
331
569
774
937
1081
1175
1218
1221
1190
1156
1103
1005
867
721
578
433
323
280
298
351
440
584
790
1049
1322
1577
1872
2286
2778
3177
3402
3450
3280
2870
2266
1539
781
70
-583
-1174
-1648
-1979
-2190
-2245
-2123
-1869
-1544
-1229
-1002
-866
-719
-517
-356
-317
-367
-451
-581
-805
-1099
-1380
-1677
-2077
-2537
-2912
-3120
-3208
-3196
-3038
-2758
-2385
-1905
-1327
-711
-99
479
966
1307
1531
1695
1797
1782
1663
1521
1331
1028
665
338
118
-12
-119
-173
-80
169
480
810
1213
1644
1955
2100
2153
2136
2025
1830
1560
1244
947
731
591
461
343
238
98
-102
-334
-517
-619
-716
-828
-865
-778
-637
-510
-354
-143
42
118
87
-8
-132
-239
-347
-497
-656
-824
-1044
-1311
-1514
-1597
-1643
-1696
-1725
-1683
-1594
-1465
-1285
-1059
-822
-594
-355
-150
23
220
400
520
601
672
735
798
867
922
965
983
919
745
535
379
263
175
129
130
181
269
454
780
1229
1794
2396
2926
3305
3522
3560
3344
2910
2391
1831
1186
495
-130
-640
-1026
-1296
-1452
-1498
-1456
-1393
-1350
-1254
-1069
-839
-627
-430
-216
-37
63
54
-53
-219
-476
-845
-1315
-1772
-2152
-2470
-2678
-2746
-2688
-2576
-2413
-2171
-1833
-1365
-802
-249
214
615
945
1197
1392
1514
1561
1499
1327
1073
809
601
409
204
9
-171
-301
-340
-266
-107
89
290
405
447
517
621
690
703
666
567
411
263
211
236
278
296
226
94
-79
-244
-360
-502
-693
-895
-1045
-1128
-1122
-981
-752
-537
-360
-181
-36
34
55
82
73
-54
-246
-425
-566
-668
-716
-698
-662
-661
-692
-723
-715
-650
-535
-374
-190
-2
185
374
578
763
893
948
951
935
883
823
823
900
1000
1131
1297
1415
1437
1400
1336
1156
859
591
429
336
345
618
1148
1729
2241
2697
3082
3255
3184
2948
2568
2030
1375
662
-20
-590
-1026
-1318
-1501
-1611
-1662
-1645
-1631
-1660
-1641
-1519
-1345
-1212
-1112
-993
-871
-809
-808
-833
-907
-1085
-1383
-1718
-2037
-2349
-2598
-2763
-2865
-2897
-2847
-2705
-2469
-2147
-1793
-1401
-967
-521
-98
274
571
769
905
971
881
685
540
475
428
420
473
550
609
613
618
650
646
592
558
546
547
609
700
729
707
660
545
391
295
273
273
328
441
547
642
724
776
793
747
637
485
280
64
-67
-121
-133
-76
38
153
254
339
395
435
442
353
179
10
-141
-299
-393
-380
-332
-319
-286
-231
-221
-230
-227
-237
-286
-363
-404
-369
-292
-153
75
285
370
350
315
252
103
-55
-94
-31
49
154
336
569
759
892
942
845
649
461
303
226
378
763
1190
1597
2044
2446
2621
2555
2344
1984
1463
831
181
-372
-790
-1103
-1293
-1345
-1277
-1175
-1109
-1062
-1024
-993
-1006
-1070
-1133
-1139
-1090
-1015
-964
-936
-831
-795
-951
-1146
-1294
-1546
-1902
-2141
-2261
-2355
-2353
-2237
-2072
-1806
-1456
-1149
-910
-664
-364
-58
244
503
686
804
832
791
758
733
659
607
550
434
390
453
586
796
1052
1247
1348
1440
1525
1530
1413
1208
962
664
314
-44
-295
-391
-411
-376
-241
-96
50
297
581
796
910
915
840
711
521
327
216
188
167
160
166
97
4
-41
-89
-190
-301
-358
-398
-449
-451
-407
-361
-294
-172
-52
-15
-7
42
53
-25
-110
-186
-267
-324
-329
-274
-161
36
218
268
265
292
280
231
219
231
273
350
437
524
626
666
576
460
358
226
109
115
324
663
999
1310
1574
1736
1804
1752
1607
1386
1034
600
132
-321
-616
-767
-916
-1055
-1134
-1202
-1227
-1205
-1191
-1152
-1091
-1091
-1168
-1202
-1175
-1168
-1189
-1193
-1206
-1291
-1403
-1469
-1478
-1487
-1556
-1670
-1790
-1906
-1982
-1990
-1933
-1803
-1650
-1474
-1252
-991
-654
-248
172
552
836
1021
1110
1125
1115
1124
1107
1025
944
887
860
897
1023
1167
1300
1443
1599
1797
1989
2122
2218
2217
2006
1633
1184
715
280
-137
-474
-684
-790
-795
-677
-426
-114
194
440
626
751
786
711
560
400
236
51
-116
-232
-276
-284
-308
-343
-407
-524
-690
-877
-993
-1020
-1037
-981
-809
-604
-420
-251
-75
44
40
-44
-134
-246
-408
-561
-617
-606
-550
-434
-301
-171
-87
-35
59
126
108
83
130
223
346
488
577
617
626
584
506
491
630
868
1053
1152
1250
1346
1381
1396
1427
1423
1321
1102
881
666
397
165
1
-76
-119
-242
-417
-604
-735
-796
-823
-843
-897
-935
-939
-948
-955
-917
-863
-870
-915
-981
-1023
-1010
-1005
-1009
-1055
-1190
-1354
-1442
-1492
-1541
-1506
-1432
-1343
-1159
-890
-583
-267
75
374
547
643
665
633
627
629
630
636
609
583
606
661
713
753
807
826
835
924
1055
1223
1445
1641
1726
1708
1546
1219
822
356
-184
-683
-1044
-1257
-1349
-1269
-1026
-716
-393
-73
199
366
503
608
608
523
376
162
-68
-225
-286
-279
-229
-179
-175
-221
-331
-485
-629
-790
-920
-949
-898
-747
-506
-199
105
357
533
573
555
494
381
302
253
242
244
233
223
213
200
194
173
107
40
14
53
153
280
426
547
633
692
726
821
964
1111
1191
1196
1203
1171
1093
1032
996
977
909
750
533
309
136
-8
-118
-172
-203
-266
-377
-500
-549
-532
-565
-651
-776
-932
-1130
-1368
-1545
-1622
-1600
-1566
-1560
-1495
-1377
-1233
-1149
-1146
-1176
-1286
-1477
-1682
-1824
-1857
-1811
-1735
-1607
-1370
-1057
-718
-364
-37
209
319
307
234
188
235
325
414
516
636
739
763
764
793
823
825
793
803
893
1049
1253
1498
1732
1872
1901
1831
1681
1462
1168
798
407
40
-259
-455
-520
-436
-271
-109
-8
52
101
119
128
201
325
421
471
476
426
357
300
243
164
52
-60
-152
-245
-375
-527
-628
-734
-866
-898
-815
-699
-565
-382
-210
-115
-23
99
203
292
395
520
588
560
497
435
336
175
55
11
-37
-97
-119
-55
23
75
156
256
424
697
998
1207
1329
1416
1404
1259
1049
897
816
702
506
246
-4
-213
-384
-468
-464
-447
-493
-574
-627
-652
-610
-531
-538
-657
-796
-886
-993
-1142
-1242
-1306
-1421
-1634
-1826
-1874
-1782
-1618
-1454
-1342
-1357
-1483
-1662
-1844
-1951
-1973
-1916
-1815
-1677
-1426
-1072
-695
-357
-65
174
293
231
118
121
218
334
463
592
699
825
995
1169
1278
1291
1229
1103
989
951
1009
1166
1332
1481
1673
1892
2061
2119
2080
1945
1711
1434
1155
939
848
837
865
901
931
903
773
600
394
190
31
-63
-69
-25
73
236
426
569
616
586
497
405
317
202
42
-134
-277
-355
-389
-445
-521
-629
-771
-945
-1103
-1194
-1228
-1227
-1176
-1068
-870
-559
-238
25
252
416
419
259
40
-183
-388
-567
-708
-805
-856
-836
-796
-781
-768
-690
-557
-449
-329
-137
102
254
301
392
540
678
728
657
512
309
81
-101
-223
-294
-303
-297
-321
-347
-371
-391
-408
-451
-519
-583
-664
-749
-794
-796
-795
-811
-827
-829
-796
-733
-646
-587
-574
-607
-715
-848
-934
-969
-988
-990
-989
-957
-852
-666
-359
10
343
612
761
840
896
937
1007
1094
1173
1265
1353
1390
1427
1505
1524
1452
1349
1222
1113
1071
1086
1135
1184
1240
1277
1297
1321
1337
1340
1273
1140
990
834
694
616
576
553
517
452
390
312
213
75
-128
-374
-628
-871
-1075
-1183
-1169
-1088
-962
-830
-733
-633
-529
-456
-453
-488
-525
-588
-690
-763
-778
-821
-897
-961
-1032
-1137
-1248
-1310
-1342
-1401
-1424
-1346
-1212
-1008
-707
-385
-80
209
392
468
494
491
434
328
218
126
52
-2
12
56
137
302
476
603
689
748
800
812
790
819
889
935
980
1049
1086
1040
973
917
838
696
529
363
192
60
-59
-155
-222
-296
-372
-444
-532
-634
-691
-731
-805
-877
-893
-838
-768
-690
-595
-551
-576
-650
-739
-834
-936
-994
-1012
-1053
-1076
-979
-765
-514
-245
58
287
373
387
386
380
374
391
412
412
433
495
585
696
793
867
903
916
931
955
981
971
939
883
775
651
547
480
428
367
304
244
199
170
172
231
304
349
391
432
438
405
398
395
313
172
21
-132
-304
-507
-687
-841
-1000
-1117
-1136
-1071
-959
-772
-535
-338
-195
-94
-42
-47
-122
-193
-275
-417
-591
-724
-805
-897
-979
-1004
-999
-987
-926
-806
-660
-516
-345
-151
74
297
454
557
602
578
500
391
302
272
308
409
524
578
542
484
415
279
133
50
20
5
21
107
250
419
614
833
1029
1172
1256
1266
1164
982
783
565
334
123
-75
-281
-459
-591
-701
-795
-886
-964
-990
-964
-914
-826
-669
-482
-324
-208
-145
-176
-266
-368
-496
-629
-737
-800
-793
-705
-564
-400
-223
-58
76
216
355
428
440
460
500
528
558
601
641
665
669
647
644
658
663
683
724
744
703
651
609
525
405
273
107
-104
-301
-442
-516
-510
-429
-296
-152
-39
56
176
284
325
325
292
218
87
-85
-274
-454
-597
-738
-879
-955
-970
-971
-944
-860
-754
-651
-522
-348
-180
-55
53
125
132
114
117
102
61
37
21
-33
-133
-209
-240
-254
-240
-204
-148
-84
-24
74
214
337
424
473
496
504
506
514
515
531
582
652
741
815
831
801
717
553
361
192
67
8
17
76
164
277
415
566
740
915
1006
986
901
750
572
440
330
184
18
-149
-336
-556
-756
-902
-1052
-1215
-1323
-1362
-1331
-1245
-1124
-980
-873
-821
-805
-826
-881
-925
-937
-956
-980
-966
-906
-821
-697
-517
-354
-265
-221
-189
-157
-111
-68
-22
42
124
216
298
366
427
448
440
458
492
525
566
632
696
730
746
745
708
644
580
478
324
183
87
25
28
102
229
350
443
544
625
672
697
691
696
702
653
576
483
377
283
171
62
-21
-126
-240
-332
-405
-464
-467
-397
-291
-174
-85
-35
5
9
-36
-76
-111
-151
-170
-184
-226
-257
-247
-257
-288
-290
-318
-377
-424
-479
-535
-553
-513
-419
-293
-158
-51
5
53
112
174
256
351
418
413
366
291
148
-31
-153
-220
-285
-367
-440
-466
-437
-340
-160
72
326
535
670
767
840
913
960
927
821
663
462
240
-3
-228
-420
-635
-884
-1100
-1202
-1215
-1208
-1184
-1133
-1063
-1011
-955
-843
-719
-620
-535
-485
-441
-320
-124
81
229
338
418
434
389
353
379
434
459
464
474
502
560
650
745
794
794
786
779
763
764
805
841
815
764
726
668
589
508
437
322
130
-67
-195
-221
-170
-110
-73
-63
-81
-92
-41
48
101
111
62
-34
-120
-158
-144
-158
-242
-341
-421
-492
-530
-522
-512
-560
-651
-715
-724
-666
-542
-387
-273
-206
-163
-144
-139
-141
-151
-152
-166
-199
-237
-272
-292
-267
-180
-95
-61
-86
-152
-206
-230
-269
-323
-348
-317
-256
-175
-74
6
68
160
288
468
672
828
877
833
758
675
608
566
488
362
207
32
-84
-111
-62
45
182
309
417
513
580
617
652
687
664
573
454
315
164
39
-87
-233
-375
-537
-717
-859
-954
-1020
-1070
-1107
-1134
-1154
-1137
-1071
-962
-821
-654
-475
-309
-154
8
178
317
396
456
490
482
456
434
380
290
231
192
157
182
244
308
360
406
438
435
407
379
399
432
455
436
406
372
321
285
279
279
257
234
203
169
130
80
46
18
-24
-45
-37
-26
-57
-108
-168
-261
-357
-424
-446
-469
-506
-520
-524
-531
-552
-548
-515
-481
-448
-418
-381
-369
-375
-353
-341
-354
-387
-414
-420
-434
-424
-388
-319
-253
-170
-87
-51
-15
14
51
81
93
71
33
36
43
47
45
33
47
67
119
221
355
499
636
791
919
1018
1102
1148
1141
1088
1041
989
918
848
756
667
603
537
494
465
436
391
403
474
502
537
607
658
687
714
716
672
599
484
325
142
-62
-276
-493
-716
-943
-1120
-1249
-1358
-1397
-1381
-1350
-1274
-1163
-1021
-838
-641
-469
-287
-85
62
176
268
301
281
245
176
56
-58
-167
-258
-301
-352
-374
-386
-429
-435
-417
-400
-384
-369
-349
-345
-327
-299
-273
-205
-137
-108
-77
-47
-45
-45
-55
-116
-176
-262
-397
-494
-579
-642
-686
-727
-734
-736
-706
-647
-590
-511
-425
-346
-248
-169
-112
-43
22
101
144
131
137
148
143
156
190
232
265
301
336
385
434
511
603
690
803
885
933
969
990
992
944
898
878
818
739
674
589
516
463
399
321
245
224
277
365
470
615
774
924
1075
1194
1268
1295
1269
1192
1041
870
698
533
412
287
135
-2
-116
-226
-311
-368
-432
-506
-572
-568
-499
-424
-314
-183
-103
-70
-74
-148
-291
-459
-662
-906
-1182
-1446
-1657
-1833
-1978
-2083
-2139
-2158
-2117
-1991
-1815
-1622
-1406
-1154
-915
-652
-355
-109
102
302
421
455
430
364
266
158
69
10
-50
-111
-150
-152
-127
-108
-77
-42
-26
-19
33
107
184
280
372
448
515
572
649
721
776
800
775
729
685
626
560
465
327
213
139
68
0
-55
-93
-104
-98
-44
37
119
221
334
433
485
480
451
428
365
289
219
144
79
48
51
61
80
110
160
212
264
341
408
455
503
534
531
506
456
381
282
181
63
-80
-204
-298
-383
-460
-489
-500
-494
-456
-375
-254
-141
-3
139
273
411
541
628
666
701
701
641
548
454
350
204
60
-78
-220
-343
-424
-470
-502
-488
-429
-353
-279
-173
-43
57
147
221
285
293
256
215
104
-69
-255
-459
-695
-939
-1135
-1336
-1507
-1607
-1648
-1610
-1505
-1349
-1180
-1004
-804
-560
-325
-117
87
246
370
459
525
551
529
524
493
394
291
173
37
-83
-181
-266
-337
-369
-338
-270
-178
-55
70
180
264
344
458
568
630
672
695
685
642
571
497
452
382
274
158
48
-42
-123
-165
-179
-179
-175
-163
-108
-28
71
170
238
295
338
346
351
363
338
264
162
71
-18
-77
-53
-19
19
91
149
234
362
472
594
722
804
859
870
815
753
685
558
405
235
52
-107
-264
-406
-533
-658
-765
-850
-862
-811
-739
-623
-491
-367
-227
-72
104
271
408
525
617
643
616
591
525
408
273
93
-132
-350
-506
-632
-726
-758
-749
-682
-599
-492
-322
-148
7
133
225
295
354
384
397
371
250
75
-102
-311
-546
-757
-940
-1119
-1243
-1285
-1277
-1198
-1056
-872
-679
-469
-245
-42
147
320
463
544
566
589
579
525
486
427
321
201
104
17
-65
-122
-116
-84
-57
11
86
167
261
346
427
509
571
622
688
729
749
745
685
622
537
432
338
216
77
-62
-170
-254
-326
-362
-347
-311
-288
-257
-204
-163
-99
-9
41
55
46
19
-26
-83
-130
-179
-256
-321
-342
-363
-381
-375
-344
-291
-236
-155
-63
19
110
210
295
339
352
375
375
341
305
242
141
30
-76
-186
-307
-412
-478
-546
-589
-601
-599
-573
-516
-431
-326
-182
-35
121
281
428
570
662
741
816
824
813
773
683
565
451
337
211
95
7
-35
-48
-21
35
80
125
167
209
272
323
357
369
354
314
247
156
21
-121
-271
-426
-587
-749
-871
-957
-996
-996
-958
-886
-796
-679
-545
-408
-299
-203
-102
3
83
148
197
206
206
170
84
-18
-104
-185
-248
-291
-332
-344
-323
-272
-183
-72
50
162
231
277
327
350
366
401
411
409
407
389
373
370
346
272
169
58
-75
-215
-326
-396
-457
-489
-454
-379
-265
-118
38
159
218
234
220
182
121
52
-19
-97
-152
-182
-196
-174
-121
-62
-28
9
60
86
117
169
207
246
300
390
478
548
605
615
586
528
466
390
304
227
153
81
12
-38
-78
-122
-159
-173
-183
-187
-164
-129
-95
-4
131
274
415
546
670
768
845
886
875
803
682
524
338
165
29
-81
-144
-175
-214
-256
-275
-257
-240
-207
-178
-168
-168
-159
-146
-179
-226
-284
-392
-502
-584
-682
-785
-862
-931
-1021
-1063
-1056
-1031
-967
-860
-741
-656
-585
-497
-421
-332
-222
-134
-56
0
38
35
-23
-90
-165
-243
-322
-363
-374
-403
-410
-368
-309
-237
-136
-31
37
112
203
283
393
485
544
542
530
546
541
539
540
517
482
443
390
336
288
251
225
208
205
252
334
425
510
549
555
538
521
526
503
460
406
297
161
15
-144
-279
-338
-332
-290
-221
-140
-76
-31
8
34
57
97
129
159
214
280
336
379
392
355
282
205
109
-12
-140
-265
-366
-453
-530
-580
-582
-549
-505
-464
-433
-385
-322
-243
-130
24
191
327
434
502
540
565
568
570
537
490
459
410
344
284
233
202
200
211
232
286
328
329
336
322
263
182
105
31
-58
-147
-251
-353
-466
-616
-738
-813
-840
-856
-875
-859
-851
-834
-799
-765
-733
-700
-663
-640
-621
-593
-544
-479
-432
-403
-402
-451
-518
-609
-716
-781
-805
-822
-828
-769
-709
-654
-540
-400
-251
-104
51
217
367
504
623
719
767
760
746
697
631
603
586
567
572
581
610
658
701
745
794
837
846
855
879
908
951
989
1020
1029
985
917
853
777
674
567
470
355
241
141
60
14
-13
-27
-32
-57
-71
-63
-64
-55
-12
36
68
119
165
169
150
122
64
-41
-152
-267
-382
-486
-582
-661
-749
-819
-847
-846
-821
-775
-706
-614
-518
-428
-330
-222
-119
-22
64
143
203
254
280
271
258
214
162
117
75
39
3
0
12
23
79
132
178
251
290
307
310
295
248
167
62
-69
-185
-320
-450
-557
-652
-698
-713
-717
-715
-681
-646
-629
-618
-625
-640
-654
-665
-663
-611
-563
-508
-410
-331
-258
-202
-195
-239
-311
-417
-540
-639
-712
-733
-740
-710
-609
-475
-280
-65
149
366
546
686
785
840
859
861
839
797
787
803
820
838
845
852
842
819
815
805
777
756
739
739
747
759
795
853
933
991
1027
1063
1050
990
915
817
699
559
397
233
88
-17
-100
-187
-256
-317
-394
-468
-517
-562
-592
-610
-610
-589
-572
-531
-475
-436
-385
-336
-341
-366
-390
-451
-550
-681
-811
-912
-992
-1013
-991
-960
-893
-824
-744
-612
-499
-366
-223
-113
10
130
238
335
406
429
422
378
320
268
188
116
70
29
-9
-9
43
116
199
296
378
432
517
589
591
555
502
433
359
267
175
86
-10
-98
-205
-318
-407
-470
-500
-519
-545
-567
-584
-574
-554
-534
-477
-410
-376
-331
-291
-272
-220
-176
-169
-175
-209
-282
-349
-381
-406
-424
-444
-447
-414
-375
-298
-190
-74
33
168
309
429
552
644
704
730
739
712
677
676
661
649
656
645
620
619
607
581
583
584
563
556
544
537
555
586
615
622
578
521
462
396
340
291
237
175
127
95
34
-54
-132
-235
-355
-442
-522
-594
-635
-656
-655
-659
-654
-607
-543
-446
-339
-239
-183
-176
-197
-267
-351
-412
-499
-600
-697
-790
-861
-923
-994
-1067
-1102
-1097
-1039
-936
-779
-572
-351
-119
83
238
350
420
466
459
420
376
325
272
226
216
236
298
384
437
462
512
555
594
643
697
753
776
807
801
773
750
693
627
553
485
404
307
203
85
-10
-103
-198
-264
-306
-302
-280
-285
-275
-276
-277
-270
-256
-207
-150
-72
6
40
35
-18
-97
-185
-286
-386
-470
-531
-562
-551
-508
-440
-348
-270
-226
-178
-140
-89
-28
58
159
215
218
175
156
135
128
131
159
178
179
198
228
298
369
427
470
497
523
555
570
568
526
437
343
243
147
83
69
80
120
173
231
278
297
308
288
230
134
4
-132
-256
-360
-465
-551
-597
-629
-653
-642
-570
-463
-378
-300
-241
-242
-271
-338
-410
-467
-514
-553
-605
-634
-659
-676
-668
-645
-633
-628
-609
-583
-520
-417
-283
-132
18
161
290
414
499
558
582
563
528
473
450
452
459
474
458
438
404
371
373
404
473
579
683
775
856
908
921
891
850
792
701
591
475
341
241
144
22
-75
-185
-287
-387
-472
-527
-561
-562
-568
-575
-551
-515
-496
-456
-402
-378
-407
-457
-531
-608
-651
-682
-691
-693
-679
-646
-634
-615
-563
-514
-456
-406
-348
-276
-207
-104
-14
76
137
177
201
214
258
308
353
379
418
450
482
529
590
674
734
781
808
842
878
886
897
874
817
736
629
485
341
225
129
75
42
27
25
38
71
86
84
59
-19
-127
-242
-368
-477
-561
-628
-655
-646
-610
-539
-458
-370
-299
-265
-257
-284
-313
-374
-456
-545
-626
-691
-762
-818
-865
-902
-905
-893
-849
-775
-677
-535
-385
-217
-39
119
256
357
457
545
600
648
662
665
685
703
736
758
755
746
729
706
672
653
640
635
658
692
728
755
764
759
756
751
743
729
682
613
532
437
337
223
82
-73
-242
-398
-517
-618
-682
-730
-779
-806
-818
-816
-805
-801
-789
-780
-761
-744
-722
-685
-639
-588
-561
-571
-575
-569
-551
-515
-489
-475
-468
-427
-367
-286
-170
-76
-9
44
83
115
161
202
242
258
250
247
258
314
370
451
494
489
498
509
519
511
520
532
517
508
496
470
432
368
322
261
197
131
62
25
-25
-66
-77
-64
-51
-67
-124
-204
-272
-311
-320
-301
-275
-249
-182
-120
-61
9
42
34
-1
-55
-116
-207
-318
-397
-431
-420
-408
-410
-405
-398
-389
-402
-420
-398
-389
-370
-332
-294
-220
-97
54
172
241
335
413
440
404
372
416
420
468
479
385
388
440
472
433
415
420
441
483
379
329
337
334
386
365
411
506
483
433
365
435
473
415
382
268
180
46
-72
-151
-224
-294
-404
-515
-673
-814
-889
-880
-812
-765
-724
-730
-740
-685
-643
-584
-525
-473
-423
-416
-378
-307
-297
-308
-271
-246
-229
-246
-298
-289
-226
-181
-130
-54
-22
-53
-59
14
91
115
118
204
333
449
475
529
671
679
730
800
760
720
674
711
755
720
724
655
559
528
508
530
469
403
404
334
191
145
102
86
20
-194
-317
-446
-597
-663
-657
-585
-414
-337
-35
-2
-436
-722
-393
553
599
4
-1
328
141
-551
-901
-402
-11
-315
-1012
-1781
-1952
-1568
-877
-440
-207
-270
-476
-239
-270
-461
-196
552
1642
1694
1058
587
24
47
63
37
260
71
117
243
-178
-328
-142
359
909
869
881
957
860
1001
927
852
989
937
841
601
179
-61
-265
-363
-255
-304
-286
-516
-728
-733
-788
-697
-604
-566
-584
-560
-555
-496
-246
-28
122
242
283
239
68
-19
-22
-149
-124
-120
-193
-217
-295
-169
-124
-239
-466
-583
-393
-271
-84
-61
-250
-422
-450
-255
-162
-172
-165
-67
51
58
58
208
406
488
426
354
284
159
115
75
-6
-64
-150
-275
-312
-253
-142
-29
64
96
104
191
174
201
386
506
586
554
494
379
245
141
-14
-107
-222
-255
-178
-120
-103
-52
-9
-7
-41
-31
22
-15
35
97
66
16
-80
-159
-189
-182
-138
-108
-85
-68
-176
-255
-257
-239
-100
-46
-81
-103
-122
23
123
99
193
224
238
209
75
49
86
95
108
93
63
68
61
147
160
162
257
255
203
220
273
263
201
162
168
198
225
264
264
260
258
248
195
179
193
133
-1
-187
-265
-306
-279
-237
-205
-206
-293
-308
-234
-172
-92
-53
-104
-142
-211
-302
-324
-328
-313
-340
-385
-384
-493
-499
-515
-535
-461
-367
-184
-52
11
51
45
53
130
109
71
137
141
165
172
149
208
253
285
354
353
317
339
282
182
119
106
163
243
319
397
364
324
261
185
206
207
365
429
450
536
354
276
208
115
132
-74
-279
-403
-547
-615
-663
-634
-577
-483
-283
-34
237
400
380
144
-74
-213
-254
-228
-258
-290
-315
-307
-272
-216
-177
-158
-210
-304
-397
-433
-404
-416
-404
-311
-169
-50
63
165
290
407
412
417
385
397
458
481
474
409
250
57
-92
-143
-21
92
101
99
144
241
267
187
141
160
207
262
301
368
413
321
230
152
90
8
-71
-152
-288
-315
-392
-493
-530
-607
-609
-577
-611
-596
-575
-537
-413
-329
-267
-148
-58
-97
-125
-168
-156
-109
-161
-125
-184
-230
-274
-342
-283
-238
-153
-113
-61
25
65
179
264
256
304
343
383
509
632
666
631
666
678
688
749
703
653
608
602
650
680
694
667
534
373
369
295
271
330
315
346
296
298
333
320
344
301
202
85
-71
-172
-273
-373
-427
-486
-451
-341
-220
-89
-39
-150
-364
-557
-678
-679
-714
-807
-786
-770
-691
-622
-579
-510
-460
-412
-422
-442
-460
-512
-539
-558
-571
-544
-491
-327
-174
2
148
185
235
232
196
231
269
291
287
252
312
326
341
421
362
370
423
387
432
458
473
496
469
463
461
492
529
530
528
492
455
387
283
185
53
-68
-188
-298
-376
-375
-261
-229
-215
-223
-317
-373
-488
-601
-668
-749
-734
-643
-541
-429
-352
-283
-287
-337
-361
-439
-552
-606
-613
-622
-557
-453
-350
-226
-131
-30
61
85
108
36
46
124
163
299
403
510
652
653
656
708
621
612
651
630
621
606
605
620
627
633
617
606
499
417
360
298
210
73
-6
-170
-227
-299
-303
-259
-263
-255
-357
-399
-436
-455
-403
-353
-340
-285
-203
-103
-3
-1
65
34
-78
-144
-280
-389
-467
-512
-473
-494
-498
-437
-334
-162
-75
-62
-70
-129
-172
-182
-191
-188
-212
-208
-222
-176
-140
-108
16
156
281
324
330
245
155
88
97
149
247
313
362
404
396
441
464
495
418
393
402
353
373
354
300
279
280
294
314
301
281
198
124
114
13
-111
-180
-210
-196
-234
-251
-292
-377
-389
-417
-407
-391
-347
-287
-212
-146
-103
23
115
200
226
126
-22
-223
-440
-566
-677
-701
-688
-745
-702
-574
-396
-182
10
94
103
48
25
97
138
195
269
289
383
509
559
563
537
446
264
191
213
256
310
397
446
462
582
610
652
655
550
461
312
136
-2
-143
-223
-232
-346
-455
-471
-492
-448
-312
-302
-298
-349
-440
-392
-301
-137
69
166
202
267
232
180
89
-118
-304
-493
-662
-749
-783
-756
-764
-785
-757
-766
-656
-547
-434
-293
-251
-179
-138
-135
-124
-26
77
168
287
356
466
554
565
645
596
473
368
220
148
112
149
215
294
413
549
622
673
668
599
563
467
448
440
399
444
466
491
524
472
395
316
166
30
-66
-139
-189
-255
-283
-246
-197
-146
-94
-109
-162
-195
-210
-191
-242
-311
-381
-466
-461
-390
-317
-238
-219
-230
-256
-418
-496
-565
-647
-602
-556
-480
-410
-293
-181
-76
19
23
25
-65
-111
-61
-82
-27
82
147
278
374
356
344
247
111
51
7
15
89
172
212
310
340
401
489
487
499
416
315
231
197
144
83
5
-83
-57
-37
-33
-34
-74
-159
-162
-168
-185
-40
63
142
221
176
85
60
86
158
215
169
61
-64
-169
-229
-277
-352
-382
-433
-465
-453
-475
-414
-338
-358
-323
-334
-358
-239
-134
-72
-16
15
52
128
229
302
296
232
150
64
28
50
48
60
62
27
12
32
76
145
231
260
322
353
356
389
398
406
417
433
401
347
260
193
116
91
108
50
23
-25
-69
-96
-84
-100
-133
-111
-125
-76
-32
-34
-110
-197
-264
-321
-280
-250
-207
-200
-271
-333
-371
-419
-392
-359
-337
-260
-275
-291
-268
-288
-268
-197
-162
-122
-65
-66
-71
-60
-23
36
70
95
70
65
78
113
168
160
140
134
172
277
356
421
439
386
344
287
260
307
372
406
411
369
257
192
123
4
-49
-128
-183
-195
-174
-57
15
36
55
39
60
142
221
288
294
212
88
-32
-126
-187
-155
-104
-52
-3
-72
-208
-339
-415
-472
-493
-501
-518
-487
-465
-433
-409
-446
-448
-403
-320
-147
-7
45
72
22
12
39
38
85
161
240
261
296
270
241
265
231
205
198
193
187
235
272
295
273
198
129
95
135
176
217
230
233
181
113
95
97
146
181
191
147
53
-12
-52
-39
-1
-8
-72
-103
-96
-86
-69
-108
-98
-55
-68
-84
-116
-146
-188
-269
-362
-403
-407
-358
-268
-252
-199
-131
-100
-38
6
30
19
41
60
84
100
61
61
128
184
178
161
78
13
8
3
19
70
93
38
-11
-44
-7
60
119
173
139
153
158
145
207
217
100
-33
-142
-255
-203
-178
-226
-175
-182
-166
-123
-99
-12
38
93
128
149
221
246
232
202
147
56
-20
-74
-117
-79
-41
-38
-57
-95
-84
-94
-109
-134
-210
-250
-291
-341
-311
-288
-316
-288
-254
-297
-212
-140
-125
-52
-55
14
88
110
152
144
140
160
153
203
284
310
337
315
252
240
241
198
188
154
87
105
118
116
156
157
150
175
173
207
218
200
230
183
134
92
-10
-60
-120
-203
-206
-215
-241
-211
-197
-189
-191
-174
-126
-46
34
41
11
-33
-114
-203
-272
-359
-423
-460
-470
-432
-386
-326
-263
-245
-199
-147
-132
-92
-88
-91
-58
-34
-19
9
24
74
188
230
237
218
128
86
54
47
60
41
54
63
78
126
159
206
241
281
316
289
293
284
239
201
127
91
39
-49
-69
-62
-28
37
104
145
216
284
348
416
402
377
342
272
196
109
17
-75
-146
-150
-166
-172
-168
-190
-194
-182
-165
-197
-239
-245
-222
-197
-204
-191
-184
-194
-180
-144
-78
-19
20
2
-61
-141
-175
-175
-146
-55
-6
-2
7
18
49
134
178
286
319
258
241
163
156
145
124
90
32
-4
-18
17
74
139
105
42
-4
-74
-89
-46
12
65
94
18
-104
-154
-177
-137
-44
-23
5
-37
-105
-75
-64
-16
-22
-46
-33
-66
-87
-120
-163
-217
-295
-373
-390
-399
-409
-351
-269
-190
-153
-134
-107
-46
42
108
152
137
74
36
50
79
157
209
210
175
128
105
70
76
76
69
75
84
142
220
308
367
336
292
221
182
197
160
104
2
-139
-247
-303
-305
-253
-193
-116
-56
15
109
165
255
330
378
416
454
476
467
434
363
240
137
91
31
-82
-190
-244
-314
-321
-314
-376
-408
-390
-368
-280
-148
-79
11
31
-19
17
16
34
155
157
107
48
-62
-117
-116
-104
-89
-103
-131
-96
-84
-115
-112
-156
-161
-99
-70
-18
36
67
77
107
100
43
13
-21
-31
-16
-15
-3
33
34
11
-22
-75
-98
-99
-103
-114
-119
-155
-171
-130
-113
-72
-11
21
49
48
5
-31
24
70
37
-11
-122
-196
-223
-263
-229
-245
-294
-302
-338
-300
-176
-93
-12
45
6
73
178
231
323
322
301
354
407
426
381
312
246
213
170
83
40
35
84
115
58
43
51
94
147
156
202
271
324
362
339
280
222
142
77
8
-42
-40
-32
-19
-50
-117
-76
5
56
124
153
180
285
346
389
444
400
348
268
179
151
143
130
76
-27
-145
-249
-292
-288
-314
-339
-334
-315
-259
-199
-165
-115
-100
-94
-120
-138
-137
-158
-169
-243
-327
-374
-449
-489
-535
-598
-641
-706
-707
-665
-588
-496
-426
-359
-318
-263
-178
-98
-8
29
-7
-78
-153
-166
-140
-117
-132
-174
-253
-325
-364
-389
-392
-371
-337
-297
-230
-192
-110
-12
9
93
150
194
324
422
496
550
499
458
454
408
391
359
273
218
210
216
243
290
293
264
222
153
156
186
259
414
488
526
550
517
521
523
544
600
647
653
601
570
512
467
458
459
477
466
428
395
379
348
291
215
183
167
147
89
19
-19
-57
-66
-88
-167
-265
-322
-349
-368
-373
-418
-409
-381
-379
-361
-391
-362
-287
-196
-112
-90
-126
-205
-236
-231
-217
-194
-206
-234
-263
-310
-334
-341
-309
-283
-292
-296
-342
-359
-348
-329
-315
-326
-345
-369
-394
-366
-299
-253
-177
-153
-169
-180
-236
-286
-292
-260
-226
-179
-140
-129
-136
-143
-116
-61
-21
12
50
67
89
106
125
177
233
284
293
277
247
214
230
236
192
140
66
13
11
9
6
4
6
8
10
41
66
75
127
204
324
441
500
514
470
416
379
388
393
358
263
96
-33
-116
-143
-102
-76
-74
-109
-161
-174
-131
-17
77
98
121
112
99
117
141
208
267
284
222
113
-6
-82
-95
-93
-71
-89
-94
-109
-169
-176
-159
-122
-28
67
117
120
88
80
57
-9
-52
-97
-88
-100
-240
-358
-407
-428
-474
-500
-450
-365
-262
-185
-100
21
167
280
362
441
471
436
358
265
173
119
56
-57
-203
-333
-354
-359
-371
-368
-344
-236
-117
14
157
238
268
311
369
409
437
422
398
275
97
-44
-170
-210
-267
-320
-337
-366
-347
-324
-318
-236
-107
-15
74
119
115
99
78
121
144
143
174
170
163
133
117
115
82
35
-21
-53
-94
-115
-122
-117
-106
-108
-103
-71
-46
-1
98
146
188
234
288
341
336
296
198
67
-48
-114
-137
-147
-143
-157
-155
-125
-126
-113
-93
-88
-88
-108
-107
-52
17
116
239
298
327
331
336
311
290
252
140
19
-91
-157
-180
-126
-87
-115
-166
-213
-233
-225
-225
-204
-150
-115
-76
-53
-45
-45
-83
-117
-157
-201
-261
-375
-416
-448
-486
-490
-500
-458
-401
-346
-294
-250
-204
-134
-47
68
182
239
257
287
317
353
385
342
265
184
121
80
-2
-39
-67
-96
-44
-52
-60
-52
-51
-24
7
39
96
171
209
242
253
238
251
291
278
233
175
132
89
44
81
100
114
129
102
96
83
95
157
196
220
243
282
281
278
322
309
316
326
294
253
194
180
157
110
118
173
196
170
137
116
89
74
93
104
107
125
119
86
85
94
87
52
51
61
-56
-160
-220
-299
-340
-355
-328
-366
-389
-359
-397
-419
-418
-417
-388
-363
-317
-263
-260
-206
-115
-70
-39
-15
-10
-31
-68
-69
-91
-129
-160
-254
-289
-263
-260
-296
-322
-317
-318
-318
-333
-286
-252
-210
-129
-121
-116
-60
-33
-108
-126
-112
-101
-56
-63
-58
-45
-18
39
79
127
195
227
228
242
284
381
469
483
452
424
405
382
343
288
269
215
89
30
-1
-37
-4
11
-5
57
97
85
100
79
83
111
92
32
-1
10
-13
-47
-48
-16
-24
-60
-60
-27
-5
-2
-4
-17
-63
-51
1
-5
23
49
47
44
39
26
3
-27
-81
-135
-168
-175
-149
-85
-79
-89
-69
-48
8
70
86
53
38
13
2
24
44
69
79
111
116
98
96
75
66
66
68
40
-25
-60
-63
-48
-27
-14
-44
-80
-83
-93
-99
-127
-161
-231
-334
-376
-378
-360
-307
-234
-180
-133
-53
10
57
114
127
135
168
194
211
218
217
217
269
318
336
330
248
162
85
-10
-67
-138
-216
-246
-262
-222
-166
-156
-154
-136
-103
-47
-10
-21
-52
-81
-67
-40
-1
49
68
112
158
241
280
250
248
222
206
192
156
132
112
99
80
81
53
7
-28
-95
-113
-124
-145
-126
-92
-79
-67
-25
11
45
48
43
31
32
46
49
45
-10
-24
-48
-91
-78
-130
-203
-215
-207
-166
-135
-125
-116
-116
-94
-41
-6
5
31
78
104
134
155
96
48
-5
-35
-33
-64
-63
-82
-81
-45
-10
7
5
36
64
75
71
83
96
93
101
113
105
71
36
-9
-34
-35
-58
-59
-89
-156
-158
-153
-148
-121
-102
-101
-87
-54
-24
10
33
47
24
-16
-27
-31
-43
-18
8
-13
-2
-5
-7
9
-12
-20
-19
-26
-18
12
26
55
73
70
97
87
80
89
99
40
-37
-60
-78
-81
-121
-134
-112
-100
-50
4
27
71
122
127
161
197
210
240
263
257
274
264
261
256
204
179
162
103
29
17
1
6
16
-6
19
36
31
50
59
56
62
55
63
75
59
36
20
-6
-35
-59
-107
-172
-182
-193
-205
-211
-254
-262
-273
-283
-263
-249
-257
-232
-217
-193
-151
-148
-109
-114
-121
-91
-105
-122
-142
-153
-188
-194
-173
-189
-159
-124
-99
-44
18
79
141
190
216
262
301
321
357
373
411
432
392
374
331
275
234
159
67
29
-20
-81
-71
-80
-62
-28
-17
19
31
31
43
56
81
76
67
53
8
-29
-73
-113
-178
-260
-325
-364
-401
-412
-385
-379
-319
-248
-170
-74
-21
39
83
134
175
209
215
192
191
178
182
148
99
19
-80
-159
-255
-296
-324
-325
-269
-222
-145
-75
-29
50
132
188
260
339
379
402
403
387
361
324
315
301
260
219
164
99
33
-18
-74
-150
-157
-126
-89
-51
-56
-67
-84
-96
-105
-117
-145
-157
-141
-140
-132
-156
-181
-173
-164
-154
-151
-146
-129
-125
-148
-141
-112
-68
7
62
67
61
64
55
45
57
47
12
19
18
0
-1
14
27
29
26
6
12
57
96
94
90
53
-2
6
35
58
90
132
158
164
178
175
148
134
118
111
85
53
42
8
-12
-39
-76
-123
-182
-213
-203
-192
-192
-206
-215
-198
-222
-208
-176
-168
-101
-46
-6
15
8
44
75
87
112
109
93
86
73
87
100
84
92
95
65
68
112
181
236
272
299
296
279
289
324
296
235
176
93
34
-19
-67
-105
-159
-179
-177
-157
-98
-15
47
87
131
193
259
326
400
428
400
369
313
222
171
106
12
-99
-216
-314
-398
-419
-412
-449
-487
-476
-453
-420
-354
-290
-238
-190
-132
-94
-109
-94
-54
-80
-147
-231
-327
-413
-455
-461
-471
-496
-512
-501
-501
-483
-403
-324
-261
-195
-134
-101
-104
-79
-48
-68
-83
-74
-81
-115
-140
-149
-142
-83
-3
47
82
117
185
253
323
439
524
580
623
625
570
481
408
369
356
374
371
294
175
73
3
-34
32
162
215
201
199
197
206
283
387
445
483
507
492
461
456
455
401
336
287
238
210
236
255
200
107
5
-64
-63
-32
13
-14
-104
-135
-141
-107
-41
-42
-79
-108
-127
-103
-40
28
47
-15
-131
-245
-297
-284
-268
-291
-333
-430
-591
-685
-676
-629
-565
-515
-503
-524
-527
-450
-366
-272
-184
-160
-145
-92
14
98
91
45
-5
-58
-58
-28
-10
0
-65
-165
-197
-148
-58
53
153
164
116
70
47
54
85
118
111
90
107
106
76
64
63
49
6
-35
-45
-60
-67
-54
-51
-75
-92
-69
-43
11
85
123
142
154
150
131
117
72
-1
-12
-16
-4
71
147
177
180
179
160
138
146
177
194
219
247
249
238
258
265
266
270
243
199
140
99
79
65
51
5
-82
-179
-211
-175
-110
-44
-28
-68
-123
-143
-156
-126
-60
-22
11
14
25
40
56
71
28
-9
-52
-96
-96
-69
-31
10
44
34
-1
-37
-69
-61
-36
-3
20
-34
-102
-129
-139
-133
-112
-72
-24
0
29
58
59
58
57
39
22
38
38
23
12
14
27
39
27
-5
-8
-23
-2
40
49
41
18
23
36
56
79
33
-12
-24
-36
-24
-19
-14
-32
-99
-142
-205
-254
-212
-101
-14
44
66
11
-22
-3
62
89
95
102
69
60
71
55
11
-44
-75
-79
-79
-97
-138
-141
-95
-55
-38
-22
-15
-6
32
42
19
17
19
12
-6
-28
-42
-39
-19
47
134
144
168
212
202
236
269
256
256
249
297
355
372
364
323
287
256
219
191
163
118
101
69
21
16
9
-30
-40
-77
-116
-123
-152
-150
-147
-164
-207
-254
-282
-273
-258
-268
-298
-348
-355
-323
-300
-266
-230
-244
-249
-238
-248
-264
-278
-299
-305
-292
-287
-287
-288
-292
-299
-312
-349
-349
-311
-263
-217
-209
-236
-266
-263
-272
-243
-169
-129
-51
44
84
87
96
104
115
195
282
326
324
286
236
190
233
327
394
449
468
426
388
344
327
362
371
365
354
349
352
343
329
271
241
269
282
266
236
210
215
226
242
