SAMPLES:	22792
BITSPERSAMPLE:	16
CHANNELS:	1
SAMPLERATE:	16000
NORMALIZED:	FALSE
-1
-1
-1
0
0
2
3
2
1
0
-2
-2
-3
-3
-2
-2
-3
-5
-5
-4
-4
-3
-1
-1
1
1
0
1
0
1
1
2
1
0
0
-1
-4
-3
-4
-5
-7
-10
-12
-11
-9
-9
-6
-5
-4
-1
-1
0
1
1
2
4
3
3
1
-1
0
1
2
1
-1
-2
-4
-4
-5
-5
-4
-3
-3
-2
-2
-1
-1
0
3
6
5
6
4
2
1
-1
-1
0
-1
-1
0
0
0
3
4
5
7
7
6
5
4
4
5
4
3
3
4
4
3
0
0
-1
-1
1
2
1
1
2
2
3
4
3
3
2
0
-1
-3
-4
-3
-2
-1
-1
-1
-1
-1
0
2
3
3
4
4
4
2
3
2
1
1
1
-1
-2
-3
-4
-6
-8
-9
-10
-10
-9
-9
-6
-5
-3
0
2
5
6
5
5
4
3
0
-1
-2
-3
-3
-5
-6
-6
-6
-4
-2
-2
0
0
0
1
2
3
3
4
5
4
3
0
-2
-4
-5
-4
-4
-3
-3
-3
0
1
5
5
7
8
8
7
6
3
2
1
-1
-2
-4
-4
-4
-4
-3
-2
-3
-2
-1
1
3
3
2
2
3
4
4
3
1
1
1
-1
-1
-1
-1
0
0
-1
1
1
2
4
5
4
4
3
3
3
3
3
1
-1
-2
-2
-1
0
0
-2
-3
-3
-4
-5
-3
-2
-4
-3
-5
-3
-2
-2
-2
-3
-2
-2
-3
0
-2
-1
-2
-1
-2
-2
1
2
1
1
1
3
3
4
4
4
4
3
3
2
3
2
1
0
-2
-4
-5
-5
-4
-3
-2
-2
-2
-2
-1
0
0
0
0
1
1
0
0
0
0
0
1
0
1
0
1
1
2
4
4
5
5
7
6
5
4
2
1
-1
-2
-2
-3
-2
-4
-4
-3
-1
0
0
1
1
1
2
3
3
3
3
3
1
1
0
-2
-2
-2
-4
-4
-4
-2
-2
-1
-1
0
-1
-1
-2
-2
-3
-2
-3
-4
-3
-3
-2
-2
-3
-3
-3
-2
-2
-2
-2
-2
-1
-2
-2
-3
-5
-5
-6
-7
-7
-5
-4
-3
-3
-1
1
2
3
4
5
4
5
4
4
3
1
-2
-3
-4
-5
-3
-3
-1
1
4
5
9
10
10
10
11
10
10
8
6
5
3
3
1
1
0
-1
2
3
5
6
7
9
12
12
14
14
13
12
9
6
3
0
-3
-5
-5
-7
-6
-4
-1
3
5
6
7
7
8
8
6
6
4
1
1
-3
-5
-7
-8
-8
-10
-13
-13
-11
-10
-8
-6
-5
-2
-1
0
1
1
-1
-5
-8
-12
-13
-13
-14
-14
-13
-12
-12
-9
-6
-5
-5
-5
-5
-3
-3
-4
-3
-5
-5
-4
-5
-6
-6
-6
-6
-5
-4
-4
-5
-5
-3
-3
-2
-1
0
2
2
3
4
5
4
3
3
4
4
3
5
3
4
5
5
7
6
6
6
7
7
9
9
9
11
12
13
14
16
14
11
10
9
7
6
7
7
7
7
6
8
9
11
11
12
12
11
10
10
7
7
5
4
3
1
0
-1
-3
-4
-5
-5
-4
-4
-3
-5
-5
-4
-5
-5
-6
-6
-7
-7
-7
-9
-10
-10
-12
-12
-12
-12
-12
-12
-11
-10
-9
-9
-8
-8
-9
-8
-10
-10
-8
-10
-9
-8
-10
-10
-10
-10
-8
-9
-8
-8
-7
-5
-5
-4
-4
-3
-2
-1
1
1
1
2
0
1
2
3
3
0
0
-1
-2
-2
0
0
2
1
0
1
2
3
5
8
7
7
7
8
10
10
12
11
11
10
10
10
11
9
8
6
6
5
4
4
3
3
2
3
5
5
6
6
8
7
7
7
8
9
10
9
9
8
6
6
4
3
1
0
-3
-3
-2
-2
-2
-2
-1
-1
-1
1
2
2
3
3
1
1
1
1
2
0
0
-2
-4
-5
-6
-8
-9
-9
-9
-7
-8
-6
-5
-4
-4
-3
-4
-5
-5
-4
-3
-4
-5
-5
-5
-6
-6
-6
-7
-8
-9
-11
-11
-10
-13
-13
-12
-13
-13
-11
-10
-7
-7
-6
-4
-3
-4
-2
-1
1
2
3
4
5
4
3
3
1
1
-1
-1
-2
-1
0
0
0
0
0
0
0
2
0
0
-1
0
1
2
2
4
4
7
8
11
11
12
12
12
12
11
11
11
12
12
14
13
12
11
9
9
7
7
8
7
7
8
9
9
10
10
9
9
7
6
5
4
2
0
-2
-4
-4
-5
-4
-2
-3
-3
-3
-3
-2
-2
-2
-2
-3
-4
-3
-3
-3
-3
-4
-4
-5
-5
-7
-7
-7
-6
-6
-6
-7
-6
-6
-5
-6
-6
-9
-8
-9
-9
-10
-12
-13
-12
-10
-8
-5
-5
-3
-3
-2
-1
-1
0
-1
-3
-3
-6
-6
-6
-5
-4
-4
-5
-5
-5
-6
-6
-5
-4
-4
-1
1
2
3
4
5
5
5
5
4
5
4
4
5
6
4
6
6
6
6
6
6
5
5
6
7
9
9
10
9
9
8
8
7
5
3
3
0
-1
-3
-2
-2
-3
-3
-5
-6
-5
-4
-2
-2
-1
-1
0
0
2
2
4
5
4
5
5
5
6
8
8
8
9
8
9
8
7
3
2
1
1
-1
-2
-3
-5
-5
-7
-8
-9
-11
-12
-13
-12
-12
-13
-13
-14
-13
-13
-11
-7
-6
-5
-3
-2
0
3
4
7
8
9
8
8
7
7
5
4
4
3
1
0
-1
-1
-2
-3
-2
-3
-3
-1
-1
-1
0
-1
-1
-3
-2
0
-2
-1
-1
-2
0
0
2
2
2
2
4
5
6
3
3
4
4
4
4
3
1
1
2
2
2
1
0
1
-1
0
-1
-1
-2
-3
-4
-4
-4
-5
-6
-6
-4
-3
-2
-1
0
2
4
6
6
7
7
8
9
10
10
11
10
9
8
8
7
7
6
4
2
0
-1
-4
-7
-10
-11
-13
-12
-13
-15
-16
-15
-16
-14
-13
-10
-9
-7
-4
-2
0
2
4
3
5
5
7
6
5
5
5
5
5
4
4
3
4
4
4
4
3
2
2
1
0
-1
-2
-3
-2
-2
-2
-4
-6
-7
-8
-7
-7
-8
-9
-8
-5
-4
-2
-1
0
1
2
4
5
5
6
7
7
8
10
10
12
12
11
11
11
10
6
4
2
0
-2
-5
-8
-9
-10
-12
-13
-15
-16
-15
-14
-13
-12
-10
-7
-2
1
4
8
10
13
13
14
16
15
14
11
10
8
8
5
3
1
-1
-2
-3
-3
-6
-7
-6
-7
-6
-7
-6
-5
-4
-3
-3
-3
-2
-1
-1
0
3
4
5
5
5
7
8
7
6
6
4
6
5
2
-1
-1
-1
-1
-3
-3
-4
-4
-3
-3
-4
-4
-3
-4
-4
-4
-4
-5
-5
-5
-4
-3
-3
-3
-4
-5
-3
-4
-4
-3
-3
-1
2
3
4
6
6
8
9
8
8
9
7
5
3
2
0
0
-2
-4
-4
-5
-5
-6
-8
-8
-9
-9
-9
-8
-9
-7
-5
-3
-2
1
1
3
4
5
6
8
8
9
10
11
11
11
12
12
12
11
11
10
7
4
0
-2
-6
-9
-11
-13
-15
-14
-13
-11
-12
-9
-7
-4
-3
-2
-1
-1
3
1
2
2
2
3
1
2
4
5
5
5
6
7
9
11
10
10
9
8
6
6
4
1
0
-2
-5
-6
-8
-9
-9
-8
-7
-6
-5
-5
-6
-6
-5
-5
-6
-7
-6
-7
-6
-5
-4
-2
-1
0
2
4
7
8
10
12
12
13
13
12
11
9
7
5
3
1
-1
-4
-5
-7
-8
-8
-7
-7
-7
-8
-9
-9
-8
-7
-6
-7
-5
-5
-4
-2
-1
1
3
4
5
7
6
7
8
9
8
7
6
4
3
1
-1
-1
-3
-4
-4
-5
-4
-3
0
1
2
2
4
4
4
5
6
6
6
5
3
3
2
1
0
0
1
-1
0
-1
-3
-3
-3
-2
-2
-2
-2
-3
-1
1
2
2
1
1
2
3
4
2
1
-1
-2
-2
-2
-2
-3
-5
-6
-7
-7
-6
-7
-8
-9
-8
-8
-6
-5
-5
-3
-2
1
3
4
7
6
7
9
8
8
8
6
4
5
3
1
0
-3
-4
-6
-7
-8
-9
-9
-9
-11
-10
-10
-9
-6
-4
-3
-1
-1
1
2
2
3
4
6
7
9
10
10
10
9
9
9
9
9
9
8
8
8
7
6
4
2
1
1
0
-2
-4
-5
-7
-9
-10
-11
-12
-12
-12
-11
-11
-9
-9
-10
-8
-9
-7
-5
-2
1
3
6
7
9
11
12
13
15
15
16
16
15
13
11
8
5
3
2
-1
-3
-5
-7
-8
-9
-10
-10
-9
-9
-8
-7
-7
-6
-6
-6
-7
-7
-7
-6
-5
-4
-3
0
1
4
6
9
9
11
13
13
13
13
13
11
9
6
5
4
3
3
2
1
-1
-3
-4
-3
-4
-3
-3
-4
-4
-5
-6
-5
-4
-5
-5
-6
-8
-8
-8
-7
-6
-4
-2
0
0
3
5
6
6
7
7
6
6
6
5
3
1
1
-2
-4
-4
-5
-6
-6
-8
-8
-7
-6
-5
-5
-4
-4
-3
0
1
1
1
0
1
1
2
3
5
6
5
5
5
4
6
5
1
0
-1
-1
-4
-5
-5
-4
-7
-7
-7
-8
-8
-7
-5
-3
-1
0
2
3
5
5
8
9
10
11
11
11
11
9
8
7
5
3
0
-3
-3
-4
-5
-6
-7
-7
-8
-9
-8
-5
-3
-1
-1
1
1
2
3
4
4
3
4
4
2
1
0
-1
-3
-3
-4
-4
-5
-5
-4
-3
-4
-2
-2
0
2
3
5
7
7
8
9
10
10
9
8
5
4
2
0
-1
-1
-3
-4
-5
-7
-8
-8
-9
-10
-10
-9
-8
-7
-5
-2
-1
-1
0
2
4
5
7
8
9
9
9
7
6
4
2
0
-2
-3
-6
-7
-10
-11
-10
-10
-10
-8
-6
-4
-4
-1
1
4
6
6
8
10
12
12
12
12
10
8
6
4
0
-3
-4
-6
-6
-8
-7
-7
-8
-7
-8
-7
-6
-5
-4
-1
1
2
4
5
5
7
7
7
8
6
7
5
3
2
0
-1
-2
-3
-5
-7
-8
-9
-7
-7
-6
-5
-4
-2
0
1
2
3
4
5
7
7
7
7
5
5
5
3
1
0
-4
-6
-9
-10
-11
-11
-10
-9
-8
-8
-7
-3
-1
3
6
9
11
13
15
13
12
12
11
9
8
5
4
3
2
0
-3
-4
-6
-8
-9
-10
-12
-12
-13
-12
-11
-9
-7
-4
-3
-1
2
4
6
8
8
9
9
9
7
6
3
-1
-4
-6
-8
-9
-10
-9
-10
-10
-9
-7
-5
-1
2
6
9
11
12
14
14
13
13
11
10
8
5
2
-1
-3
-6
-8
-8
-7
-6
-5
-4
-4
-4
-5
-4
-3
-3
0
-1
-3
-1
-2
-2
-1
0
2
3
5
6
7
9
10
11
10
6
2
-3
-7
-10
-12
-14
-15
-15
-16
-14
-12
-10
-9
-5
3
8
16
22
24
26
24
22
20
17
10
2
-9
-17
-24
-28
-30
-29
-28
-26
-24
-20
-15
-7
2
9
13
17
17
17
19
19
18
15
13
8
5
0
-5
-7
-5
-4
-2
0
1
0
1
1
2
0
0
-2
-5
-7
-8
-10
-11
-10
-9
-7
-4
1
2
5
9
13
20
25
27
27
26
23
21
15
9
3
-2
-9
-15
-23
-26
-27
-26
-25
-24
-22
-19
-15
-10
-5
1
3
5
8
8
11
12
11
9
6
5
7
10
10
7
6
4
3
4
2
2
-1
-3
-5
-7
-9
-10
-11
-13
-12
-9
-8
-4
-1
3
8
12
17
20
23
22
19
19
17
14
11
5
-1
-5
-10
-12
-16
-17
-16
-14
-12
-11
-9
-8
-5
-3
-1
0
0
-1
-1
-1
-2
-3
-3
-4
-5
-6
-5
-5
-6
-5
-5
-3
-1
-1
-1
-1
0
1
1
0
-3
-6
-8
-6
-3
2
3
2
4
5
9
12
14
14
14
13
11
10
5
3
0
-2
-4
-6
-9
-10
-12
-10
-7
-4
-3
-1
1
3
4
8
10
11
9
8
4
-1
-3
-5
-3
-3
-3
-2
-5
-5
-2
1
5
7
9
9
9
9
8
6
5
2
-2
-5
-7
-7
-7
-7
-8
-8
-6
-4
-1
2
3
4
5
5
5
5
4
2
-2
-5
-7
-9
-8
-9
-7
-6
-6
-4
-1
3
5
7
8
8
6
5
3
4
2
0
-4
-8
-11
-11
-10
-7
-6
-5
-3
0
4
6
9
12
11
12
9
8
6
3
0
-3
-5
-9
-11
-11
-10
-9
-6
-4
-2
-1
1
3
6
9
10
9
8
7
5
4
1
-3
-4
-4
-5
-6
-5
-5
-3
-2
0
2
3
3
1
1
2
1
-1
0
-1
-3
-3
-5
-5
-4
-3
-1
2
3
5
7
9
11
12
13
13
10
7
5
2
-1
-4
-7
-8
-8
-11
-11
-10
-9
-8
-6
-4
-3
-1
-1
1
2
3
4
3
2
1
0
-1
-1
-2
-4
-4
-4
-5
-4
-3
-5
-5
-6
-5
-5
-5
-5
-5
-3
-2
-2
0
2
1
2
3
5
5
7
6
4
4
3
3
2
2
0
0
1
1
0
1
0
0
3
4
4
5
5
3
3
2
1
0
0
-2
-3
-1
-1
-1
-2
-2
-4
-2
-1
-3
-4
-3
-2
0
0
-2
-3
-3
-4
-4
-3
-4
-3
-3
-2
0
3
6
7
7
9
9
11
12
12
11
9
9
8
5
2
-2
-4
-4
-5
-8
-10
-10
-10
-11
-9
-8
-6
-4
-3
-4
-3
-1
0
-1
0
0
0
1
1
4
5
7
10
11
11
11
9
8
7
5
2
0
-3
-6
-9
-14
-16
-17
-19
-18
-16
-12
-10
-6
-3
0
5
9
12
16
18
20
19
18
17
16
11
6
1
-2
-3
-5
-8
-11
-12
-13
-12
-12
-9
-8
-7
-6
-4
-1
1
4
6
8
8
10
11
10
10
8
8
7
6
4
1
-1
-2
-3
-5
-5
-7
-9
-10
-10
-11
-10
-7
-7
-6
-4
0
0
2
4
6
8
8
10
10
9
7
3
3
2
0
-4
-8
-10
-12
-13
-13
-11
-11
-8
-7
-4
-2
2
5
6
9
11
12
13
11
12
11
10
8
6
3
-1
-2
-3
-5
-5
-7
-9
-8
-5
-5
-5
-4
-4
-3
1
3
3
4
4
8
10
10
9
8
6
4
2
1
-2
-4
-6
-9
-10
-11
-12
-11
-10
-9
-7
-3
-2
-1
0
2
4
6
8
7
7
5
3
1
-2
-3
-4
-5
-6
-8
-9
-8
-7
-6
-5
-5
-3
-3
-1
2
2
2
2
2
2
1
0
1
1
4
5
4
3
2
2
3
3
5
6
4
3
1
-3
-3
-1
1
4
4
4
2
2
2
4
8
8
8
9
9
8
9
9
8
6
5
4
2
0
-1
-2
-5
-6
-5
-6
-5
-4
-4
-4
-2
-2
-2
-1
-1
0
0
0
-1
0
2
2
2
0
0
-2
-2
-2
-2
-1
-1
-2
-1
-3
-3
-1
-2
-1
-2
-1
-2
-4
-4
-4
-4
-5
-4
-4
-3
-2
-2
-3
-2
-3
-4
-5
-7
-8
-9
-10
-11
-11
-9
-8
-8
-4
-3
-1
0
1
4
6
8
9
7
7
9
8
8
10
9
7
6
6
4
3
2
3
2
2
2
0
0
0
-1
0
-1
0
1
-1
-1
0
0
1
2
1
1
1
1
1
2
2
5
5
4
4
3
1
2
0
-1
-3
-4
-4
-4
-3
-4
-5
-4
-5
-3
-2
-3
-1
-1
0
1
2
3
3
6
5
4
5
4
4
3
2
1
0
0
-2
-2
-3
-2
-2
-2
0
0
-2
-1
-1
0
0
0
1
2
0
0
-2
-1
-3
-2
-2
-3
-3
-4
-4
-3
-2
-2
-1
-2
-1
-2
0
-1
-2
-1
-2
-3
-3
-2
-1
1
2
2
3
3
3
5
6
4
2
2
2
1
2
2
2
0
1
1
-1
-1
-1
-1
-1
-2
-2
-2
-2
-1
-2
-2
-2
-2
-1
0
1
1
1
-1
-3
-1
-1
0
1
0
0
-1
0
2
4
4
3
2
2
1
1
1
3
2
1
0
-2
-3
-3
-2
-2
-1
-1
0
1
1
2
2
2
2
2
2
2
2
2
0
-1
-2
-1
0
-1
-1
-2
-3
-4
-5
-4
-3
-2
0
0
0
1
2
3
4
4
5
4
2
2
1
-1
-1
-1
-3
-2
-2
-2
-3
-1
-2
-1
0
1
3
5
4
3
1
2
1
0
0
1
-1
-2
-3
-2
-2
-2
-1
-3
-2
-3
-1
-1
-1
1
0
0
0
0
1
1
1
0
0
-1
-2
-1
1
1
2
3
3
2
3
3
3
3
2
0
-1
-2
-2
-3
-3
-4
-5
-5
-4
-3
-3
-2
-1
1
1
1
2
2
3
2
1
3
3
3
4
3
2
1
0
-2
1
2
2
0
-1
1
2
4
4
3
1
3
4
1
-2
-1
0
-2
-4
-4
-5
-7
-7
-4
-3
-4
-2
0
0
1
2
4
3
2
2
2
0
0
0
1
-1
-1
-2
-3
-2
-1
0
1
1
0
1
1
0
0
0
0
-1
-1
-2
-4
-4
-4
-7
-7
-7
-6
-5
-4
-2
-1
1
2
3
3
3
2
2
1
1
1
1
0
-2
-5
-4
-4
-5
-2
-2
0
1
3
6
7
7
8
8
7
8
8
6
1
0
0
-1
-3
-4
-4
-5
-4
-2
3
4
3
1
2
4
3
2
5
5
5
3
-12
-31
-26
8
26
5
-17
-9
6
2
-5
-6
-10
0
28
34
0
-27
-8
14
0
-13
1
10
-4
-7
10
10
-6
-10
0
2
1
9
12
0
-6
2
8
0
-2
1
0
-10
-12
-5
-4
-6
-5
-3
-2
-2
-4
-2
5
6
5
4
0
-3
-6
-6
-4
-4
-5
-10
-6
4
10
16
17
15
15
17
14
6
5
13
20
12
0
-8
-14
-15
-15
-17
-18
-12
-4
3
15
16
4
-3
-1
-1
-7
-15
-17
-24
-30
-28
-31
-39
-40
-22
-4
-5
-10
2
24
29
19
21
33
19
-14
-20
14
33
2
-27
-14
-2
-11
-23
-46
-44
147
420
335
-132
-367
-61
232
109
-62
8
117
139
196
41
-415
-493
104
518
118
-277
-3
219
-87
-253
38
52
-354
-344
78
175
-34
-27
-8
-322
-374
100
308
-68
-271
33
121
-155
-121
191
107
-261
-201
161
203
27
27
52
-94
-75
216
278
1
-89
134
203
8
-4
204
178
-97
-162
96
238
114
-9
-8
9
-7
52
111
49
-26
-31
-7
-30
-8
75
18
-147
-200
-42
77
-13
-123
-90
-31
-72
-83
2
38
-55
-142
-91
-14
-22
-59
-56
-60
-94
-81
-8
13
-46
-69
-38
-28
-41
-6
58
52
-22
-38
33
80
52
25
43
42
14
29
60
42
24
58
95
76
44
84
112
62
34
78
105
65
47
76
59
-2
16
88
84
-9
-53
3
32
12
-9
-28
-48
-59
-41
-23
-45
-95
-116
-96
-85
-106
-114
-83
-72
-95
-98
-60
-17
-32
-45
-10
-20
-73
-85
-37
-10
-29
-27
-8
-21
-40
-8
37
24
-24
-24
30
73
82
78
71
58
79
112
95
31
5
44
82
80
65
65
46
1
-3
31
22
-14
1
58
74
39
13
14
12
17
25
-3
-37
-12
42
53
1
-40
-41
-39
-43
-34
-13
-17
-53
-84
-77
-38
-29
-67
-99
-87
-51
-17
7
-1
-37
-54
-22
5
-10
-27
-14
-7
-18
-3
36
27
-29
-52
-18
8
10
34
58
31
-22
-26
26
56
30
-16
-16
41
78
62
29
17
5
-9
-15
-3
37
72
44
-30
-68
-30
33
42
10
-11
-16
-12
8
31
3
-39
-53
-38
-10
24
56
45
7
-20
-28
-23
-1
25
27
13
-3
-2
31
61
48
-4
-33
0
43
29
-1
8
16
-10
-35
-14
33
47
4
-54
-55
-13
22
2
-45
-59
-47
-39
-35
-35
-43
-68
-89
-75
-35
-6
-11
-29
-38
-29
-18
-30
-32
-14
2
4
10
42
56
38
31
50
77
83
78
76
80
103
137
162
138
106
139
201
226
203
196
207
197
191
204
206
176
152
164
173
145
124
130
111
57
26
33
20
-28
-49
-66
-139
-199
-184
-160
-196
-245
-256
-265
-292
-288
-266
-273
-289
-280
-250
-251
-254
-217
-205
-233
-230
-164
-114
-134
-144
-120
-95
-77
-62
-50
-53
-52
-37
-14
6
20
22
-10
-37
-29
-8
-11
-50
-76
-69
-59
-70
-124
-142
-111
-117
-166
-194
-152
-124
-166
-202
-198
-184
-202
-222
-225
-238
-221
-179
-196
-248
-226
-124
-109
-203
-218
-115
-50
-79
-103
-67
-20
22
44
32
24
100
311
512
548
476
486
668
847
888
872
935
1083
1212
1311
1308
1165
1083
1212
1364
1259
1075
1095
1154
1021
824
782
739
496
246
161
123
3
-143
-299
-502
-626
-606
-620
-800
-977
-998
-981
-1006
-986
-911
-942
-1040
-1003
-872
-833
-861
-814
-703
-631
-570
-471
-421
-452
-444
-318
-215
-245
-257
-153
-41
-78
-167
-149
-78
-100
-206
-230
-162
-166
-291
-387
-350
-303
-337
-377
-368
-352
-352
-332
-326
-354
-328
-254
-231
-270
-237
-128
-125
-217
-186
7
96
11
-27
74
198
247
235
203
190
237
294
292
254
231
212
153
107
139
158
78
-47
-102
-48
43
83
20
-83
-110
-61
-1
27
64
97
102
123
198
276
331
383
471
680
1005
1228
1194
1152
1386
1724
1792
1651
1671
1899
2089
2105
1968
1742
1584
1651
1755
1581
1236
1085
1082
883
541
352
239
-93
-576
-853
-907
-1058
-1375
-1681
-1862
-1964
-2008
-2005
-2058
-2145
-2158
-2055
-1929
-1789
-1556
-1347
-1304
-1318
-1176
-904
-685
-593
-538
-432
-249
-81
-38
-123
-179
-53
145
205
121
65
67
-2
-137
-209
-165
-140
-247
-371
-406
-405
-481
-567
-536
-433
-372
-373
-358
-273
-131
-6
78
130
169
215
247
265
269
284
313
290
259
243
197
122
38
-16
-47
-52
-26
-50
-146
-224
-232
-234
-272
-305
-280
-251
-256
-247
-221
-185
-151
-98
-38
-1
103
230
278
278
357
529
608
599
667
835
939
942
985
1044
1132
1366
1657
1739
1539
1502
1819
2040
1932
1783
1933
2191
2274
2215
1989
1693
1631
1829
1843
1447
1125
1124
1006
540
135
73
-92
-599
-980
-1074
-1242
-1601
-1869
-1990
-2204
-2381
-2349
-2333
-2513
-2651
-2492
-2334
-2365
-2272
-1947
-1753
-1883
-1910
-1558
-1198
-1061
-925
-715
-567
-461
-255
-115
-174
-132
220
516
419
237
332
437
292
179
325
426
220
-23
-75
-78
-152
-196
-204
-280
-367
-338
-306
-392
-458
-404
-354
-379
-352
-232
-197
-287
-295
-164
-60
-39
26
112
97
52
120
245
275
216
219
296
296
212
169
195
195
159
152
167
181
173
156
143
126
139
165
204
230
218
227
259
297
345
361
391
457
572
676
691
711
788
893
946
938
1114
1523
1843
1839
1641
1676
1995
2212
2143
2028
2172
2483
2628
2443
2030
1762
1845
2017
1875
1462
1164
1071
878
475
124
-11
-167
-574
-1068
-1377
-1519
-1720
-2044
-2367
-2519
-2517
-2541
-2710
-2931
-3029
-2956
-2845
-2741
-2564
-2363
-2298
-2363
-2322
-2021
-1645
-1411
-1287
-1149
-942
-697
-478
-369
-384
-300
-9
257
271
138
122
162
123
117
235
307
124
-164
-270
-234
-229
-274
-294
-308
-351
-368
-371
-409
-420
-359
-292
-301
-288
-150
-48
-104
-165
-26
207
277
276
341
399
411
464
628
782
834
843
806
715
657
748
900
912
808
764
783
746
671
630
637
669
698
715
694
653
614
518
404
395
504
578
511
389
343
355
403
477
516
470
380
394
521
590
642
891
1278
1499
1418
1293
1371
1574
1712
1756
1771
1876
2048
2125
1882
1406
1144
1250
1408
1285
963
704
469
149
-146
-265
-324
-562
-983
-1415
-1706
-1833
-1940
-2226
-2599
-2753
-2648
-2624
-2829
-3031
-3037
-2966
-2923
-2738
-2420
-2219
-2232
-2331
-2273
-1972
-1524
-1147
-1021
-1018
-868
-554
-337
-321
-291
-68
196
313
313
324
347
329
278
317
476
582
464
168
-42
18
191
227
122
22
-29
-114
-201
-210
-168
-139
-147
-144
-109
-58
-30
-45
-46
49
196
282
296
313
375
442
520
626
713
742
717
722
804
887
909
901
925
968
967
923
867
839
859
916
933
822
692
648
645
583
464
418
437
433
385
297
253
248
263
258
199
174
190
235
274
326
413
439
417
376
500
894
1307
1456
1230
991
1061
1313
1533
1539
1476
1516
1668
1811
1630
1247
1059
1194
1378
1267
986
736
455
147
-85
-162
-322
-736
-1225
-1623
-1833
-1964
-2159
-2457
-2761
-2859
-2823
-2877
-3045
-3203
-3252
-3246
-3136
-2819
-2517
-2509
-2651
-2629
-2331
-1962
-1648
-1405
-1227
-1050
-837
-602
-482
-389
-115
172
275
244
371
612
637
515
487
622
740
734
689
601
475
429
428
383
302
278
232
44
-95
-33
82
36
-77
-67
-27
-93
-169
-62
95
105
68
99
174
248
338
418
447
481
605
745
796
842
961
1066
1057
1026
1111
1209
1180
1103
1106
1179
1273
1302
1196
996
841
833
922
1001
929
732
579
509
466
389
327
330
335
363
341
276
245
254
330
316
215
215
352
421
296
363
841
1284
1280
902
740
1056
1490
1610
1262
976
1355
2126
2349
1581
731
793
1427
1678
1123
341
-15
96
302
88
-580
-1267
-1610
-1687
-1884
-2176
-2413
-2790
-3310
-3642
-3519
-3279
-3439
-3834
-4092
-4019
-3739
-3427
-3167
-3150
-3263
-3225
-2916
-2398
-1952
-1722
-1639
-1514
-1063
-448
-35
-59
-261
-98
459
1013
1207
1119
1100
1209
1297
1287
1297
1389
1356
1191
1052
1038
1095
981
699
427
309
360
367
233
62
-31
-91
-183
-188
-63
11
-82
-213
-123
165
400
512
552
603
691
841
1048
1190
1249
1314
1437
1561
1602
1610
1596
1534
1488
1498
1520
1449
1333
1278
1202
1014
804
687
711
708
585
364
94
-26
68
188
77
-200
-329
-219
-50
-51
-144
-196
-169
-30
121
241
241
175
215
340
523
624
624
694
930
1283
1406
1152
862
894
1231
1467
1424
1303
1247
1365
1458
1239
783
481
587
703
438
-74
-477
-654
-892
-1186
-1373
-1582
-1971
-2511
-2878
-2997
-3057
-3195
-3503
-3830
-3951
-3881
-3822
-3928
-4018
-3908
-3664
-3474
-3322
-3108
-2895
-2761
-2606
-2257
-1769
-1313
-972
-766
-607
-373
-16
328
508
658
921
1167
1269
1317
1463
1621
1587
1534
1626
1733
1677
1457
1292
1241
1241
1270
1198
1021
830
732
701
650
689
788
769
583
432
506
681
784
813
844
941
1063
1178
1248
1251
1267
1358
1470
1497
1464
1458
1426
1343
1262
1264
1291
1221
1051
853
679
572
541
516
396
175
9
-35
-51
-114
-221
-275
-219
-136
-138
-240
-268
-112
58
99
72
118
238
334
384
373
365
444
574
621
533
493
579
676
713
755
906
1101
1183
1151
995
845
840
928
1029
1010
957
927
805
575
182
-223
-416
-364
-275
-593
-1281
-1885
-2086
-1998
-2048
-2393
-2862
-3262
-3531
-3737
-3937
-4109
-4245
-4313
-4314
-4221
-4081
-3992
-3991
-3998
-3781
-3305
-2775
-2430
-2300
-2139
-1834
-1387
-851
-312
100
315
441
628
950
1282
1477
1514
1506
1607
1775
1839
1730
1554
1461
1454
1486
1575
1678
1613
1362
1128
1153
1349
1485
1474
1347
1275
1357
1513
1581
1543
1537
1642
1779
1892
2028
2155
2178
2117
2105
2145
2121
2040
1919
1768
1615
1537
1492
1315
1041
802
680
582
413
155
-149
-391
-533
-605
-697
-830
-945
-977
-975
-981
-964
-888
-755
-622
-496
-381
-279
-213
-157
-29
137
299
457
566
549
433
430
552
601
634
765
913
823
483
262
289
479
524
331
227
367
656
518
-113
-558
-406
76
149
-168
-399
-408
-290
-431
-880
-1308
-1325
-947
-954
-1572
-2175
-2303
-2147
-2232
-2434
-2470
-2593
-2991
-3438
-3573
-3428
-3303
-3287
-3363
-3411
-3268
-3043
-2934
-2986
-2927
-2558
-2101
-1760
-1587
-1425
-1224
-1042
-733
-304
162
501
637
683
719
888
1180
1469
1678
1779
1838
1853
1827
1888
2082
2255
2246
2165
2283
2527
2568
2379
2260
2379
2561
2638
2651
2638
2570
2485
2490
2619
2696
2613
2426
2247
2168
2160
2190
2101
1860
1651
1509
1330
1058
798
658
519
325
152
10
-187
-507
-801
-939
-951
-942
-1026
-1172
-1347
-1488
-1464
-1305
-1200
-1252
-1321
-1263
-1113
-981
-906
-863
-794
-633
-468
-410
-489
-547
-454
-289
-153
-85
-38
-53
-140
-160
-63
70
103
76
58
13
-25
-58
-59
-105
-73
261
572
518
92
-238
-164
16
133
87
-9
-42
10
95
-190
-817
-1186
-922
-519
-675
-1241
-1658
-1796
-1813
-1753
-1619
-1656
-2033
-2458
-2619
-2560
-2441
-2368
-2394
-2460
-2390
-2095
-1901
-1980
-2078
-1923
-1562
-1195
-857
-660
-663
-752
-644
-213
261
592
782
805
719
741
1004
1275
1339
1412
1666
1957
2021
1946
1986
2076
2134
2264
2520
2741
2705
2537
2466
2467
2551
2707
2775
2646
2402
2275
2265
2220
2159
2127
2046
1836
1565
1420
1349
1194
999
843
743
613
395
107
-202
-383
-395
-379
-441
-544
-661
-844
-1061
-1187
-1147
-1073
-1126
-1266
-1408
-1524
-1577
-1545
-1453
-1427
-1497
-1498
-1427
-1299
-1191
-1175
-1158
-1098
-930
-731
-645
-677
-694
-528
-304
-173
-58
24
13
-88
-123
66
305
432
389
276
224
246
303
312
337
486
647
572
212
-113
-109
63
136
18
-125
-115
-22
-14
-326
-874
-1100
-751
-284
-328
-859
-1279
-1342
-1206
-1028
-902
-941
-1233
-1544
-1633
-1552
-1471
-1478
-1535
-1555
-1464
-1255
-1103
-1158
-1310
-1337
-1157
-859
-556
-365
-407
-570
-506
-86
413
674
694
621
615
753
1004
1250
1324
1352
1520
1729
1830
1824
1851
1893
1900
2005
2272
2566
2615
2351
2074
2029
2247
2462
2372
2030
1700
1603
1634
1601
1476
1296
1100
900
788
801
797
619
353
220
273
330
194
-125
-396
-457
-359
-292
-392
-631
-868
-1031
-1123
-1125
-1121
-1174
-1342
-1620
-1832
-1856
-1710
-1603
-1691
-1873
-1954
-1828
-1619
-1515
-1546
-1581
-1450
-1185
-963
-878
-876
-851
-730
-469
-175
-35
-36
-84
-17
221
453
593
578
504
502
531
563
467
412
632
931
1038
716
201
-29
36
300
421
301
211
258
464
424
-14
-417
-343
203
510
226
-236
-493
-427
-244
-108
-77
-271
-539
-741
-836
-835
-855
-924
-1071
-1189
-1133
-1043
-1110
-1393
-1615
-1467
-1130
-779
-573
-663
-851
-850
-507
-44
262
466
617
718
767
861
1058
1151
1190
1317
1515
1642
1581
1511
1497
1435
1315
1258
1344
1399
1276
1068
899
857
905
928
823
601
455
473
557
593
587
610
650
664
659
620
580
631
702
733
709
692
741
682
483
311
298
347
247
72
-102
-280
-485
-742
-976
-1159
-1274
-1365
-1613
-1954
-2126
-2066
-1930
-1929
-2019
-2078
-2029
-1846
-1642
-1500
-1437
-1308
-1026
-805
-664
-504
-325
-158
-103
35
319
529
611
579
601
716
869
992
897
748
669
627
669
801
1064
1161
823
374
212
387
542
463
384
473
700
808
586
211
40
305
688
709
443
227
197
190
86
39
0
-157
-391
-620
-739
-859
-1038
-1224
-1362
-1345
-1238
-1206
-1385
-1695
-1788
-1580
-1240
-999
-981
-1061
-1109
-995
-738
-487
-271
-114
65
222
296
367
393
457
593
738
901
998
1000
902
742
687
755
862
942
922
855
761
676
686
758
842
902
862
751
673
729
832
821
764
825
979
997
873
840
958
1055
1040
1025
1090
1119
1043
823
582
494
555
631
449
88
-168
-313
-468
-720
-928
-984
-1065
-1259
-1504
-1707
-1778
-1767
-1745
-1786
-1855
-1833
-1717
-1569
-1480
-1452
-1353
-1144
-893
-698
-590
-474
-340
-150
56
188
253
311
432
492
451
476
575
649
552
369
401
667
950
912
571
322
387
628
707
552
443
531
885
1155
908
390
169
586
1087
1005
550
246
270
351
343
305
91
-278
-569
-696
-719
-779
-903
-1190
-1580
-1717
-1553
-1394
-1604
-1970
-2020
-1811
-1557
-1335
-1215
-1221
-1319
-1197
-783
-406
-221
-161
-50
95
324
730
981
841
589
654
1035
1278
1309
1275
1115
865
746
955
1179
1044
751
582
579
635
708
728
543
340
324
415
470
481
528
480
332
399
705
883
785
647
688
836
1011
1179
1233
1130
1014
1031
1090
1046
907
769
671
567
419
220
-4
-218
-457
-726
-959
-1087
-1184
-1375
-1642
-1825
-1848
-1799
-1772
-1784
-1822
-1882
-1849
-1696
-1509
-1323
-1186
-1043
-836
-637
-473
-406
-362
-239
-56
150
284
354
375
324
303
342
354
386
559
902
1121
888
449
308
594
885
836
604
559
835
1139
1105
725
419
550
910
1016
792
539
395
243
130
178
248
34
-426
-768
-890
-920
-986
-1154
-1397
-1582
-1564
-1441
-1502
-1781
-1951
-1843
-1616
-1408
-1198
-1102
-1214
-1358
-1226
-757
-306
-70
26
112
332
615
809
760
643
838
1181
1288
1157
1124
1280
1226
954
866
1037
1134
967
793
750
737
734
735
682
583
533
526
396
264
329
468
440
261
252
408
488
509
590
729
804
859
1008
1087
1039
1005
1013
1021
963
924
945
860
699
545
394
180
-121
-346
-515
-718
-930
-1108
-1207
-1375
-1640
-1792
-1825
-1804
-1820
-1872
-1882
-1861
-1764
-1671
-1631
-1536
-1320
-1007
-820
-817
-806
-688
-535
-452
-347
-143
41
141
165
184
193
199
358
720
1081
1156
903
600
594
856
1118
1136
1032
1077
1304
1447
1186
714
554
897
1298
1221
775
424
301
273
218
148
50
-224
-602
-922
-1098
-1164
-1273
-1543
-1880
-1972
-1770
-1669
-1908
-2256
-2296
-2012
-1725
-1516
-1388
-1366
-1368
-1231
-816
-321
3
194
369
592
827
1079
1297
1375
1403
1517
1746
1900
1868
1811
1747
1620
1487
1492
1606
1554
1297
1020
859
795
777
770
675
443
197
74
76
80
43
-13
-122
-194
-187
-112
-1
67
154
262
387
546
646
643
582
603
732
807
756
634
548
497
401
289
192
57
-142
-392
-644
-848
-1002
-1099
-1186
-1315
-1468
-1612
-1676
-1670
-1652
-1630
-1610
-1578
-1568
-1548
-1448
-1273
-1064
-894
-754
-645
-623
-646
-633
-539
-404
-268
-91
20
-5
-85
-55
62
148
377
805
1214
1240
880
695
889
1238
1440
1383
1319
1482
1805
1878
1421
864
854
1378
1690
1345
757
411
306
242
138
46
-165
-623
-1134
-1477
-1594
-1618
-1798
-2159
-2405
-2293
-2021
-2002
-2281
-2486
-2358
-2031
-1670
-1321
-1072
-998
-987
-770
-282
236
613
852
1013
1180
1421
1681
1792
1729
1706
1848
2005
1975
1838
1719
1545
1325
1199
1231
1276
1100
765
525
482
505
441
306
181
110
52
8
27
87
84
-12
-75
38
230
286
227
224
376
570
632
571
481
428
436
468
490
483
396
232
63
-7
35
26
-174
-499
-745
-840
-893
-967
-1083
-1196
-1301
-1422
-1490
-1502
-1476
-1448
-1441
-1421
-1361
-1238
-1155
-1217
-1305
-1239
-1005
-756
-646
-650
-700
-735
-681
-543
-375
-215
-66
-26
-101
-88
181
504
567
605
972
1499
1703
1400
1085
1148
1477
1797
1836
1674
1573
1700
1881
1621
1013
699
925
1240
1045
451
-50
-281
-290
-274
-384
-674
-1061
-1368
-1620
-1857
-1991
-2005
-2050
-2174
-2169
-1966
-1829
-1929
-2090
-1999
-1634
-1195
-810
-598
-563
-552
-322
150
591
888
1080
1197
1262
1295
1365
1426
1419
1454
1546
1566
1451
1305
1245
1138
964
912
999
1060
961
773
597
493
517
622
681
604
457
390
419
461
427
321
229
243
376
432
304
168
193
349
478
482
412
279
113
52
146
310
377
271
93
-70
-146
-144
-191
-355
-576
-705
-748
-865
-1073
-1253
-1333
-1400
-1523
-1618
-1623
-1595
-1652
-1761
-1769
-1627
-1483
-1477
-1577
-1603
-1439
-1149
-859
-684
-596
-510
-414
-327
-173
127
462
649
660
645
789
1035
1180
1161
1109
1249
1568
1824
1731
1289
974
1062
1333
1425
1227
1050
1026
1031
865
480
166
148
312
301
-20
-356
-433
-389
-478
-628
-640
-659
-905
-1284
-1487
-1418
-1315
-1312
-1343
-1331
-1244
-1173
-1218
-1328
-1309
-1009
-658
-517
-487
-407
-282
-200
-82
194
472
597
582
548
562
576
610
657
722
825
930
951
848
752
786
870
922
969
1071
1162
1126
1051
1048
1084
1072
1047
1094
1171
1155
1062
933
872
900
919
884
782
682
621
579
536
505
525
522
381
196
90
39
-34
-128
-162
-211
-367
-578
-774
-918
-1041
-1150
-1270
-1463
-1645
-1749
-1794
-1862
-1992
-2108
-2181
-2171
-2091
-1987
-1874
-1796
-1757
-1689
-1527
-1271
-1059
-969
-872
-634
-286
4
132
176
236
359
561
780
914
944
929
912
924
983
1041
1003
976
1114
1280
1198
846
577
605
762
879
847
700
588
668
884
773
308
89
381
757
709
403
231
183
194
246
342
305
16
-321
-539
-611
-590
-610
-770
-1014
-1091
-955
-959
-1211
-1450
-1447
-1280
-1146
-958
-757
-762
-921
-920
-581
-196
46
185
183
78
93
370
625
576
479
648
921
965
819
765
804
744
741
929
1138
1195
1086
941
867
948
1152
1254
1158
1025
1027
1096
1072
1064
1143
1168
1061
987
1069
1074
873
674
614
663
683
619
460
147
-171
-312
-293
-318
-488
-734
-1021
-1286
-1489
-1604
-1686
-1864
-2086
-2215
-2277
-2329
-2418
-2517
-2484
-2347
-2177
-2046
-1941
-1809
-1690
-1597
-1446
-1113
-688
-468
-449
-390
-156
143
330
472
626
737
756
739
823
962
1011
961
870
791
758
706
616
699
914
981
748
384
269
413
560
554
450
465
723
1094
1130
659
229
390
1025
1448
1295
966
813
809
874
963
996
808
464
155
-33
-118
-208
-462
-830
-1083
-1040
-919
-1062
-1411
-1694
-1725
-1559
-1289
-1033
-1015
-1204
-1323
-1173
-832
-492
-186
-34
-98
-165
-5
255
323
282
426
725
907
863
793
801
787
759
867
1143
1421
1489
1332
1149
1164
1353
1497
1496
1411
1333
1269
1207
1217
1283
1285
1184
1028
920
857
770
623
462
389
380
308
94
-233
-529
-717
-811
-885
-994
-1162
-1390
-1682
-2006
-2277
-2408
-2376
-2330
-2446
-2679
-2847
-2838
-2711
-2597
-2508
-2423
-2291
-2067
-1806
-1632
-1575
-1434
-1056
-618
-350
-257
-176
-5
203
419
647
845
965
964
917
924
1005
1155
1192
1074
960
913
884
757
729
970
1200
1158
857
679
771
892
978
1038
1159
1416
1717
1845
1565
1135
1110
1560
1994
1947
1645
1454
1337
1248
1205
1155
947
587
303
108
-144
-459
-741
-982
-1193
-1234
-1162
-1276
-1665
-2021
-2020
-1784
-1515
-1248
-1116
-1174
-1276
-1151
-796
-511
-319
-164
-52
52
152
256
238
100
127
380
622
634
453
283
179
167
326
517
622
598
470
373
405
584
745
755
681
645
681
735
777
785
772
792
867
910
819
651
488
359
354
475
560
401
-6
-383
-607
-694
-698
-713
-845
-1163
-1537
-1810
-1972
-2080
-2116
-2111
-2150
-2282
-2423
-2469
-2423
-2285
-2055
-1813
-1630
-1469
-1246
-1048
-919
-730
-389
52
370
465
414
401
528
753
994
1069
1034
1007
946
870
781
832
934
899
747
534
384
315
399
686
964
968
684
482
591
829
1007
1063
1196
1545
1955
2055
1699
1312
1375
1845
2205
2124
1813
1567
1411
1279
1175
1072
860
496
135
-134
-399
-707
-1061
-1367
-1499
-1438
-1382
-1561
-1928
-2154
-2083
-1833
-1545
-1315
-1210
-1236
-1247
-1071
-753
-427
-213
-118
-39
68
208
255
124
-22
52
331
511
413
186
9
-111
-163
-103
81
246
229
112
10
18
129
246
329
319
313
329
318
350
404
507
583
596
614
612
637
640
626
594
524
531
523
419
217
-41
-215
-329
-361
-371
-527
-811
-1171
-1452
-1586
-1601
-1563
-1630
-1803
-1966
-2059
-2044
-1926
-1701
-1489
-1449
-1460
-1325
-1045
-769
-602
-458
-276
-25
215
376
460
464
518
661
845
979
976
871
739
710
807
888
855
679
469
337
399
658
897
980
858
721
760
871
1007
1063
1119
1391
1811
2064
1885
1544
1464
1699
2012
2089
1903
1682
1485
1398
1366
1244
1021
655
287
31
-162
-311
-648
-1129
-1457
-1460
-1299
-1381
-1648
-1885
-1941
-1850
-1706
-1459
-1322
-1378
-1428
-1316
-1008
-760
-652
-569
-487
-326
-111
13
-114
-347
-327
-112
25
21
-2
-3
-184
-426
-381
-170
-86
-162
-225
-209
-239
-248
-168
-80
-44
-6
53
-3
-18
164
295
195
57
196
469
536
485
537
636
603
561
671
728
612
435
340
303
267
284
282
99
-190
-408
-545
-663
-780
-853
-958
-1168
-1332
-1380
-1356
-1348
-1349
-1293
-1248
-1203
-1092
-922
-767
-643
-491
-301
-98
94
274
389
410
449
537
647
733
771
777
727
645
636
750
830
728
490
342
531
922
1133
1011
719
609
784
1056
1189
1099
1049
1264
1665
1909
1693
1285
1188
1532
1919
1890
1548
1227
1061
1038
1035
931
647
270
-68
-346
-555
-743
-988
-1315
-1592
-1624
-1519
-1551
-1777
-2013
-2080
-1991
-1833
-1619
-1453
-1417
-1452
-1402
-1162
-853
-617
-521
-515
-474
-312
-87
-33
-206
-332
-224
-8
73
-3
-102
-169
-250
-293
-168
41
78
-101
-245
-185
5
117
82
64
125
204
221
199
263
371
379
276
290
523
735
719
608
628
767
848
805
752
695
628
561
487
440
409
372
290
113
-95
-264
-390
-502
-642
-761
-853
-970
-1088
-1172
-1163
-1091
-1057
-1076
-1074
-968
-844
-778
-666
-489
-336
-248
-176
4
226
315
258
227
337
448
418
347
379
517
610
566
488
395
323
299
371
639
926
1001
778
503
563
864
1139
1158
1038
1173
1551
1864
1773
1385
1183
1381
1775
1885
1633
1307
1051
939
917
908
796
427
-47
-399
-554
-644
-885
-1247
-1546
-1636
-1587
-1642
-1804
-1995
-2100
-2080
-2013
-1817
-1549
-1379
-1369
-1406
-1262
-923
-572
-389
-363
-320
-132
75
83
-75
-176
-54
155
231
142
-11
-115
-208
-275
-201
-23
77
-122
-436
-492
-273
-29
4
-98
-143
-50
95
151
153
159
166
173
185
301
495
607
586
539
610
757
780
657
560
588
643
629
583
548
497
417
287
146
56
5
-66
-247
-461
-591
-619
-657
-780
-846
-789
-755
-820
-879
-799
-654
-597
-611
-574
-452
-324
-212
-79
74
188
195
143
114
159
256
301
280
276
407
568
535
343
186
209
438
816
1126
1112
771
506
674
1041
1261
1264
1209
1262
1448
1709
1744
1420
1105
1198
1573
1710
1466
1111
801
577
550
696
696
321
-225
-589
-769
-915
-1068
-1255
-1510
-1755
-1788
-1702
-1760
-1975
-2146
-2134
-2036
-1875
-1639
-1475
-1417
-1402
-1284
-1027
-747
-496
-385
-421
-419
-269
-76
-46
-159
-225
-135
67
172
73
-116
-219
-150
-44
39
175
232
100
-63
-83
71
220
241
189
157
228
331
342
234
165
251
317
298
320
454
611
601
528
578
686
721
664
623
648
668
668
634
593
526
433
367
263
138
51
-55
-201
-416
-544
-483
-483
-620
-774
-860
-850
-810
-728
-621
-568
-537
-486
-408
-343
-284
-165
-21
113
215
253
249
241
275
335
380
466
532
545
534
482
404
292
342
645
965
1039
757
443
432
685
995
1097
1039
1078
1291
1527
1473
1160
973
1135
1467
1527
1255
936
685
532
432
393
365
117
-299
-717
-1020
-1187
-1409
-1667
-1878
-1951
-1877
-1926
-2146
-2394
-2459
-2268
-2049
-1861
-1719
-1613
-1509
-1447
-1272
-990
-671
-363
-196
-122
-72
21
149
186
173
160
199
313
378
331
159
-27
-59
65
253
328
205
37
-65
-34
113
233
274
192
133
261
435
502
402
312
380
535
664
676
638
624
668
741
802
865
873
791
651
559
622
727
673
448
214
156
250
252
61
-230
-406
-429
-479
-564
-625
-633
-664
-776
-825
-741
-571
-453
-425
-384
-271
-113
-37
-66
-53
93
296
445
484
466
414
351
355
394
474
562
575
542
445
385
353
280
237
257
487
725
762
591
315
308
498
711
842
819
866
992
1154
1126
832
660
781
1065
1115
821
550
377
266
203
140
44
-220
-625
-966
-1219
-1411
-1575
-1771
-1984
-2108
-2048
-1992
-2112
-2325
-2386
-2211
-1956
-1743
-1574
-1459
-1373
-1280
-1128
-873
-594
-345
-180
-138
-119
-61
7
42
37
72
135
223
294
274
209
82
-26
30
241
497
563
430
313
311
446
591
707
781
763
752
761
787
803
800
847
871
881
902
932
956
911
885
914
923
914
834
726
627
500
439
377
294
219
120
24
-138
-319
-432
-472
-499
-599
-685
-687
-666
-680
-739
-740
-640
-479
-317
-217
-187
-184
-111
24
178
311
383
464
549
591
582
521
483
500
540
581
597
564
437
276
186
160
141
39
-33
102
294
298
22
-249
-213
12
207
247
252
383
584
715
577
324
289
538
809
720
422
275
237
169
63
9
-84
-381
-792
-1115
-1304
-1426
-1546
-1706
-1856
-1895
-1829
-1823
-1949
-2081
-2034
-1841
-1657
-1474
-1265
-1088
-1037
-1021
-864
-583
-290
-80
31
28
-10
48
175
250
234
260
372
453
423
333
274
208
180
354
640
754
618
493
538
646
727
807
884
924
976
1046
1047
969
949
1025
1092
1103
1134
1161
1071
918
900
1048
1135
1062
940
800
634
469
372
324
234
121
36
-47
-208
-449
-676
-786
-794
-771
-754
-769
-857
-951
-982
-937
-824
-664
-482
-364
-330
-285
-198
-107
-6
137
302
392
414
419
429
414
365
376
412
377
331
297
223
68
-126
-266
-323
-240
-8
173
96
-225
-485
-448
-202
22
84
90
207
481
716
649
394
321
576
907
966
764
556
390
284
263
271
207
-61
-457
-804
-1008
-1102
-1212
-1439
-1725
-1848
-1764
-1671
-1720
-1857
-1910
-1834
-1666
-1391
-1127
-1005
-957
-896
-736
-500
-237
54
230
243
208
243
329
347
299
244
292
453
595
567
336
129
87
150
309
500
605
531
361
344
494
640
729
771
788
830
965
1112
1118
1067
1116
1268
1362
1381
1396
1316
1147
1069
1182
1332
1298
1117
902
666
464
372
328
205
53
-50
-187
-438
-722
-888
-963
-1020
-1025
-997
-1016
-1120
-1197
-1214
-1201
-1123
-946
-723
-595
-585
-605
-582
-458
-262
-82
17
33
71
140
175
185
209
276
317
331
311
259
229
152
21
-123
-81
198
449
456
172
-133
-204
-92
91
194
227
320
503
660
545
289
244
481
817
886
676
437
279
287
356
353
214
-84
-391
-679
-883
-962
-1080
-1327
-1644
-1797
-1720
-1640
-1704
-1890
-1977
-1844
-1615
-1345
-1136
-1061
-1002
-903
-684
-384
-102
179
335
395
433
496
615
660
654
622
590
660
776
877
774
453
275
344
534
592
447
332
304
368
474
536
548
492
462
495
584
732
823
819
756
777
974
1138
1174
1105
1032
1075
1155
1248
1294
1243
1147
999
884
801
708
616
449
292
194
31
-217
-525
-751
-842
-899
-933
-1023
-1197
-1339
-1421
-1433
-1424
-1390
-1294
-1195
-1105
-1046
-1008
-955
-881
-732
-541
-386
-273
-218
-143
-79
-46
57
160
280
342
340
309
201
124
86
180
407
599
590
293
28
18
145
274
318
391
518
620
632
464
305
395
691
929
850
611
475
437
399
330
273
184
-24
-295
-540
-721
-865
-1054
-1285
-1486
-1555
-1521
-1569
-1702
-1833
-1815
-1618
-1396
-1174
-1005
-896
-797
-685
-476
-213
75
387
559
592
591
659
821
884
822
692
595
619
690
704
516
210
75
172
342
351
177
13
-77
-34
71
186
320
379
375
353
416
545
613
668
751
859
971
1021
1059
1088
1124
1198
1301
1409
1398
1284
1178
1139
1152
1087
917
679
416
280
219
76
-190
-514
-753
-942
-1106
-1242
-1387
-1498
-1592
-1677
-1723
-1724
-1630
-1510
-1447
-1403
-1335
-1152
-933
-795
-714
-628
-408
-141
81
200
174
194
283
361
437
502
588
591
478
365
285
359
515
619
597
413
258
201
190
236
306
437
612
756
756
498
249
314
679
992
906
625
424
368
407
357
231
52
-144
-264
-407
-576
-799
-1076
-1308
-1490
-1493
-1401
-1451
-1626
-1825
-1843
-1636
-1377
-1177
-1120
-1093
-988
-810
-537
-283
-60
185
367
492
569
637
725
771
799
792
812
838
785
702
551
375
274
275
358
358
208
33
-57
-41
5
102
251
311
283
258
318
470
591
659
710
793
909
955
929
913
1038
1226
1306
1317
1271
1198
1112
1021
1011
1032
968
780
507
280
116
-1
-85
-220
-432
-703
-965
-1132
-1234
-1280
-1313
-1395
-1510
-1603
-1592
-1520
-1455
-1403
-1363
-1268
-1117
-976
-872
-790
-658
-485
-298
-93
70
143
132
124
197
343
531
648
595
463
398
495
654
756
787
705
586
526
499
467
407
426
575
735
777
627
382
247
350
555
594
430
268
229
226
117
-67
-238
-352
-424
-509
-615
-750
-975
-1231
-1414
-1463
-1433
-1470
-1569
-1628
-1562
-1424
-1329
-1261
-1170
-1045
-891
-744
-569
-346
-104
108
268
419
575
723
802
791
780
823
888
915
864
812
768
660
514
422
447
511
475
346
200
116
133
205
285
312
320
366
419
499
588
638
635
624
689
810
872
846
819
863
941
1041
1125
1109
987
840
762
734
703
643
520
354
154
-29
-162
-245
-329
-517
-817
-1108
-1239
-1238
-1252
-1340
-1454
-1525
-1514
-1458
-1389
-1337
-1279
-1185
-1071
-963
-839
-662
-481
-379
-316
-176
60
264
314
270
263
369
531
609
618
600
559
509
483
623
839
908
720
443
367
424
443
356
262
317
463
574
468
173
-8
80
286
324
191
94
33
-39
-138
-222
-251
-343
-479
-581
-664
-743
-913
-1146
-1306
-1340
-1259
-1257
-1382
-1468
-1431
-1274
-1197
-1190
-1083
-900
-682
-572
-503
-337
-106
176
368
472
589
701
812
835
793
810
891
980
947
822
724
630
506
404
462
642
666
470
245
214
355
446
449
420
431
505
591
642
637
632
670
700
722
795
895
883
743
679
790
955
983
890
782
685
592
515
459
410
324
157
-79
-289
-348
-313
-383
-650
-942
-1034
-1009
-1012
-1088
-1192
-1272
-1318
-1290
-1178
-1051
-997
-1003
-974
-860
-705
-588
-516
-435
-348
-247
-118
36
142
149
100
129
236
320
343
304
230
105
12
96
342
548
527
314
113
103
220
278
160
3
57
300
518
451
195
23
57
247
365
338
205
20
-88
-98
-32
45
15
-148
-381
-548
-597
-660
-833
-1039
-1139
-1131
-1134
-1167
-1179
-1199
-1270
-1295
-1147
-897
-727
-651
-600
-532
-411
-160
168
393
491
572
670
740
742
757
801
838
911
940
868
713
588
572
575
624
781
884
764
497
395
514
648
694
684
684
705
788
891
873
769
747
834
888
896
943
937
807
644
645
811
895
828
648
421
278
255
275
229
59
-162
-363
-498
-559
-609
-749
-977
-1176
-1223
-1163
-1176
-1312
-1458
-1502
-1465
-1415
-1334
-1215
-1100
-1060
-1056
-951
-742
-565
-506
-478
-415
-277
-57
122
180
132
126
228
298
333
353
330
231
88
73
211
402
504
425
239
75
82
168
140
-11
-147
-66
176
412
460
250
18
14
269
519
533
417
289
221
234
288
373
320
113
-63
-152
-176
-255
-463
-700
-846
-862
-835
-883
-981
-1092
-1201
-1262
-1193
-960
-743
-687
-768
-784
-616
-344
-43
160
271
342
414
518
563
575
618
685
763
763
716
697
653
597
604
720
863
893
810
705
641
640
733
865
915
824
702
720
812
837
807
803
830
861
912
937
865
767
733
725
677
655
697
632
400
170
117
121
14
-139
-278
-408
-574
-702
-774
-911
-1073
-1187
-1235
-1300
-1423
-1466
-1490
-1561
-1581
-1513
-1359
-1262
-1181
-1074
-1000
-907
-781
-630
-535
-513
-409
-248
-126
-44
11
76
110
146
253
343
341
248
174
169
190
252
359
451
432
314
221
221
229
189
138
104
176
347
508
526
401
329
423
600
655
590
531
484
449
457
491
489
391
258
161
82
-10
-146
-321
-525
-669
-699
-751
-886
-1030
-1140
-1188
-1212
-1142
-993
-921
-929
-920
-778
-579
-455
-344
-215
-65
106
263
373
369
353
423
513
568
604
639
629
563
524
589
691
745
732
672
629
656
755
824
793
772
803
855
896
910
906
836
766
795
888
939
914
865
834
798
736
677
632
571
479
348
215
96
-26
-166
-341
-491
-563
-653
-797
-940
-1074
-1170
-1256
-1353
-1422
-1472
-1481
-1469
-1481
-1496
-1461
-1307
-1130
-1053
-1006
-905
-733
-579
-519
-476
-421
-314
-152
-28
34
59
83
119
176
289
362
331
273
282
363
445
510
556
537
460
438
485
500
410
288
270
370
490
555
511
411
414
540
657
640
545
501
492
477
468
450
353
195
81
52
24
-85
-286
-518
-692
-751
-728
-788
-962
-1154
-1244
-1219
-1144
-1062
-988
-961
-973
-920
-725
-470
-313
-248
-195
-67
156
378
493
503
475
473
541
625
672
654
576
469
428
498
594
593
482
397
399
440
474
499
517
499
474
521
625
706
715
677
654
700
811
896
901
855
851
892
897
847
785
742
671
573
508
440
329
148
-56
-192
-321
-482
-675
-879
-1051
-1183
-1298
-1440
-1589
-1685
-1726
-1731
-1740
-1747
-1722
-1676
-1588
-1454
-1300
-1161
-1056
-956
-843
-685
-495
-333
-199
-80
60
228
362
448
525
650
800
897
935
956
1031
1108
1096
1017
958
956
932
831
673
553
542
549
486
316
127
123
258
347
262
117
93
155
214
197
125
67
9
-58
-133
-191
-233
-296
-396
-530
-627
-658
-680
-717
-787
-882
-945
-951
-887
-821
-818
-827
-773
-635
-480
-354
-246
-149
-43
76
231
390
488
549
601
660
695
696
684
648
561
467
402
386
402
342
211
105
57
68
65
41
-6
-46
2
111
219
253
249
300
390
497
562
603
680
776
885
939
972
1039
1073
1050
994
977
1017
1003
908
774
613
459
308
133
-73
-323
-580
-817
-992
-1139
-1316
-1508
-1718
-1859
-1917
-1951
-1958
-1983
-1965
-1874
-1778
-1616
-1458
-1307
-1135
-986
-822
-653
-413
-140
50
198
340
535
729
838
952
1042
1172
1356
1465
1512
1415
1284
1235
1200
1190
1106
981
852
733
637
430
158
-16
-47
-26
-122
-291
-373
-403
-431
-473
-502
-484
-540
-632
-689
-684
-616
-608
-659
-743
-758
-654
-611
-689
-787
-765
-630
-558
-540
-510
-463
-414
-371
-273
-130
-16
83
175
292
441
560
638
667
701
789
877
928
900
851
828
768
656
540
463
397
276
146
68
24
-36
-154
-225
-235
-214
-181
-177
-137
-92
-64
-1
89
223
350
441
516
575
652
740
844
973
1076
1105
1066
1041
1068
1081
1063
1009
920
810
630
445
272
73
-152
-391
-591
-765
-953
-1161
-1387
-1586
-1733
-1806
-1831
-1892
-1941
-1917
-1857
-1797
-1757
-1654
-1409
-1162
-991
-884
-783
-585
-340
-94
112
259
420
584
736
850
970
1165
1332
1430
1441
1394
1364
1293
1226
1155
1045
1004
992
916
666
323
126
91
78
-85
-358
-555
-650
-650
-654
-720
-787
-873
-910
-890
-871
-868
-907
-921
-846
-707
-575
-527
-539
-549
-529
-468
-380
-244
-102
-47
-57
-81
-47
77
199
253
265
297
405
519
558
530
503
536
602
684
722
703
649
576
548
541
522
467
347
241
180
137
82
11
-11
-30
-97
-154
-141
-41
43
45
0
-18
90
255
357
380
347
369
478
606
705
720
707
730
788
821
796
758
733
713
655
567
475
351
171
-15
-173
-279
-378
-513
-712
-946
-1129
-1257
-1338
-1419
-1518
-1607
-1654
-1621
-1560
-1522
-1523
-1523
-1407
-1174
-897
-697
-585
-470
-322
-113
103
319
528
678
788
896
1100
1341
1477
1496
1435
1425
1486
1488
1416
1264
1165
1141
1082
961
710
459
273
110
-51
-248
-422
-592
-809
-996
-1126
-1175
-1208
-1271
-1321
-1363
-1351
-1337
-1334
-1289
-1206
-1044
-860
-736
-647
-592
-522
-422
-305
-159
-59
19
111
153
181
191
232
287
307
355
423
489
517
491
503
540
588
643
665
692
692
687
668
630
641
666
677
633
523
403
307
280
281
232
149
69
44
63
66
55
14
-11
12
72
146
190
194
205
242
310
403
483
542
545
526
543
585
624
608
533
467
445
440
379
242
107
-22
-134
-220
-306
-425
-597
-763
-902
-997
-1057
-1118
-1179
-1279
-1374
-1413
-1404
-1347
-1297
-1267
-1221
-1118
-918
-691
-517
-406
-311
-185
-46
135
364
552
635
711
908
1172
1336
1341
1293
1287
1321
1343
1309
1215
1119
1072
1015
856
607
405
283
124
-116
-369
-544
-668
-828
-1015
-1179
-1301
-1386
-1444
-1465
-1486
-1511
-1500
-1450
-1354
-1192
-987
-827
-741
-650
-488
-308
-189
-96
29
158
236
273
327
419
503
513
464
432
487
599
659
596
486
477
573
646
609
537
531
561
562
528
496
504
514
506
470
409
348
290
245
210
185
171
141
104
71
55
65
103
166
222
240
216
198
229
291
358
417
430
418
431
465
491
463
414
395
408
408
331
206
108
54
10
-55
-117
-199
-347
-516
-658
-746
-784
-819
-879
-957
-1036
-1101
-1150
-1158
-1123
-1056
-991
-956
-931
-895
-812
-676
-508
-326
-142
4
102
175
276
419
560
670
782
969
1196
1323
1254
1122
1121
1224
1262
1186
1096
1082
1073
971
754
478
292
237
160
-69
-398
-650
-804
-967
-1133
-1273
-1398
-1537
-1652
-1668
-1643
-1647
-1642
-1580
-1444
-1256
-1050
-883
-785
-704
-555
-341
-151
-12
131
240
272
266
318
435
514
532
501
456
444
455
448
385
333
372
437
421
347
322
360
376
351
369
466
558
571
527
492
501
516
505
519
570
589
533
455
449
482
471
433
448
516
551
517
467
454
493
533
515
457
439
462
430
340
288
305
315
253
178
119
27
-87
-170
-187
-191
-217
-271
-364
-500
-639
-738
-815
-861
-854
-815
-827
-942
-1064
-1105
-1100
-1075
-1018
-933
-874
-852
-847
-847
-759
-533
-286
-149
-100
-5
150
276
379
494
639
815
1016
1204
1283
1225
1133
1137
1237
1327
1348
1306
1197
1056
909
729
517
342
256
143
-118
-463
-733
-917
-1095
-1274
-1423
-1547
-1678
-1797
-1870
-1894
-1878
-1801
-1676
-1542
-1399
-1223
-1037
-892
-747
-539
-295
-77
115
301
425
467
492
555
654
730
765
759
715
654
566
482
421
399
393
362
315
267
230
201
169
166
204
274
348
390
403
403
410
420
446
500
550
563
566
565
570
578
588
614
632
638
651
680
698
693
678
673
671
676
663
628
573
504
471
455
424
365
279
167
35
-50
-86
-149
-252
-365
-474
-584
-697
-801
-916
-1026
-1114
-1157
-1149
-1153
-1197
-1286
-1369
-1358
-1276
-1164
-1070
-1019
-967
-904
-806
-660
-485
-292
-137
-15
138
333
529
651
736
870
1047
1215
1333
1402
1409
1372
1363
1364
1335
1292
1222
1118
969
816
667
448
191
-25
-157
-305
-565
-816
-1004
-1189
-1397
-1578
-1678
-1762
-1840
-1869
-1870
-1870
-1813
-1673
-1536
-1428
-1246
-995
-780
-635
-457
-177
76
232
360
508
637
704
761
831
851
835
812
743
640
567
542
472
322
204
166
150
99
57
49
28
-2
24
113
201
251
307
388
446
506
592
678
720
733
779
823
843
862
877
872
843
824
823
795
757
742
734
703
647
585
517
450
402
363
313
261
202
125
30
-46
-92
-152
-227
-289
-354
-443
-536
-603
-678
-771
-866
-952
-1022
-1070
-1104
-1145
-1197
-1240
-1265
-1256
-1219
-1167
-1100
-1025
-943
-862
-766
-643
-489
-328
-176
-11
166
345
507
651
785
913
1032
1130
1205
1281
1353
1356
1283
1228
1211
1187
1108
968
834
728
613
432
170
-69
-227
-355
-541
-781
-977
-1126
-1296
-1477
-1586
-1612
-1648
-1705
-1724
-1668
-1549
-1438
-1355
-1255
-1075
-822
-590
-411
-246
-41
178
332
434
556
681
743
755
776
819
816
742
634
535
484
447
379
265
131
31
-24
-53
-39
-35
-78
-135
-137
-12
142
241
283
313
396
495
597
698
758
778
772
779
818
853
871
840
795
776
795
829
807
749
716
693
677
635
562
473
366
297
251
192
119
31
-37
-105
-179
-223
-268
-320
-379
-442
-507
-594
-673
-749
-831
-918
-998
-1070
-1140
-1191
-1204
-1190
-1182
-1186
-1161
-1085
-994
-935
-897
-816
-695
-564
-448
-329
-183
-14
166
323
455
600
761
909
1012
1123
1284
1429
1473
1397
1295
1267
1249
1186
1059
909
796
682
527
298
43
-138
-242
-352
-562
-823
-1014
-1154
-1286
-1423
-1543
-1637
-1706
-1714
-1663
-1591
-1520
-1422
-1278
-1111
-927
-709
-457
-249
-111
28
204
370
503
582
598
619
669
728
744
687
599
520
463
422
389
356
283
161
45
2
12
47
75
63
23
13
111
287
433
474
474
509
574
656
731
763
716
630
600
623
643
595
491
410
409
464
504
496
446
404
415
428
433
465
464
394
296
234
234
253
253
211
130
44
-7
-20
-61
-155
-273
-366
-418
-471
-563
-715
-895
-1033
-1090
-1110
-1134
-1172
-1202
-1222
-1226
-1188
-1109
-1003
-909
-826
-734
-642
-550
-440
-303
-142
36
223
379
502
618
749
893
998
1091
1245
1396
1411
1275
1133
1064
1011
936
845
754
635
468
280
79
-108
-209
-231
-324
-547
-756
-860
-958
-1130
-1268
-1288
-1296
-1374
-1404
-1323
-1260
-1249
-1182
-1017
-843
-676
-482
-319
-224
-126
37
196
292
377
468
498
453
460
581
671
615
526
487
462
422
377
341
274
185
111
61
15
-21
-4
-9
-71
-77
34
172
229
264
327
374
391
416
482
538
528
495
470
454
433
399
362
322
340
406
425
396
376
397
410
419
446
475
468
405
347
314
286
265
271
300
283
203
117
49
8
-29
-79
-131
-187
-270
-410
-572
-708
-790
-825
-875
-944
-993
-1018
-1015
-1011
-1009
-976
-890
-786
-718
-664
-590
-469
-340
-242
-136
6
172
327
436
514
609
723
835
953
1080
1135
1089
995
904
809
703
627
585
510
361
158
-54
-228
-316
-313
-333
-470
-660
-785
-837
-880
-923
-971
-1048
-1135
-1153
-1072
-993
-985
-985
-919
-793
-647
-499
-349
-241
-195
-147
-48
76
197
287
306
272
255
306
383
404
377
372
385
379
363
350
337
292
233
218
242
230
185
166
180
196
218
266
324
369
413
464
484
482
503
536
537
505
486
488
448
367
321
339
364
358
334
321
335
345
345
355
390
433
443
415
374
343
312
271
244
236
218
168
91
14
-57
-112
-154
-216
-301
-388
-473
-577
-692
-779
-823
-861
-910
-932
-908
-902
-920
-889
-801
-710
-665
-629
-554
-453
-346
-239
-135
-39
40
126
237
353
453
528
587
642
727
838
912
901
833
775
720
609
483
410
375
304
167
34
-87
-225
-343
-378
-366
-432
-586
-709
-746
-749
-783
-846
-912
-971
-974
-926
-877
-866
-857
-795
-709
-618
-489
-351
-280
-272
-204
-48
84
146
170
189
206
220
264
316
339
330
325
334
331
321
325
299
253
243
265
262
223
211
235
257
261
277
325
371
392
414
442
477
499
504
520
528
519
476
410
377
385
413
414
389
377
357
340
336
358
397
416
412
392
381
395
396
371
329
309
313
307
285
231
159
92
34
-24
-103
-198
-307
-426
-539
-637
-724
-795
-866
-944
-1004
-1018
-1007
-995
-969
-907
-829
-763
-699
-615
-536
-469
-389
-276
-155
-53
40
107
186
286
380
479
555
621
673
711
748
768
755
683
576
489
426
370
299
208
102
-20
-139
-249
-309
-325
-334
-383
-482
-573
-624
-645
-672
-726
-784
-835
-866
-855
-828
-793
-753
-717
-667
-594
-489
-384
-320
-275
-199
-75
67
150
163
158
185
241
297
336
334
320
326
343
377
405
391
351
302
288
301
305
285
259
256
257
254
271
315
366
391
395
424
478
525
542
554
613
660
663
637
592
586
624
665
677
636
603
586
545
500
469
459
427
392
363
327
263
177
107
59
22
-6
-35
-96
-192
-304
-379
-420
-452
-504
-613
-750
-839
-837
-819
-856
-945
-1003
-981
-920
-885
-879
-872
-838
-784
-703
-575
-454
-367
-345
-340
-290
-191
-64
28
100
170
243
336
427
499
536
531
530
562
638
695
649
544
462
441
413
344
265
183
125
72
8
-72
-153
-203
-217
-236
-305
-381
-443
-514
-579
-585
-543
-554
-617
-667
-666
-627
-592
-565
-527
-476
-413
-365
-324
-280
-235
-164
-89
-29
41
90
100
108
142
197
221
237
282
335
358
344
327
324
318
325
352
380
387
372
357
336
309
321
383
434
446
441
437
431
433
480
552
591
570
540
552
578
588
584
591
606
610
593
559
512
466
439
415
389
365
329
249
132
44
2
-40
-96
-155
-216
-295
-404
-491
-534
-574
-626
-689
-752
-815
-875
-895
-897
-909
-907
-886
-863
-852
-827
-781
-746
-724
-685
-584
-449
-350
-310
-298
-275
-233
-148
-52
20
84
157
233
307
379
441
464
439
428
494
597
646
611
552
524
507
489
460
400
341
306
276
225
146
87
54
11
-45
-100
-149
-212
-296
-367
-404
-428
-458
-488
-515
-536
-550
-551
-562
-561
-519
-463
-420
-419
-413
-358
-283
-232
-196
-142
-84
-49
-9
33
71
105
146
206
259
299
310
301
300
321
377
438
453
441
440
427
417
423
453
498
511
500
493
492
492
485
499
535
551
536
496
469
487
511
505
467
459
467
442
398
349
317
292
254
229
211
170
81
-37
-123
-155
-138
-137
-220
-358
-467
-511
-528
-555
-578
-616
-699
-779
-816
-819
-827
-858
-862
-833
-812
-796
-786
-778
-763
-731
-667
-587
-496
-407
-358
-352
-342
-279
-184
-96
-35
4
57
133
231
342
415
426
415
432
502
596
668
668
614
587
607
612
574
531
505
482
461
445
405
326
254
225
209
159
93
37
-36
-142
-238
-297
-348
-404
-448
-490
-564
-646
-665
-645
-643
-655
-640
-602
-569
-541
-511
-469
-417
-344
-257
-188
-127
-60
-1
41
94
180
269
303
310
346
392
413
419
421
425
446
458
442
410
384
386
388
381
385
405
409
374
334
338
379
408
402
390
395
406
414
415
412
410
413
414
395
371
349
302
263
247
227
187
111
23
-35
-60
-81
-119
-186
-259
-322
-371
-408
-439
-470
-505
-544
-581
-608
-619
-636
-655
-658
-646
-641
-637
-621
-606
-601
-584
-556
-523
-470
-429
-416
-409
-387
-337
-277
-218
-173
-143
-104
-45
44
129
191
234
265
314
374
444
505
525
523
517
548
593
598
569
525
512
538
550
504
416
357
333
304
252
180
131
70
-43
-164
-249
-294
-355
-437
-501
-545
-590
-637
-671
-677
-660
-631
-610
-603
-564
-494
-455
-439
-385
-274
-173
-119
-94
-54
21
102
160
214
270
309
332
355
382
387
395
414
431
442
449
438
387
340
332
349
352
351
349
326
278
247
262
302
320
306
298
313
327
325
324
329
347
369
373
359
322
296
283
279
277
253
198
130
82
59
31
-15
-64
-102
-146
-219
-301
-356
-381
-411
-459
-506
-535
-550
-586
-634
-657
-646
-614
-599
-596
-588
-586
-581
-561
-522
-465
-432
-428
-428
-395
-336
-302
-284
-257
-203
-145
-107
-67
-8
77
142
173
205
268
360
433
446
430
435
485
548
562
546
524
507
496
495
495
448
373
323
297
274
222
154
85
-10
-96
-158
-222
-290
-362
-409
-452
-512
-548
-547
-542
-560
-577
-547
-497
-452
-408
-361
-312
-265
-183
-82
-19
11
41
95
144
179
220
242
239
245
269
288
283
283
286
275
267
262
257
257
247
226
201
200
214
213
203
182
166
162
171
192
195
195
224
251
257
258
273
302
326
346
356
357
357
348
350
369
381
360
324
305
289
264
237
201
152
96
39
-37
-135
-214
-274
-334
-402
-475
-529
-576
-624
-659
-679
-690
-711
-737
-731
-705
-685
-687
-701
-680
-635
-585
-538
-509
-482
-441
-381
-314
-247
-188
-126
-46
45
123
187
242
286
337
399
455
465
445
429
434
449
458
444
403
371
366
354
322
295
284
272
237
183
148
137
103
34
-25
-55
-88
-155
-224
-253
-258
-286
-339
-377
-388
-370
-351
-351
-358
-346
-301
-264
-236
-197
-148
-89
-53
-29
18
85
139
137
129
153
192
206
183
174
197
214
204
179
183
214
226
196
171
177
180
162
134
122
127
128
109
91
98
113
117
123
149
187
220
241
253
266
303
343
368
381
381
385
401
421
424
411
407
393
345
294
269
258
210
129
50
-33
-116
-185
-258
-338
-422
-479
-522
-572
-619
-653
-673
-703
-739
-726
-683
-663
-674
-685
-664
-619
-562
-502
-457
-417
-381
-333
-270
-213
-143
-68
-8
49
117
185
215
224
260
317
374
398
393
360
316
308
323
330
311
276
244
209
178
168
166
155
127
97
60
16
-4
-18
-27
-41
-87
-125
-148
-160
-151
-152
-170
-190
-186
-159
-151
-144
-134
-125
-122
-112
-70
-32
-25
-28
-16
19
44
55
84
115
120
109
95
98
112
124
116
112
125
121
108
93
94
128
158
156
128
92
66
63
74
77
65
48
39
51
69
80
94
116
132
162
210
264
293
282
273
294
338
368
376
379
377
370
347
337
341
326
277
218
172
137
99
36
-50
-132
-196
-261
-321
-384
-440
-490
-539
-566
-580
-603
-616
-621
-618
-614
-614
-602
-580
-546
-511
-467
-412
-369
-323
-257
-189
-129
-82
-40
0
47
121
179
197
178
147
157
188
223
247
236
197
151
142
160
174
184
170
144
121
107
107
89
64
40
19
-5
-29
-22
-8
-17
-36
-37
-16
-9
-13
-24
-32
-25
-21
-18
-26
-36
-25
-22
-39
-67
-63
-15
29
36
28
41
65
72
69
87
125
149
136
96
68
67
83
94
91
88
79
71
73
83
103
104
88
72
75
81
65
49
41
40
29
30
68
106
107
91
95
137
194
240
253
251
262
279
285
281
290
307
308
284
254
228
220
223
208
160
100
56
25
-17
-74
-143
-208
-258
-297
-339
-392
-447
-496
-518
-523
-532
-543
-546
-541
-538
-539
-527
-503
-472
-440
-414
-381
-328
-260
-201
-149
-89
-21
40
80
113
157
216
243
237
226
220
217
212
214
204
179
170
160
131
97
85
95
84
54
27
9
-6
-32
-55
-83
-120
-145
-127
-85
-79
-97
-94
-57
-14
14
47
72
63
66
89
105
100
93
111
116
105
105
128
147
147
151
166
168
154
147
147
140
127
122
103
72
49
49
51
36
28
21
8
3
15
32
21
-1
-7
-12
-36
-61
-73
-70
-75
-94
-100
-90
-66
-36
-14
0
20
61
105
138
154
164
182
209
229
246
255
251
253
257
262
252
234
228
216
190
155
111
68
10
-58
-121
-168
-201
-250
-312
-364
-399
-419
-444
-459
-463
-459
-435
-412
-402
-406
-400
-374
-350
-313
-274
-245
-216
-174
-117
-64
-36
-4
32
58
90
128
160
171
174
181
174
148
138
152
157
151
144
163
175
151
130
132
137
119
96
80
57
37
26
-2
-57
-90
-80
-65
-78
-87
-75
-73
-83
-73
-35
-17
-22
-28
-15
-2
3
15
20
24
26
37
61
84
103
118
137
152
152
152
148
132
131
147
139
108
82
75
71
54
35
22
2
-15
-16
-11
-15
-42
-66
-78
-101
-123
-124
-117
-124
-148
-145
-115
-91
-69
-50
-29
-4
25
66
102
118
136
167
198
220
232
236
244
258
279
270
242
240
255
252
213
162
130
105
55
-11
-65
-100
-133
-183
-243
-287
-318
-351
-369
-388
-406
-415
-404
-370
-344
-343
-345
-326
-272
-220
-192
-161
-114
-51
9
45
66
100
152
176
173
194
229
250
244
227
215
189
166
145
113
86
69
62
50
23
-1
-23
-35
-44
-66
-97
-125
-126
-96
-94
-120
-146
-136
-95
-82
-91
-92
-72
-45
-19
5
13
12
29
49
51
36
20
28
34
32
20
17
36
52
50
42
46
66
69
49
32
42
63
67
64
58
53
52
49
62
66
56
44
39
57
63
46
32
16
9
13
-2
-26
-50
-53
-46
-51
-43
-25
-7
10
12
18
30
53
71
82
91
101
129
152
162
161
158
166
171
176
184
185
178
172
158
138
107
60
22
-27
-76
-110
-142
-172
-215
-256
-283
-303
-308
-324
-336
-326
-300
-270
-261
-253
-229
-195
-163
-136
-101
-64
-26
7
32
59
98
133
138
123
137
169
178
164
150
145
128
98
73
57
37
31
18
-4
-19
-24
-33
-64
-95
-99
-89
-96
-133
-154
-135
-126
-150
-167
-142
-117
-115
-113
-96
-64
-40
-30
-14
2
36
71
81
73
70
87
106
89
70
76
78
68
54
47
50
51
38
24
18
17
28
38
43
56
58
61
68
73
88
91
90
93
103
110
99
74
64
71
63
46
34
21
0
-22
-33
-37
-38
-45
-49
-37
-25
-22
-27
-21
1
25
44
58
86
119
140
154
172
197
219
226
223
215
209
198
176
146
100
46
-1
-46
-93
-146
-208
-253
-280
-292
-298
-316
-339
-356
-349
-312
-273
-243
-214
-186
-158
-122
-70
-15
29
67
97
132
172
211
243
253
249
254
256
245
234
211
177
134
80
40
11
-25
-78
-130
-171
-202
-229
-256
-279
-308
-333
-345
-350
-347
-340
-334
-328
-311
-290
-261
-212
-164
-118
-71
-27
18
66
122
177
215
241
263
266
266
270
266
250
220
191
170
149
128
106
81
57
32
22
24
29
24
16
10
-1
-4
10
23
27
38
49
63
74
85
100
105
104
109
115
117
113
101
82
55
26
8
1
-17
-29
-31
-32
-40
-45
-43
-43
-44
-32
-14
-3
13
42
64
75
89
113
137
150
155
162
166
159
147
129
98
55
8
-41
-96
-148
-189
-225
-263
-297
-306
-317
-333
-332
-317
-290
-252
-209
-165
-129
-92
-49
-11
36
89
140
180
207
240
276
309
327
328
324
301
266
231
191
142
84
22
-45
-113
-172
-231
-289
-341
-379
-399
-419
-431
-437
-448
-454
-447
-423
-390
-361
-327
-289
-244
-191
-126
-60
4
64
123
180
228
267
309
344
357
367
372
363
345
309
269
228
192
166
138
104
64
25
-7
-32
-48
-56
-56
-60
-63
-64
-56
-41
-23
-2
22
50
84
119
146
170
183
196
206
210
213
209
196
172
141
113
82
43
7
-21
-46
-66
-73
-73
-75
-80
-80
-76
-74
-66
-52
-33
-12
11
35
51
66
76
83
90
96
98
99
93
76
50
10
-36
-85
-133
-178
-217
-248
-277
-301
-316
-318
-309
-300
-287
-262
-224
-176
-132
-86
-32
18
63
105
154
203
248
284
310
332
354
372
378
366
340
302
251
204
157
100
37
-31
-92
-150
-213
-271
-322
-373
-416
-445
-466
-475
-478
-483
-481
-471
-453
-422
-386
-345
-294
-241
-174
-104
-33
36
97
153
207
259
303
337
362
374
376
369
347
316
274
227
185
139
93
44
0
-36
-74
-107
-130
-138
-138
-131
-121
-108
-87
-64
-34
4
36
74
116
157
199
233
264
295
313
327
340
340
329
307
278
239
204
174
137
95
46
12
-12
-38
-56
-78
-105
-123
-132
-135
-135
-132
-119
-100
-79
-59
-43
-32
-26
-15
-5
7
17
11
-8
-35
-63
-90
-125
-164
-197
-228
-261
-283
-296
-297
-290
-274
-249
-216
-175
-131
-82
-30
29
95
155
205
249
297
341
379
412
439
450
446
440
424
397
357
304
243
172
92
9
-80
-171
-257
-344
-420
-488
-546
-602
-653
-688
-709
-707
-699
-693
-674
-639
-595
-545
-488
-427
-353
-271
-185
-104
-23
59
144
220
288
351
401
446
469
480
484
481
468
434
386
334
287
240
190
140
97
61
28
-9
-39
-53
-61
-54
-41
-27
-10
19
59
97
133
171
218
266
312
351
378
408
424
430
441
441
432
409
372
332
290
245
191
120
53
-6
-57
-106
-158
-204
-243
-271
-299
-316
-327
-328
-319
-306
-281
-255
-225
-194
-174
-154
-131
-101
-78
-72
-74
-73
-75
-84
-106
-132
-153
-163
-167
-179
-194
-202
-199
-193
-183
-166
-140
-106
-68
-28
20
70
118
164
213
256
299
350
389
410
421
424
425
413
378
336
287
227
160
87
11
-80
-172
-266
-349
-426
-500
-558
-607
-646
-681
-699
-702
-695
-673
-642
-606
-551
-485
-412
-340
-271
-191
-104
-22
48
127
207
271
319
355
397
431
451
451
438
424
408
384
339
287
241
186
132
89
48
17
-26
-63
-76
-83
-81
-70
-51
-32
-5
44
97
147
195
243
294
336
381
423
449
458
461
476
485
475
449
419
382
325
270
221
173
115
43
-22
-82
-130
-178
-230
-280
-313
-324
-344
-361
-364
-349
-336
-334
-316
-293
-265
-236
-220
-202
-182
-161
-149
-143
-132
-129
-121
-128
-144
-147
-146
-146
-155
-153
-144
-142
-132
-114
-82
-49
-19
12
49
104
161
193
225
257
295
331
357
378
385
385
370
345
326
307
266
204
136
72
11
-61
-138
-217
-294
-359
-425
-482
-528
-571
-607
-627
-631
-629
-612
-584
-554
-513
-443
-367
-302
-238
-162
-78
4
85
168
247
301
347
394
434
463
475
475
458
431
400
364
312
253
199
146
81
14
-41
-86
-129
-173
-196
-206
-208
-205
-189
-151
-115
-74
-17
44
109
180
253
320
376
428
478
515
544
558
572
576
557
532
500
452
388
320
256
188
115
41
-33
-107
-181
-247
-302
-351
-397
-427
-441
-452
-452
-447
-430
-413
-397
-364
-321
-274
-243
-216
-191
-166
-142
-113
-89
-82
-74
-71
-84
-94
-90
-90
-87
-85
-93
-88
-79
-69
-53
-33
-1
35
69
106
148
186
216
243
271
297
329
344
339
333
314
296
267
237
204
154
93
27
-39
-101
-163
-224
-288
-350
-403
-448
-486
-510
-520
-518
-517
-517
-493
-455
-406
-358
-304
-237
-168
-99
-35
36
120
187
242
290
338
381
408
427
432
432
427
398
359
315
264
207
149
96
47
-7
-68
-139
-198
-229
-252
-266
-263
-253
-242
-234
-204
-159
-99
-29
38
108
178
249
321
379
432
485
533
560
564
575
577
557
522
477
428
361
282
203
118
33
-44
-123
-203
-276
-340
-399
-458
-501
-520
-533
-539
-538
-520
-493
-470
-440
-400
-350
-294
-247
-201
-157
-118
-82
-42
1
35
60
70
72
71
78
82
78
78
86
92
88
78
76
87
102
122
149
182
200
212
228
246
267
292
313
319
315
314
302
275
240
207
174
132
83
27
-29
-91
-152
-206
-250
-299
-349
-402
-444
-464
-474
-471
-462
-452
-434
-405
-368
-318
-262
-195
-131
-66
2
64
125
175
222
270
307
335
348
361
359
341
321
291
252
205
149
94
38
-17
-72
-132
-183
-229
-267
-301
-329
-335
-328
-312
-296
-268
-227
-181
-125
-62
9
86
157
229
294
346
398
444
484
510
524
530
517
497
466
421
368
304
239
163
80
1
-75
-146
-220
-287
-340
-389
-424
-447
-464
-469
-458
-427
-390
-356
-323
-289
-239
-185
-132
-82
-37
2
34
64
88
109
133
151
157
156
149
137
118
102
90
76
61
46
33
20
4
8
27
44
56
71
85
94
109
131
150
163
175
181
178
172
163
149
131
112
94
67
28
-11
-50
-93
-140
-185
-217
-253
-299
-337
-368
-384
-389
-381
-366
-345
-322
-299
-262
-222
-176
-114
-56
-3
43
79
123
156
195
235
257
278
278
264
254
232
215
201
171
129
88
39
-15
-56
-90
-130
-164
-197
-224
-242
-256
-257
-241
-214
-182
-154
-125
-84
-37
21
90
159
220
275
315
353
392
426
450
463
470
462
439
411
379
338
287
225
165
103
41
-28
-96
-154
-210
-246
-273
-309
-334
-351
-359
-354
-336
-310
-279
-244
-210
-173
-130
-95
-47
3
41
81
110
131
146
159
174
184
179
173
161
137
116
96
80
66
50
29
12
1
-5
-13
-18
-18
-11
-6
0
9
12
17
23
29
36
32
25
14
-7
-27
-45
-67
-86
-110
-145
-184
-221
-250
-279
-309
-335
-355
-378
-397
-402
-404
-398
-384
-363
-333
-299
-265
-226
-185
-137
-86
-39
10
53
94
135
174
205
229
251
270
282
284
279
273
264
244
222
200
172
141
111
78
45
17
-8
-33
-51
-68
-73
-72
-72
-58
-35
-9
23
60
103
152
202
247
293
332
364
392
415
429
437
433
419
396
363
323
274
213
148
85
23
-42
-103
-163
-216
-264
-308
-331
-350
-367
-371
-373
-358
-333
-302
-266
-226
-183
-138
-91
-47
-2
42
77
109
139
158
182
196
200
200
194
185
168
144
122
98
72
43
18
-4
-26
-45
-67
-84
-93
-100
-104
-111
-116
-118
-122
-120
-116
-111
-110
-109
-108
-117
-128
-142
-156
-169
-178
-188
-204
-221
-236
-251
-266
-281
-288
-288
-289
-293
-289
-279
-268
-254
-236
-208
-177
-144
-112
-78
-44
-9
26
62
96
127
156
185
205
216
231
245
256
259
259
260
249
239
223
210
195
178
161
138
117
100
80
58
40
38
33
27
29
36
48
62
88
118
145
181
223
258
284
311
342
372
395
408
411
406
393
368
333
294
255
213
157
94
33
-22
-76
-135
-191
-243
-278
-299
-324
-346
-360
-356
-344
-327
-300
-273
-237
-196
-159
-124
-86
-42
4
37
60
80
97
108
110
111
107
95
82
63
42
15
-10
-29
-57
-87
-113
-135
-155
-172
-182
-197
-214
-222
-218
-210
-208
-206
-193
-185
-183
-182
-174
-163
-163
-164
-176
-192
-201
-201
-205
-222
-240
-253
-265
-271
-273
-271
-259
-255
-247
-226
-194
-162
-128
-87
-51
-16
30
79
126
170
204
227
260
296
324
340
351
355
355
358
357
349
341
330
313
288
271
255
236
212
191
168
145
130
115
98
81
71
72
72
67
69
76
85
92
104
126
147
166
185
202
217
232
245
259
270
270
262
255
239
218
193
160
124
84
47
6
-38
-82
-118
-159
-201
-235
-264
-295
-320
-337
-351
-359
-357
-350
-342
-332
-316
-297
-277
-258
-235
-206
-173
-144
-120
-96
-72
-51
-34
-15
1
14
24
25
23
17
11
5
-5
-18
-33
-46
-63
-79
-90
-100
-107
-115
-124
-129
-133
-134
-127
-114
-104
-93
-78
-65
-60
-53
-46
-48
-52
-51
-43
-42
-45
-47
-53
-63
-66
-65
-70
-72
-68
-60
-54
-48
-33
-13
3
24
45
66
92
110
128
151
171
191
210
230
245
254
258
260
262
259
252
246
229
210
194
173
154
142
126
105
82
61
41
24
9
-1
-4
-6
-4
-2
3
8
22
35
55
80
100
122
139
157
172
187
200
205
209
209
208
197
170
143
114
77
47
11
-26
-60
-99
-137
-172
-202
-230
-257
-275
-290
-297
-302
-304
-292
-278
-263
-244
-225
-205
-185
-162
-140
-119
-95
-73
-56
-42
-23
-3
8
19
30
36
39
43
42
38
31
28
20
11
-2
-21
-35
-52
-70
-82
-98
-112
-124
-136
-146
-154
-157
-160
-156
-156
-158
-154
-153
-146
-145
-142
-135
-126
-112
-104
-95
-81
-73
-64
-55
-45
-31
-17
-5
3
9
24
39
51
64
74
82
93
108
124
134
147
160
176
190
202
216
228
239
244
250
262
268
271
273
271
268
265
265
265
256
247
229
211
193
168
140
113
90
71
49
25
4
-17
-32
-41
-41
-38
-34
-27
-20
-16
-11
-6
4
18
28
37
41
45
52
48
39
27
16
3
-14
-31
-46
-63
-84
-105
-124
-147
-164
-183
-199
-210
-214
-215
-212
-210
-206
-204
-203
-194
-180
-166
-157
-149
-132
-117
-107
-99
-82
-61
-46
-37
-29
-25
-14
-4
-3
-5
-1
2
-8
-22
-28
-35
-44
-51
-55
-59
-70
-84
-100
-106
-105
-108
-108
-102
-87
-75
-73
-66
-56
-47
-45
-46
-36
-19
-8
-4
-2
5
10
14
18
21
26
30
31
33
42
52
58
64
67
80
93
105
115
123
139
148
151
156
167
180
186
189
197
200
200
200
198
197
197
195
181
168
166
164
154
132
119
110
88
62
42
31
20
1
-18
-33
-44
-54
-65
-76
-81
-76
-65
-56
-45
-32
-16
-6
4
27
46
55
61
75
89
93
92
88
80
65
48
27
6
-12
-30
-56
-82
-107
-132
-154
-177
-194
-204
-209
-210
-211
-211
-201
-191
-185
-173
-154
-136
-112
-89
-68
-45
-24
-1
19
34
48
57
62
67
69
64
61
52
38
25
4
-23
-47
-69
-89
-111
-136
-159
-175
-194
-211
-224
-239
-244
-244
-244
-236
-226
-215
-202
-189
-174
-155
-137
-117
-100
-82
-63
-46
-26
-9
3
17
31
41
53
66
79
93
107
115
128
140
157
177
192
210
232
251
269
290
309
323
339
353
361
372
377
376
374
367
357
344
323
303
275
246
216
185
154
118
80
41
2
-30
-64
-94
-117
-136
-152
-163
-175
-184
-182
-172
-157
-140
-123
-104
-81
-57
-36
-15
4
25
46
62
67
74
74
66
57
39
21
8
-12
-37
-65
-95
-120
-144
-172
-195
-216
-232
-242
-249
-253
-251
-247
-240
-229
-215
-199
-176
-147
-119
-97
-78
-57
-34
-8
11
25
32
41
51
54
49
41
30
15
0
-19
-45
-72
-94
-116
-143
-163
-181
-194
-202
-212
-225
-228
-226
-222
-208
-190
-169
-144
-119
-96
-71
-46
-21
10
39
61
79
98
120
140
150
154
163
169
175
181
187
192
195
194
190
194
199
200
205
212
222
228
233
241
248
253
253
252
252
256
263
260
253
244
232
219
203
187
169
151
128
103
78
54
26
-5
-36
-63
-83
-102
-115
-131
-146
-156
-164
-168
-170
-162
-147
-132
-112
-90
-70
-51
-35
-19
-1
17
34
47
55
54
48
41
29
8
-11
-35
-62
-82
-106
-136
-172
-200
-220
-237
-248
-268
-284
-289
-285
-273
-260
-244
-231
-215
-192
-162
-129
-96
-69
-42
-14
12
42
63
78
91
97
106
111
111
101
87
69
52
41
21
-11
-41
-67
-89
-109
-129
-150
-161
-168
-180
-189
-194
-188
-175
-157
-138
-115
-91
-67
-44
-19
11
39
61
79
101
128
144
151
155
156
162
165
161
155
152
154
151
144
136
133
134
132
135
140
146
156
166
181
198
210
217
221
237
255
265
270
269
266
261
253
240
229
217
203
184
162
133
99
69
38
11
-13
-37
-58
-80
-101
-125
-143
-156
-161
-160
-162
-156
-138
-123
-111
-106
-99
-83
-70
-63
-66
-60
-41
-23
-20
-31
-44
-48
-54
-71
-93
-117
-133
-150
-177
-205
-224
-237
-252
-266
-280
-288
-293
-300
-303
-293
-278
-257
-235
-206
-178
-153
-128
-106
-77
-50
-26
-1
29
57
75
84
92
107
119
121
117
109
100
85
63
43
23
6
-13
-32
-45
-58
-69
-85
-94
-99
-100
-95
-81
-68
-48
-27
-7
20
47
68
87
108
127
145
160
166
174
187
189
192
194
191
188
173
161
148
135
125
115
112
108
110
111
112
122
126
128
139
150
159
170
173
185
198
203
208
213
211
201
191
175
157
140
118
98
78
52
26
0
-25
-48
-70
-93
-113
-131
-147
-161
-167
-170
-173
-166
-157
-148
-137
-126
-112
-101
-92
-80
-66
-53
-43
-39
-38
-35
-32
-39
-50
-60
-77
-100
-124
-144
-162
-179
-200
-221
-240
-255
-266
-278
-285
-285
-282
-284
-276
-258
-238
-218
-198
-173
-147
-122
-92
-64
-36
-10
15
39
64
92
112
124
133
141
149
156
166
166
157
144
127
110
97
89
73
49
34
18
4
-8
-19
-24
-36
-40
-47
-48
-35
-22
-8
-6
4
23
38
55
63
74
87
94
108
116
126
133
130
124
120
124
125
124
126
125
124
118
117
125
133
143
145
146
154
163
170
175
183
188
186
185
183
187
189
179
163
147
139
125
106
87
68
51
29
3
-21
-38
-58
-80
-103
-124
-135
-150
-163
-175
-182
-182
-185
-185
-180
-172
-163
-161
-152
-140
-126
-112
-102
-93
-88
-80
-71
-67
-67
-74
-78
-82
-91
-105
-122
-136
-154
-170
-185
-200
-211
-217
-224
-229
-235
-233
-227
-220
-207
-195
-179
-163
-144
-121
-98
-78
-58
-38
-17
5
28
52
71
90
105
116
129
136
145
154
161
167
166
162
153
147
142
134
127
117
105
99
96
94
90
82
75
72
74
78
83
84
84
88
92
99
101
103
101
95
94
94
92
90
83
75
71
65
61
54
45
41
36
33
33
37
35
37
43
51
58
62
67
76
89
101
107
110
109
107
106
99
90
83
73
67
56
42
25
6
-10
-24
-42
-61
-80
-95
-106
-114
-121
-137
-149
-151
-151
-153
-159
-156
-148
-140
-132
-127
-121
-111
-104
-100
-95
-87
-80
-72
-67
-69
-68
-69
-71
-76
-87
-100
-111
-120
-131
-146
-163
-177
-187
-194
-200
-208
-219
-222
-220
-215
-207
-201
-193
-180
-161
-138
-115
-92
-68
-46
-20
5
30
60
83
109
133
155
174
186
195
203
214
227
235
234
229
226
224
218
209
200
186
175
164
154
144
137
128
114
105
95
94
93
88
83
73
71
71
74
73
67
65
64
66
63
59
57
60
60
57
56
50
50
48
47
49
49
52
56
61
63
68
71
71
69
66
65
66
63
62
53
47
43
38
30
14
2
-10
-24
-41
-60
-75
-91
-105
-118
-130
-140
-148
-153
-161
-171
-177
-178
-175
-177
-181
-182
-176
-166
-159
-150
-139
-129
-119
-111
-109
-104
-98
-91
-83
-87
-87
-85
-82
-80
-84
-92
-95
-98
-101
-109
-119
-128
-133
-134
-137
-142
-140
-136
-129
-125
-126
-115
-108
-93
-82
-72
-56
-39
-20
-1
17
36
58
81
100
120
139
159
176
190
199
208
216
227
238
243
244
242
242
238
232
220
207
197
186
172
155
141
127
114
99
86
76
66
61
56
46
39
33
33
32
26
23
23
21
18
12
9
13
14
14
12
15
18
18
18
19
20
21
20
19
24
24
25
26
29
30
29
24
21
18
14
7
-3
-10
-19
-30
-40
-51
-58
-66
-77
-88
-101
-110
-122
-135
-141
-150
-155
-159
-163
-158
-153
-145
-139
-136
-132
-127
-122
-115
-109
-100
-92
-88
-83
-75
-66
-58
-53
-48
-43
-39
-38
-40
-40
-40
-46
-53
-61
-67
-72
-81
-89
-94
-97
-98
-106
-110
-109
-109
-112
-114
-109
-102
-90
-84
-75
-59
-43
-27
-9
13
38
61
83
105
127
147
167
189
209
230
244
255
263
268
278
286
284
279
280
277
262
246
233
219
202
183
159
135
116
93
67
49
29
11
-6
-20
-32
-45
-51
-55
-55
-54
-55
-51
-51
-50
-49
-48
-48
-48
-44
-42
-36
-34
-36
-31
-27
-24
-23
-19
-13
-9
-9
-6
-2
0
2
4
5
1
-8
-12
-16
-25
-34
-46
-58
-70
-83
-93
-104
-117
-121
-129
-140
-145
-148
-152
-154
-154
-153
-148
-145
-137
-128
-122
-113
-105
-95
-86
-74
-61
-53
-40
-23
-14
-6
2
10
17
24
28
36
43
44
46
43
39
37
29
18
12
2
-9
-20
-32
-42
-49
-55
-68
-72
-77
-85
-84
-81
-76
-65
-50
-42
-26
-9
4
23
43
64
84
109
125
146
171
189
207
221
231
240
249
252
249
253
251
243
232
217
204
193
174
151
123
104
82
57
34
5
-20
-37
-58
-76
-87
-99
-106
-113
-120
-124
-123
-117
-108
-99
-93
-84
-72
-55
-41
-28
-20
-12
-1
8
18
25
30
38
40
38
35
33
34
30
23
12
2
-4
-10
-22
-35
-51
-64
-76
-89
-101
-112
-121
-127
-136
-143
-148
-151
-150
-148
-149
-148
-139
-133
-123
-109
-103
-91
-77
-66
-49
-38
-27
-11
0
9
20
31
38
47
54
51
53
55
55
57
54
49
48
44
38
34
22
12
8
-3
-17
-25
-36
-44
-50
-57
-63
-66
-68
-67
-67
-71
-68
-60
-50
-33
-23
-12
1
18
35
54
71
87
108
126
144
161
172
184
201
213
218
222
226
227
229
224
211
198
187
174
153
124
103
84
62
41
13
-9
-29
-51
-71
-92
-108
-118
-126
-136
-144
-143
-142
-137
-128
-125
-113
-99
-86
-71
-58
-40
-23
-8
6
18
32
42
53
59
60
65
64
58
54
43
35
29
12
0
-11
-26
-40
-56
-75
-85
-94
-107
-114
-125
-130
-133
-138
-139
-141
-141
-136
-126
-117
-111
-100
-91
-77
-62
-49
-28
-14
0
17
28
43
55
64
74
80
87
91
96
95
94
94
89
85
77
67
61
51
41
28
17
4
-7
-20
-32
-44
-58
-66
-76
-84
-95
-101
-105
-106
-102
-100
-94
-93
-90
-81
-72
-58
-48
-38
-25
-11
6
24
41
60
76
95
114
131
148
159
170
181
193
202
205
209
207
205
202
191
179
161
142
124
102
83
61
37
13
-14
-34
-59
-82
-107
-132
-152
-166
-177
-185
-194
-192
-186
-178
-168
-156
-142
-123
-102
-81
-57
-32
-12
11
33
53
73
85
97
107
112
114
112
105
100
90
79
66
52
36
19
4
-14
-31
-47
-66
-79
-91
-100
-107
-112
-114
-116
-115
-114
-110
-106
-100
-93
-80
-67
-54
-42
-26
-9
7
20
32
43
57
67
77
85
90
94
95
95
95
90
83
77
72
65
57
48
34
21
12
0
-11
-24
-34
-45
-54
-63
-73
-78
-83
-87
-90
-93
-90
-84
-80
-77
-68
-62
-55
-45
-37
-25
-14
-3
8
20
33
44
54
63
73
80
87
93
100
105
110
110
110
109
108
108
101
97
93
86
81
73
60
47
34
19
4
-9
-24
-36
-45
-56
-68
-79
-89
-98
-103
-110
-109
-107
-102
-96
-89
-79
-65
-53
-41
-26
-10
2
13
26
39
49
59
66
73
76
81
78
72
70
67
64
54
47
39
29
21
8
-2
-10
-22
-31
-42
-55
-62
-69
-78
-82
-87
-88
-89
-90
-89
-86
-84
-82
-73
-62
-52
-41
-29
-18
-5
6
18
24
33
41
47
52
56
58
57
58
51
47
43
35
28
23
15
6
-2
-12
-21
-28
-34
-40
-41
-45
-45
-46
-47
-47
-48
-48
-46
-42
-37
-31
-22
-16
-13
-8
-5
2
9
18
26
31
38
44
53
61
62
64
64
70
76
80
83
81
83
81
82
80
79
74
69
66
62
55
50
40
29
20
8
0
-6
-16
-25
-35
-44
-51
-57
-62
-67
-72
-73
-72
-69
-64
-60
-56
-51
-41
-28
-16
-4
7
16
25
35
41
46
52
55
57
61
58
57
55
46
37
28
17
7
-4
-18
-30
-39
-47
-57
-64
-73
-82
-86
-91
-97
-96
-97
-96
-91
-87
-78
-70
-63
-53
-45
-36
-24
-15
-6
7
15
23
33
39
47
54
56
57
56
57
55
51
45
37
28
20
11
2
-5
-14
-22
-29
-35
-42
-51
-57
-62
-65
-67
-68
-68
-64
-58
-52
-47
-39
-31
-20
-10
-3
9
21
29
38
46
52
60
68
73
76
80
81
84
84
83
81
81
81
79
75
70
65
62
59
53
51
47
40
37
33
32
30
24
20
14
10
5
3
0
-8
-12
-15
-20
-21
-17
-17
-14
-13
-12
-7
-4
-2
5
7
10
14
18
22
24
29
34
38
42
42
41
41
39
36
31
26
19
6
-2
-12
-23
-33
-42
-54
-65
-79
-89
-95
-101
-106
-110
-113
-117
-120
-117
-117
-115
-109
-104
-98
-91
-85
-74
-62
-54
-43
-34
-25
-17
-8
4
9
17
24
29
28
29
31
31
33
29
24
19
15
9
4
0
-3
-8
-14
-19
-25
-26
-26
-26
-28
-31
-31
-29
-27
-23
-19
-13
-6
1
6
13
21
30
39
49
56
62
71
80
85
91
96
102
104
106
109
109
113
113
110
105
99
96
90
81
75
66
57
50
38
27
15
5
-4
-16
-27
-35
-43
-50
-55
-61
-64
-66
-65
-66
-64
-62
-57
-48
-44
-38
-33
-28
-20
-16
-7
0
6
13
17
23
28
32
35
39
40
40
38
36
33
27
21
14
7
0
-9
-17
-23
-32
-39
-47
-55
-62
-67
-71
-75
-79
-81
-84
-87
-86
-87
-88
-87
-83
-78
-72
-64
-56
-48
-40
-34
-27
-17
-9
-2
3
11
20
24
29
32
35
36
35
35
33
31
27
24
21
17
12
8
3
-1
-11
-17
-21
-27
-27
-28
-29
-26
-28
-26
-22
-19
-14
-9
-2
8
16
24
32
40
46
53
59
62
69
74
76
83
86
88
90
90
88
85
82
78
75
71
67
61
54
48
40
30
25
20
16
13
10
6
1
-5
-8
-10
-11
-12
-13
-12
-11
-11
-10
-10
-10
-6
-1
0
-1
0
0
-1
-1
-1
0
3
4
2
2
2
0
-1
-4
-2
-3
-8
-13
-18
-23
-28
-33
-38
-43
-46
-51
-60
-64
-71
-77
-81
-81
-82
-85
-84
-87
-89
-87
-87
-89
-87
-82
-77
-71
-68
-67
-59
-49
-43
-39
-30
-23
-19
-11
-4
-3
-1
6
11
13
18
21
19
19
19
16
13
7
1
0
0
0
-2
-3
-1
-2
-3
-4
-3
-2
0
5
10
13
20
26
29
37
45
50
54
62
68
74
79
81
82
88
90
90
93
93
89
88
89
86
84
84
81
79
74
67
63
61
54
48
45
40
34
31
31
21
13
9
4
0
-5
-10
-14
-15
-14
-17
-16
-17
-24
-27
-29
-31
-33
-34
-34
-38
-37
-35
-35
-34
-37
-38
-39
-39
-38
-38
-38
-38
-40
-38
-37
-35
-35
-39
-41
-44
-45
-41
-43
-43
-44
-46
-47
-49
-48
-50
-51
-52
-52
-48
-48
-48
-46
-48
-49
-48
-49
-48
-47
-44
-44
-38
-33
-30
-24
-24
-20
-13
-9
-3
3
7
10
15
19
21
25
29
28
29
27
28
30
27
30
28
28
27
27
29
28
28
27
26
27
26
27
26
24
26
26
28
35
37
41
44
48
54
56
59
60
60
64
63
63
58
55
55
52
53
51
49
48
45
45
47
45
43
39
33
26
25
23
16
12
9
3
0
-4
-10
-11
-15
-20
-21
-26
-32
-34
-33
-35
-36
-35
-40
-43
-44
-43
-39
-37
-39
-38
-39
-39
-34
-32
-32
-34
-35
-37
-37
-35
-35
-34
-34
-37
-34
-32
-29
-27
-27
-29
-29
-28
-28
-27
-25
-24
-25
-25
-23
-22
-23
-25
-27
-27
-28
-31
-34
-34
-35
-33
-29
-30
-28
-26
-21
-14
-10
-6
-4
-4
0
2
7
13
17
21
23
22
24
25
28
30
30
30
27
27
28
30
28
24
19
16
15
14
16
14
11
10
8
8
8
9
8
6
7
7
8
8
9
10
13
17
21
23
26
28
34
37
38
42
42
44
49
52
55
55
51
51
48
49
53
53
49
45
39
36
33
29
24
17
10
5
0
-3
-9
-17
-20
-25
-28
-30
-30
-32
-31
-30
-31
-31
-34
-33
-31
-30
-28
-29
-33
-37
-37
-37
-37
-38
-38
-39
-38
-37
-35
-34
-35
-35
-35
-33
-26
-25
-25
-24
-23
-21
-16
-15
-13
-12
-14
-12
-14
-15
-16
-21
-21
-22
-23
-20
-20
-21
-22
-22
-21
-19
-18
-16
-10
-5
0
2
2
5
3
2
3
5
8
10
13
16
18
21
21
23
26
27
31
33
33
34
33
32
32
31
30
30
30
29
31
32
34
32
30
29
27
29
28
26
27
24
21
19
16
17
16
16
16
16
19
19
21
22
20
23
25
24
22
20
15
12
11
7
8
6
5
5
2
1
-1
-6
-7
-11
-13
-16
-20
-24
-27
-30
-32
-35
-36
-36
-37
-37
-35
-34
-32
-31
-32
-35
-36
-32
-32
-31
-29
-31
-30
-29
-28
-29
-28
-25
-24
-24
-23
-22
-18
-16
-14
-11
-9
-8
-7
-7
-9
-9
-8
-6
-3
-2
0
1
3
4
5
8
8
10
9
9
10
11
14
15
15
18
18
18
18
18
22
22
22
21
18
15
11
7
6
7
9
7
8
4
3
4
4
6
6
7
9
10
13
16
16
18
19
19
20
17
16
13
12
9
9
7
4
5
6
6
5
3
0
-4
-6
-8
-10
-11
-12
-8
-4
-1
-2
-3
-3
-2
1
3
4
7
7
5
5
3
2
2
1
4
8
8
8
7
5
1
0
-3
-7
-9
-10
-9
-9
-10
-9
-10
-10
-13
-12
-11
-9
-7
-8
-5
-3
-5
-5
-4
-3
-6
-7
-6
-7
-9
-10
-12
-13
-15
-13
-12
-11
-8
-8
-6
-6
-6
-6
-7
-6
-6
-6
-3
-2
1
-1
1
2
2
3
2
3
5
4
7
8
8
10
11
12
14
15
15
17
18
16
16
15
15
14
11
9
7
3
2
-1
-3
-6
-10
-13
-15
-15
-18
-19
-19
-17
-14
-11
-12
-9
-8
-5
-1
1
4
8
9
12
11
11
10
10
8
7
6
3
1
-3
-9
-13
-15
-16
-17
-15
-14
-15
-12
-10
-8
-5
-3
-1
6
11
15
18
20
23
25
27
27
27
27
29
28
25
20
14
9
5
1
-4
-7
-10
-12
-16
-18
-19
-20
-18
-17
-15
-14
-13
-10
-5
1
4
6
9
12
12
10
8
9
9
8
7
4
1
-4
-6
-10
-12
-15
-16
-18
-20
-21
-22
-21
-18
-19
-19
-17
-11
-9
-7
-3
-1
2
3
5
7
7
9
10
9
7
7
8
7
6
5
3
2
3
3
-1
-1
-3
-4
-3
-4
-6
-5
-4
-4
-3
-5
-5
-4
-5
-2
1
4
1
3
7
4
6
9
10
8
10
10
7
6
5
0
1
-1
-2
-1
-3
-4
-4
-5
-6
-4
-3
-4
-2
1
2
3
7
7
7
7
7
6
7
10
8
7
8
7
7
7
4
2
3
2
4
7
6
5
7
9
9
9
7
5
8
10
7
6
2
0
-3
-5
-5
-8
-11
-14
-15
-16
-18
-19
-20
-18
-15
-13
-10
-8
-6
-1
-1
1
1
0
4
7
7
7
7
8
9
9
7
3
0
-3
-4
-5
-8
-11
-14
-15
-14
-13
-13
-14
-14
-13
-9
-6
-7
-5
-2
2
8
9
9
10
10
14
14
14
13
10
10
6
6
4
2
0
-5
-7
-10
-11
-12
-14
-16
-14
-15
-15
-15
-11
-8
-5
0
3
4
7
10
11
13
17
18
20
17
15
15
14
13
12
8
7
6
1
2
0
0
2
2
3
4
6
7
9
11
14
16
19
19
15
14
16
19
21
20
18
15
14
14
14
13
12
10
10
9
6
5
4
5
4
1
-2
-4
-8
-9
-13
-14
-15
-16
-18
-21
-24
-24
-24
-24
-24
-24
-25
-24
-25
-24
-21
-18
-17
-14
-13
-12
-10
-10
-9
-7
-6
-4
-3
-5
-6
-7
-7
-9
-11
-13
-14
-15
-17
-19
-19
-19
-20
-19
-18
-17
-15
-15
-12
-9
-4
-1
1
3
4
6
10
11
13
16
15
15
15
13
14
13
11
9
8
7
6
3
2
0
0
1
1
2
0
3
6
6
9
11
13
13
11
11
13
13
15
13
12
12
11
11
9
6
4
4
2
-1
0
0
0
0
-2
-2
-2
-2
1
3
3
5
6
5
5
7
7
6
5
5
8
10
11
10
11
9
10
11
10
8
6
4
2
0
-2
-4
-4
-7
-8
-9
-8
-9
-11
-11
-9
-8
-8
-9
-8
-9
-10
-12
-11
-14
-14
-12
-11
-11
-10
-8
-6
-3
-2
-2
-3
-2
0
0
0
0
-2
-3
-3
-6
-7
-7
-7
-7
-7
-8
-8
-6
-3
-2
-3
-2
-1
-1
-1
-1
-2
-3
-4
-3
0
1
0
3
4
6
5
6
10
9
7
10
11
8
7
10
7
7
6
6
6
6
7
8
9
9
10
10
9
8
9
8
7
5
3
2
3
2
1
2
4
4
5
7
6
3
4
4
4
3
1
2
2
-1
-1
-3
-4
-3
-3
-4
-3
-2
-2
1
0
-1
-2
-1
0
0
-2
-3
-2
-2
-1
0
-3
-3
-1
1
3
2
1
-1
-2
-3
-1
0
-2
-1
-3
-7
-9
-11
-13
-14
-16
-17
-19
-20
-19
-20
-21
-22
-20
-18
-17
-16
-15
-13
-11
-8
-8
-6
-6
-5
-5
-2
0
0
0
1
3
3
3
3
5
5
7
9
11
13
16
15
14
16
18
20
17
16
15
13
13
13
13
12
11
10
10
10
7
6
6
5
5
3
2
-1
-5
-6
-7
-7
-7
-6
-4
-2
1
1
4
6
5
6
6
6
7
7
7
6
3
2
1
1
2
2
3
4
4
5
4
3
1
-1
-2
-3
-4
-5
-7
-8
-8
-9
-10
-10
-10
-13
-13
-12
-12
-9
-9
-8
-7
-6
-5
-4
-3
-3
-2
-1
0
1
3
4
5
6
7
7
8
8
10
8
9
11
12
11
9
5
3
2
0
-2
-6
-6
-7
-6
-5
-5
-4
-3
-3
-3
-5
-3
-4
-4
-3
-3
-3
-4
-5
-4
-5
-5
-3
-2
0
-1
0
-2
-2
-3
-4
-3
-3
-1
0
1
1
1
4
5
6
7
5
3
3
4
4
4
4
1
2
1
-1
-1
-2
-3
-4
-5
-2
-4
-4
-6
-8
-7
-5
-2
-2
-1
-2
-2
0
3
6
6
6
7
9
11
13
14
13
14
14
14
16
15
14
13
10
10
9
8
6
3
2
1
-1
-3
-4
-4
-6
-7
-10
-12
-13
-14
-15
-15
-15
-14
-13
-12
-13
-13
-13
-10
-8
-4
-3
-3
-3
-2
-1
0
-1
1
1
2
2
3
4
2
1
0
2
3
2
1
0
-1
-2
-4
-6
-8
-10
-10
-11
-11
-11
-10
-10
-11
-11
-11
-8
-6
-4
-2
-2
-2
1
0
0
1
3
6
9
9
9
9
8
9
9
10
9
9
9
8
7
5
4
3
3
3
4
4
5
6
6
5
7
6
5
5
5
6
6
6
6
4
3
3
1
3
2
2
2
3
4
5
5
5
6
5
5
5
3
3
4
3
2
1
-1
-1
-1
0
1
2
2
1
1
1
-1
-2
-2
-3
-4
-6
-6
-7
-10
-11
-13
-12
-11
-11
-10
-9
-9
-7
-6
-6
-5
-5
-7
-5
-5
-5
-5
-5
-2
-3
-1
1
2
2
2
2
3
3
3
4
2
0
-1
-2
-3
-2
-3
-4
-3
-1
0
0
-1
-2
-6
-5
-4
-2
-2
-2
-4
-6
-5
-2
1
1
0
1
3
5
5
6
5
4
4
4
6
8
7
6
5
4
4
4
3
1
0
1
1
1
1
0
-1
0
-1
-1
-2
-2
-2
-2
-1
1
3
5
6
5
3
3
3
3
4
2
1
4
4
6
7
5
4
4
4
3
3
-1
-4
-6
-6
-7
-4
-3
-2
1
1
1
1
-1
-5
-7
-7
-6
-4
-2
-3
-4
-3
-2
-2
-2
-3
-3
-1
0
-1
2
2
0
0
0
-1
-1
0
-1
1
2
2
2
4
5
6
6
4
5
3
2
0
-1
-3
-5
-4
-3
0
0
0
1
3
2
1
0
-4
-6
-5
-5
-6
-6
-6
-5
-4
-5
-6
-6
-5
-5
-4
-4
-3
-3
0
1
3
5
7
8
10
14
15
15
14
14
13
10
9
6
6
3
0
0
-1
-3
-3
-4
-5
-5
-7
-8
-11
-11
-12
-13
-13
-13
-11
-10
-8
-6
-5
-6
-3
0
2
2
1
3
4
5
5
7
7
6
10
9
6
5
6
4
6
4
3
2
0
0
1
-1
-3
-2
-1
-1
-3
-5
-5
-6
-4
-4
-4
-4
-4
-5
-6
-7
-6
-5
-5
-5
-6
-5
-4
-1
-2
-1
3
6
7
9
9
9
10
12
12
13
10
9
10
9
7
9
8
6
6
6
5
3
4
1
1
1
-2
-4
-5
-6
-6
-6
-7
-10
-9
-9
-9
-9
-9
-10
-9
-9
-10
-9
-10
-9
-11
-9
-7
-5
-4
-1
0
1
4
5
7
9
9
10
10
10
10
12
11
10
10
8
6
6
6
5
3
2
1
-1
-3
-4
-7
-9
-7
-11
-11
-12
-13
-10
-9
-10
-11
-11
-10
-8
-6
-4
-3
-1
0
0
1
0
0
0
2
5
7
7
7
7
8
10
9
10
9
8
8
7
3
0
-1
-2
0
0
0
2
2
3
6
6
6
4
0
0
-2
-4
-6
-7
-9
-7
-8
-7
-7
-3
-2
1
3
1
2
1
1
1
1
1
1
0
0
-1
2
2
4
8
8
9
9
9
8
7
6
5
4
3
1
-2
-4
-6
-6
-7
-7
-8
-10
-7
-10
-7
-6
-7
-5
-7
-7
-8
-9
-9
-8
-7
-6
-4
-3
-1
1
4
6
8
11
12
12
11
11
10
9
11
11
9
8
6
6
5
4
3
2
1
-1
-4
-7
-8
-8
-9
-10
-12
-14
-15
-16
-15
-14
-11
-9
-8
-8
-6
-4
-2
0
2
5
5
7
4
5
6
8
9
11
10
11
9
8
7
6
7
7
5
4
1
1
0
0
0
-1
-2
-3
-4
-4
-4
-2
-3
-2
-2
-3
-3
-3
-2
0
1
3
2
1
1
1
3
3
4
5
4
3
1
1
1
1
2
2
0
-1
-2
-2
-3
-1
0
0
1
-1
-3
-4
-5
-5
-4
-2
-2
-3
-3
-3
-1
0
3
4
2
2
1
1
0
-2
-2
-3
-4
-5
-6
-5
-6
-5
-4
-4
-4
-4
-4
-3
-2
0
2
5
5
7
6
6
8
9
10
10
9
8
6
4
1
2
1
-2
-6
-8
-10
-12
-12
-12
-11
-10
-9
-9
-8
-7
-6
-4
-1
-1
0
0
0
1
3
5
7
7
9
8
6
7
8
7
7
6
5
5
5
4
5
6
6
6
4
3
2
1
2
2
1
0
-1
-2
-2
-4
-3
-3
-3
-4
-6
-6
-5
-4
-1
0
1
2
2
1
2
1
4
5
6
6
6
4
5
3
3
3
2
1
0
-2
-3
-4
-5
-5
-5
-5
-4
-6
-6
-6
-7
-6
-4
-4
-3
-4
-4
-2
-2
-1
0
0
0
-2
-2
-2
-2
-2
-3
-4
-4
-5
-5
-7
-7
-7
-5
-6
-4
-4
-4
-2
-2
0
2
3
3
2
2
0
3
4
2
3
2
1
1
0
0
0
-1
-2
-1
0
-1
-1
-2
-2
-1
-1
-1
1
1
2
3
3
4
6
7
8
8
8
7
8
8
8
9
8
8
8
8
8
6
7
5
4
4
2
2
1
1
1
-1
-2
-1
-3
-2
-2
-3
-3
-3
-3
-2
-1
0
0
0
1
3
4
3
5
5
5
5
5
5
4
4
2
1
1
0
-1
-3
-5
-5
-6
-6
-8
-9
-10
-12
-12
-12
-11
-10
-11
-10
-10
-9
-8
-8
-6
-4
-4
-2
-3
-4
-3
-4
-2
-3
-3
-2
-2
-3
-3
-4
-3
-3
-3
-4
-5
-4
-4
-4
-2
0
1
0
2
3
4
4
3
5
6
9
11
10
10
10
8
8
7
6
6
5
5
4
5
4
3
3
2
2
3
5
7
7
6
5
6
6
6
8
9
9
10
10
10
10
9
9
10
9
6
6
3
3
2
1
0
0
-1
0
0
1
-1
-1
-2
-1
-3
-2
-1
-3
-5
-5
-7
-7
-7
-9
-10
-8
-8
-8
-6
-7
-6
-6
-5
-4
-3
-3
-4
-4
-3
-3
-2
-2
-2
-3
-2
-2
-3
-4
-6
-7
-9
-10
-11
-10
-11
-13
-13
-15
-15
-16
-14
-14
-11
-10
-10
-9
-8
-6
-6
-4
-3
-1
-1
-1
2
4
5
8
7
7
8
9
11
10
10
10
9
8
7
7
6
7
8
8
10
9
9
10
9
9
9
8
7
6
5
4
4
3
3
3
4
3
4
4
2
1
2
0
0
-1
-1
-1
-2
-1
-2
-1
-1
0
2
2
3
3
3
3
2
1
2
2
3
3
3
2
1
0
-2
-3
-3
-2
-2
-1
-2
-3
-4
-3
-3
-3
-3
-3
-3
-5
-5
-7
-8
-8
-8
-9
-7
-8
-5
-4
-5
-4
-4
-2
-2
-1
1
0
3
4
3
3
4
4
4
4
4
3
4
3
3
4
3
3
3
1
1
-1
-1
-2
-2
-1
0
1
0
-1
-1
-2
-3
-1
-1
-2
0
-2
-2
-3
-4
-4
-5
-5
-4
-2
0
0
2
2
4
6
6
6
6
8
7
8
7
7
7
6
4
4
4
2
1
0
0
-1
-2
-3
-4
-4
-4
-3
-5
-4
-3
-3
-5
-5
-6
-4
-4
-4
-4
-3
-4
-4
-5
-6
-6
-6
-5
-6
-5
-4
-1
-1
0
2
1
2
2
4
4
6
7
7
7
6
6
6
6
5
5
4
3
2
1
-1
-3
-2
-2
-3
-2
-3
-4
-3
-3
-4
-4
-4
-5
-4
-5
-3
-2
0
-1
0
1
0
0
1
1
1
2
3
4
5
5
6
6
6
6
5
5
3
3
3
3
3
3
2
2
2
1
1
0
-1
-2
-1
0
0
-1
0
1
0
0
-1
-1
-2
-2
-1
-2
-1
1
-1
-1
0
-1
-1
0
0
0
-1
-2
-1
0
1
1
1
0
0
0
-1
-1
-3
-2
-2
-3
-1
-2
-2
-3
-3
-1
-1
-1
-2
-2
-3
-2
-2
-2
-1
-2
-2
-3
-2
-3
-2
-3
-2
-2
-2
-2
-2
-2
-3
-1
-1
0
0
1
1
1
2
3
4
3
2
3
3
4
3
3
3
4
4
3
2
2
1
1
0
0
1
-1
-1
-1
-2
-1
-1
-3
-2
-3
-3
-4
-4
-2
-2
-2
-2
-1
0
2
4
3
4
6
5
5
4
5
5
4
4
3
3
3
2
2
4
4
4
3
3
3
4
3
4
4
5
6
6
4
3
3
2
0
-1
-2
-4
-4
-6
-6
-5
-6
-6
-6
-6
-6
-6
-6
-4
-5
-6
-5
-5
-5
-3
-4
-4
-3
-3
-4
-5
-6
-5
-4
-5
-3
-3
-1
-1
0
0
1
1
2
2
2
1
2
1
1
2
2
3
2
1
2
1
1
0
1
0
-1
-1
-1
-2
-3
-4
-4
-2
-2
-2
0
1
2
2
5
6
6
7
7
6
5
4
3
2
3
2
1
1
0
-2
-2
-4
-3
-4
-5
-5
-7
-6
-5
-5
-5
-4
-3
-2
-2
-2
-1
0
0
1
1
2
4
5
8
7
8
7
7
7
7
7
8
7
7
6
5
4
3
2
2
2
0
-1
-1
-1
-3
-4
-5
-4
-5
-4
-4
-3
-5
-5
-5
-6
-6
-5
-5
-4
-4
-4
-3
-2
-2
0
0
0
1
1
2
2
2
3
1
0
0
-2
-2
-2
-2
-3
-2
-4
-4
-3
-2
-3
-3
-5
-4
-5
-5
-5
-5
-4
-4
-4
-3
-2
-1
0
1
0
0
1
1
0
1
1
1
0
1
2
2
3
3
2
2
2
2
0
2
2
2
2
3
2
2
2
1
2
1
1
1
2
2
2
2
1
3
2
4
3
4
3
3
3
3
3
3
5
4
4
4
4
4
5
5
5
5
6
5
5
5
6
6
5
5
5
5
4
4
3
3
2
2
0
0
-1
-1
-2
-3
-3
-3
-5
-6
-6
-5
-5
-5
-5
-5
-4
-3
-3
-2
-1
-1
0
-1
1
1
1
2
2
3
2
1
1
1
0
0
0
-1
0
-1
-2
-3
-3
-4
-4
-5
-6
-7
-8
-8
-8
-8
-9
-8
-9
-6
-8
-7
-6
-6
-4
-4
-4
-2
0
0
1
2
2
3
4
4
4
4
4
6
5
5
5
4
4
3
2
1
0
1
-1
0
-1
-1
1
0
1
1
1
1
2
1
2
1
1
1
1
1
1
0
2
1
1
1
2
4
3
5
5
7
6
7
7
8
8
8
7
7
6
7
6
6
5
5
5
4
2
2
1
-2
-3
-5
-6
-5
-6
-6
-6
-6
-6
-7
-5
-4
-2
-2
-2
-1
-3
-2
-2
-2
-3
-3
-3
-2
-4
-5
-4
-5
-4
-4
-5
-2
-1
0
0
0
1
0
-1
-2
-2
-2
-2
-3
-4
-3
-4
-4
-5
-6
-6
-6
-6
-7
-7
-8
-8
-9
-9
-9
-9
-8
-8
-7
-6
-6
-5
-4
-2
-2
-1
-1
0
1
1
1
3
4
3
4
4
5
7
8
8
8
10
10
11
11
11
12
13
13
13
12
10
8
8
8
8
8
7
6
5
6
6
4
2
1
1
0
0
-1
-1
-1
-1
-1
-2
-2
-1
-1
-1
-1
-1
-1
-1
-2
-3
-1
0
-1
0
-1
-1
-1
-1
0
0
1
3
4
4
3
3
3
2
1
0
0
-2
-3
-5
-4
-5
-6
-6
-7
-6
-7
-7
-8
-7
-5
-4
-4
-2
-1
-2
-1
-1
0
-1
-2
-2
-2
-3
-2
-2
-1
-1
1
1
1
-1
-2
-2
-2
-1
-1
0
1
2
1
1
0
-2
-3
-5
-7
-8
-8
-8
-6
-7
-7
-7
-8
-8
-8
-8
-7
-5
-5
-2
-1
1
3
4
5
7
6
7
8
8
8
10
12
12
12
11
10
9
8
7
7
7
8
6
7
7
5
6
7
6
6
6
5
3
4
4
4
4
3
4
3
4
4
4
5
5
5
5
5
5
4
4
5
5
4
4
3
2
1
1
1
0
0
-1
-1
-1
-3
-2
-3
-2
-2
-2
-3
-5
-5
-4
-5
-4
-6
-5
-7
-8
-9
-10
-10
-11
-12
-13
-13
-15
-14
-13
-12
-12
-12
-12
-12
-11
-11
-10
-9
-8
-8
-7
-7
-8
-8
-6
-6
-6
-7
-7
-8
-9
-9
-9
-9
-8
-7
-6
-6
-5
-4
-2
0
2
3
4
4
3
3
3
6
8
9
10
9
9
10
10
10
10
11
11
10
10
10
11
12
13
13
12
11
12
13
13
13
13
12
11
10
8
7
6
7
7
6
5
4
3
4
4
5
4
5
5
3
2
3
2
3
4
3
2
2
1
2
2
2
1
0
-1
-1
-3
-4
-5
-5
-4
-5
-6
-7
-8
-7
-7
-6
-6
-6
-5
-5
-5
-6
-5
-5
-5
-6
-7
-8
-8
-8
-9
-9
-9
-9
-9
-8
-7
-6
-6
-7
-7
-7
-6
-7
-6
-6
-5
-3
-4
-4
-3
-3
-2
0
-2
0
0
0
0
0
2
0
1
1
1
2
1
0
1
0
2
2
1
2
3
4
3
4
4
4
4
3
2
3
2
2
4
3
4
4
5
5
7
9
9
8
7
8
8
8
7
7
8
8
7
7
6
4
4
3
3
2
2
2
0
0
0
-2
-3
-4
-4
-4
-4
-4
-5
-4
-4
-4
-4
-3
-2
-2
-2
-2
-1
0
1
2
1
0
0
2
2
1
2
2
1
1
2
1
0
0
-1
-1
-2
-3
-2
-4
-4
-4
-4
-4
-6
-7
-6
-6
-6
-6
-6
-6
-6
-6
-7
-5
-5
-5
-4
-4
-3
-2
-2
0
-1
0
2
3
3
2
2
4
3
5
5
4
4
5
5
5
5
5
5
4
4
3
4
2
2
2
2
2
1
2
1
1
0
1
0
-1
-1
-1
-2
-2
-3
-3
-2
-1
-1
-1
0
1
1
2
3
2
2
2
1
1
3
2
2
1
1
1
0
-1
-3
-3
-4
-3
-4
-6
-5
-5
-4
-5
-5
-5
-4
-4
-3
-2
-1
-3
-3
-2
-1
-1
-1
-2
-1
0
2
2
4
5
6
6
6
8
7
6
6
7
7
7
6
5
6
8
6
4
3
2
1
-1
-3
-3
-3
-4
-5
-3
-3
-3
-3
-4
-4
-5
-5
-5
-4
-4
-2
-2
-2
-1
-2
-1
-1
-1
-2
-2
-2
-1
0
0
-1
0
1
1
2
1
0
1
1
1
0
0
0
0
0
-1
-2
-1
-2
-3
-3
-5
-4
-5
-5
-4
-5
-4
-4
-4
-4
-2
-1
-2
-3
-2
-3
-1
-1
0
1
-1
1
0
-1
0
0
1
1
2
4
3
3
3
3
3
3
2
3
4
5
6
5
3
3
2
2
3
2
3
2
2
2
1
0
1
0
0
1
2
2
2
3
3
3
2
2
4
4
5
5
4
5
5
5
4
5
4
4
3
3
1
1
2
1
1
1
0
-1
-2
-2
-2
-3
-2
-3
-4
-4
-5
-5
-5
-6
-6
-5
-5
-6
-6
-6
-6
-6
-6
-7
-5
-5
-6
-5
-4
-4
-3
-1
-1
-3
-1
0
0
0
2
1
1
2
3
2
3
4
3
2
3
2
2
3
2
2
2
2
2
1
0
-1
-1
-1
0
-1
-2
-2
-2
-4
-3
-3
-4
-1
-3
-4
-5
-4
-3
-3
-2
-1
0
0
1
2
2
3
3
3
3
3
4
5
3
3
2
2
3
2
1
2
3
1
0
0
0
1
0
0
0
1
-1
0
-2
-2
-2
-1
0
-1
-1
0
1
1
-1
0
0
2
1
3
2
1
3
2
3
3
4
5
4
4
2
2
3
1
1
0
1
0
1
0
0
-1
-1
-2
-4
-5
-4
-5
-4
-4
-4
-4
-3
-3
-2
-2
-1
-1
-1
0
1
1
1
1
1
1
0
-2
-2
-2
-2
-3
-3
-3
-3
-4
-6
-6
-6
-5
-4
-4
-3
-3
-3
-3
-4
-3
-2
-1
0
-1
-1
0
1
2
1
2
2
1
1
0
1
1
2
2
1
0
0
0
0
0
2
2
3
2
1
2
0
3
3
5
5
4
5
5
4
5
5
5
5
5
5
3
4
5
6
5
6
6
5
5
4
4
4
3
3
2
2
2
3
4
4
4
3
4
2
1
3
3
2
2
1
0
0
0
0
0
0
-2
-1
-4
-4
-4
-2
-2
-3
-3
-4
-4
-5
-6
-5
-5
-4
-5
-5
-6
-6
-5
-5
-6
-6
-6
