SAMPLES:	23090
BITSPERSAMPLE:	16
CHANNELS:	1
SAMPLERATE:	16000
NORMALIZED:	FALSE
1
2
1
-2
-3
-2
-1
-1
1
0
0
2
1
2
2
2
0
-3
-3
-2
-1
2
4
3
1
0
-3
-5
-6
-7
-8
-10
-12
-11
-8
-5
-2
-1
-1
0
1
1
1
3
3
3
4
5
4
7
7
8
6
6
5
5
7
8
6
5
3
1
-1
-1
-1
-2
-1
-3
-2
-2
-2
2
5
4
0
-3
-6
-4
-2
0
0
1
0
2
2
4
9
9
10
10
9
9
9
10
10
5
3
2
2
5
7
9
9
8
9
7
5
3
0
-4
-6
-6
-8
-9
-7
-6
-7
-7
-5
-4
-3
-1
0
-2
-5
-7
-6
-7
-5
-5
-4
-2
1
2
0
-2
-2
-3
-1
-2
-5
-9
-10
-11
-9
-8
-9
-8
-8
-7
-8
-8
-7
-5
-4
-4
-9
-12
-15
-13
-10
-8
-9
-9
-9
-6
-3
-3
-3
-2
-4
-4
-4
-4
-5
-3
0
0
0
0
-2
-1
3
5
5
5
4
3
2
1
-1
1
3
4
4
5
7
10
13
15
15
13
12
14
13
14
14
14
13
10
11
8
6
8
7
6
5
4
1
0
0
-1
-2
0
0
3
6
8
8
8
9
7
5
4
3
6
6
9
8
6
5
3
2
0
0
0
-1
1
1
-1
-2
-2
-4
-5
-5
-4
-5
-5
-4
-5
-8
-11
-13
-15
-15
-14
-11
-9
-9
-8
-7
-9
-11
-13
-14
-14
-11
-10
-7
-6
-5
-3
-3
-4
-4
-4
-4
-2
0
0
2
2
1
0
-2
-1
0
4
7
8
9
7
5
2
-2
-4
-4
-2
0
3
4
5
5
6
6
6
5
3
3
5
7
7
7
7
4
1
0
0
-1
-1
-1
1
1
-2
-2
-2
-2
-1
-2
-1
-1
-1
1
1
2
2
2
2
4
5
4
2
2
0
-3
-4
-7
-8
-7
-4
-3
-1
1
0
2
3
5
5
5
3
2
4
4
5
6
5
7
4
3
2
1
0
-2
-4
-5
-7
-7
-5
-3
-1
-3
-2
-1
0
1
1
3
4
2
0
-2
-2
-2
-1
-2
-3
-5
-7
-7
-6
-5
-4
-5
-5
-5
-4
-3
-3
0
-1
-1
-1
0
1
2
2
1
0
0
-2
0
1
1
1
-4
-6
-8
-9
-7
-7
-5
-3
-3
-1
0
3
6
6
7
7
6
6
6
8
9
7
6
6
5
5
8
9
9
8
6
5
5
5
6
4
4
2
3
1
2
7
8
9
9
6
2
1
-1
-1
-5
-6
-5
-1
2
2
4
3
3
3
4
6
7
6
6
6
5
6
5
6
3
1
-1
-4
-6
-8
-8
-9
-10
-10
-10
-12
-12
-10
-10
-9
-7
-7
-6
-4
-2
0
0
0
0
0
-3
-4
-4
-5
-5
-6
-5
-8
-9
-10
-11
-12
-11
-11
-11
-11
-11
-10
-10
-10
-8
-7
-7
-4
-3
-1
1
3
3
3
1
1
2
1
0
-1
-2
-3
-1
1
3
4
4
5
6
5
6
8
10
10
10
8
6
7
8
9
8
10
8
8
8
7
8
9
10
11
8
6
6
7
7
6
4
3
2
2
2
2
2
1
-1
-4
-4
-5
-2
1
0
-1
-3
-4
0
2
6
6
4
5
7
12
14
15
16
15
15
13
11
10
9
6
2
-1
-6
-10
-12
-13
-15
-17
-19
-22
-23
-23
-23
-20
-18
-17
-16
-14
-13
-11
-8
-6
-8
-7
-6
-7
-4
-2
-1
3
0
0
-2
0
4
8
10
10
8
9
7
5
4
1
0
-1
-3
-4
-6
-10
-13
-13
-12
-10
-7
-7
-5
-5
-2
1
4
7
8
8
8
9
11
11
9
7
4
5
9
11
12
12
10
9
9
13
15
14
12
7
1
-3
-5
-4
-3
-4
-2
-3
-2
1
5
8
10
8
5
3
-1
-1
0
-1
-1
-3
-5
-8
-7
-5
-2
1
3
0
-2
-3
-5
-5
-5
-5
-6
-6
-4
-2
0
1
1
-2
-6
-7
-6
-5
-3
-1
-2
-4
-6
-6
-6
-4
-1
2
5
6
6
4
0
-4
-7
-8
-8
-7
-7
-5
-5
-6
-6
-5
-5
-3
-2
-1
-1
-1
0
-1
-2
-3
-3
-3
-1
1
4
9
12
13
13
11
8
3
1
1
2
4
6
5
4
4
2
4
6
8
8
8
5
3
3
3
2
2
-1
-1
2
3
5
7
8
7
4
2
1
1
1
0
-1
0
-1
-2
-5
-5
-5
-5
-5
-4
-4
-2
-1
-1
-1
-3
-5
-5
-3
-2
-1
2
3
4
5
5
2
0
-1
-6
-9
-8
-11
-12
-12
-12
-14
-16
-17
-15
-14
-10
-7
-5
-3
-1
1
1
0
-1
-2
-4
-3
-3
-2
-2
-2
0
-2
-2
0
1
-1
0
1
2
3
5
4
3
4
6
6
7
9
8
9
8
7
5
2
0
-1
-2
-1
-1
0
2
3
4
4
3
4
6
10
14
20
25
25
24
23
21
18
18
14
11
9
7
6
6
4
0
-3
-6
-8
-8
-9
-8
-7
-5
-4
-4
-5
-3
-5
-5
-4
-5
-5
-4
-3
-2
-2
-1
-3
-4
-4
-7
-8
-8
-10
-10
-11
-13
-14
-15
-13
-11
-10
-9
-8
-6
-5
-4
-4
-7
-10
-11
-8
-5
-4
-5
-8
-10
-10
-9
-8
-8
-7
-4
-4
-1
0
1
2
5
7
7
6
6
5
6
8
11
11
10
7
5
6
7
9
8
7
3
2
0
0
0
-2
-2
-2
-2
-1
0
2
5
5
5
5
2
0
-1
-3
-2
-1
-1
-2
-4
-2
1
4
7
9
9
9
9
10
9
6
3
0
-2
0
1
2
2
3
4
4
5
8
8
8
8
4
4
2
2
4
4
3
1
-3
-5
-5
-4
-1
-3
-4
-7
-10
-9
-4
-1
0
0
-2
-5
-6
-5
-4
-1
1
0
-2
-4
-3
-2
1
1
-1
-4
-7
-9
-9
-8
-7
-8
-8
-9
-9
-7
-6
-6
-5
-7
-9
-11
-13
-14
-12
-13
-14
-15
-16
-17
-14
-10
-8
-5
-5
-3
-3
0
6
9
14
20
21
23
25
25
25
24
21
18
13
6
1
-4
-5
-9
-12
-14
-15
-16
-14
-11
-7
-3
-1
2
4
8
11
17
18
19
21
19
19
20
21
24
24
23
20
19
19
21
23
21
18
13
10
10
7
8
6
3
-1
-4
-4
-4
-4
-3
-5
-7
-10
-13
-13
-13
-11
-12
-12
-11
-10
-7
-3
1
3
4
2
0
-1
-1
-3
-5
-7
-9
-9
-8
-8
-6
-5
-6
-7
-10
-13
-15
-18
-22
-25
-29
-32
-33
-32
-30
-26
-21
-19
-18
-15
-14
-11
-9
-7
-6
-6
-6
-6
-7
-3
-2
1
3
2
2
2
2
6
6
9
6
2
-3
-7
-8
-6
-3
-1
0
0
5
8
11
14
14
13
12
10
8
8
10
10
10
11
13
16
20
22
25
24
22
20
17
17
17
17
18
17
19
18
18
19
18
16
14
12
11
11
10
10
8
6
3
1
0
0
-1
-1
0
2
5
6
8
8
7
4
2
-2
-4
-4
-5
-5
-5
-5
-5
-5
-4
-4
-7
-8
-12
-14
-18
-19
-18
-19
-20
-22
-21
-21
-21
-18
-18
-17
-16
-16
-14
-13
-12
-11
-12
-13
-15
-13
-11
-10
-6
-4
-2
-1
-4
-5
-7
-7
-6
-7
-7
-8
-10
-10
-10
-9
-9
-9
-9
-5
-4
-2
1
4
4
5
5
4
4
5
8
9
8
7
8
8
9
11
13
14
13
13
12
12
14
15
15
15
12
9
9
10
12
12
12
10
6
5
4
4
3
3
1
-2
-5
-4
0
4
8
11
10
10
8
10
11
12
12
8
5
2
2
4
5
5
4
3
3
2
2
4
4
2
-2
-7
-13
-15
-14
-11
-10
-9
-10
-11
-10
-8
-7
-6
-6
-7
-10
-13
-14
-13
-9
-7
-8
-8
-7
-6
-3
-1
2
2
0
-2
-3
-5
-3
-2
-1
-2
-2
-4
-5
-5
-5
-6
-9
-12
-18
-21
-20
-18
-14
-13
-12
-12
-10
-7
-4
1
3
3
4
5
6
11
14
17
19
17
15
15
16
15
16
14
11
8
6
7
9
9
7
5
0
-3
-6
-6
-5
-6
-8
-12
-12
-9
-5
-1
3
3
3
3
1
6
11
12
12
11
7
8
12
16
20
20
20
16
12
10
9
9
7
1
-1
0
0
0
-2
-5
-7
-9
-12
-13
-13
-11
-7
-9
-13
-16
-13
-10
-7
-7
-9
-11
-9
-6
-2
2
1
0
1
1
3
4
4
7
6
2
2
-1
1
5
6
3
0
1
3
5
5
0
-6
-11
-13
-15
-14
-9
-4
0
4
0
-1
-4
-5
-3
-5
-8
-8
-6
-2
1
0
-1
0
0
3
6
7
8
9
7
4
0
-4
-6
-7
-6
-5
-3
-2
1
3
4
2
1
-1
0
1
3
4
3
0
1
-2
-2
-1
2
6
11
15
17
15
12
10
6
2
-1
-4
-4
-2
0
1
1
1
1
0
-3
-1
-1
-1
-1
0
-3
-5
-5
-5
-3
0
2
3
4
4
3
2
4
4
4
4
2
2
1
-2
-1
-3
-4
-5
-7
-6
-3
-2
-1
-3
-2
-3
-5
-6
-7
-7
-7
-6
-4
-2
-1
0
0
3
3
4
6
5
6
4
2
2
1
1
1
1
2
3
2
3
2
3
2
-2
-3
-4
-7
-8
-8
-8
-7
-8
-8
-7
-4
-1
2
4
4
3
1
0
-1
-4
-5
-6
-5
-2
1
3
6
6
7
6
4
3
4
3
4
1
2
1
2
2
1
2
2
2
3
2
2
2
1
0
-4
-6
-8
-6
-3
-4
-5
-6
-6
-5
-1
-1
0
1
2
5
6
7
5
4
4
2
1
1
3
5
9
10
10
9
6
4
4
1
-3
-5
-7
-6
-3
-3
-3
-3
-5
-7
-7
-8
-8
-5
-5
-4
-5
-6
-5
-3
-1
-2
-3
-2
-2
2
5
5
5
2
1
2
3
4
6
5
4
2
-2
-3
-3
-4
-5
-6
-6
-7
-6
-4
-1
-2
-3
-7
-9
-6
-5
0
0
0
2
2
1
4
4
5
5
5
5
6
8
12
12
9
5
1
-2
1
2
4
5
4
3
1
1
2
0
-1
-1
-1
0
4
6
5
3
2
0
-2
1
4
7
7
5
4
3
2
1
1
-2
-4
-6
-6
-7
-6
-4
-3
-3
-3
-4
-4
-2
0
0
-1
-2
-3
-4
-3
-4
-6
-7
-8
-10
-9
-6
-4
-2
-1
-1
0
0
2
4
6
6
4
2
2
1
2
1
1
2
1
1
3
1
1
-3
-7
-10
-8
-10
-8
-8
-7
-7
-6
-5
-3
-2
-1
1
4
7
8
7
8
9
7
7
6
6
5
5
8
10
12
13
10
8
6
5
4
4
4
3
2
1
0
0
-2
-6
-9
-11
-12
-12
-11
-10
-8
-6
-5
-5
-4
-3
-3
-2
-4
-2
-1
1
5
6
8
12
13
14
13
11
10
8
6
3
0
-1
-5
-5
-4
-4
-2
-3
-5
-5
-8
-8
-10
-11
-13
-14
-14
-14
-14
-12
-11
-10
-8
-6
-4
-1
2
4
6
7
5
6
7
8
9
9
10
13
12
11
10
8
7
5
4
5
4
3
2
0
-4
-5
-6
-9
-9
-8
-9
-7
-6
-5
-4
-2
-2
-2
-2
-2
-1
-1
1
1
0
3
5
7
8
7
6
6
7
7
5
2
-2
-4
-4
-6
-7
-7
-8
-8
-8
-9
-9
-8
-7
-6
-3
0
3
5
5
5
6
6
6
6
6
8
12
14
13
12
10
9
8
6
5
3
4
4
2
-1
-4
-6
-10
-10
-12
-16
-15
-15
-16
-13
-12
-13
-13
-12
-12
-9
-7
-6
-2
1
2
4
6
8
11
13
14
15
15
17
18
14
14
14
11
8
4
-1
-2
-2
-4
-5
-8
-11
-9
-7
-7
-8
-8
-7
-7
-9
-11
-10
-8
-5
-2
-2
-2
1
5
7
7
5
8
9
11
13
12
8
10
10
7
3
2
1
0
2
-1
-5
-5
-4
-3
-6
-10
-13
-13
-14
-13
-14
-13
-11
-10
-8
-7
-6
-3
1
2
3
4
5
9
10
12
13
12
13
15
15
14
16
18
16
14
11
11
13
14
11
6
1
1
-1
-6
-10
-13
-14
-14
-14
-17
-15
-13
-9
-8
-9
-10
-7
-5
-2
-1
0
1
4
6
7
9
11
14
16
15
16
16
18
18
16
11
9
7
1
-1
-7
-9
-11
-13
-17
-20
-20
-21
-21
-21
-21
-21
-19
-17
-18
-17
-15
-13
-11
-10
-6
-5
-2
1
6
7
8
9
9
8
6
7
5
5
3
0
-2
-2
-1
-1
-1
-3
-3
-5
-6
-5
-5
-3
-1
-3
-4
-4
-3
-3
-3
-1
0
0
2
5
7
8
10
13
11
11
9
8
9
10
10
10
10
10
8
9
10
10
10
9
7
8
8
9
6
2
0
-1
-2
-1
-1
0
1
4
4
5
4
3
2
-1
-4
-6
-8
-8
-8
-7
-6
-3
-2
-1
-1
1
1
0
0
0
-1
-2
-1
-3
-3
-5
-7
-10
-9
-8
-7
-4
-2
-1
-2
-3
-4
-3
-6
-8
-11
-14
-15
-11
-8
-4
0
2
2
0
-3
-4
-4
-1
0
0
-1
-2
-2
-2
-2
0
1
1
0
-1
2
5
6
5
2
1
-3
-2
0
3
6
6
6
6
6
8
8
6
4
2
1
2
3
5
6
7
7
5
3
3
4
5
4
3
3
3
3
4
6
7
6
4
2
-1
-1
1
0
0
1
1
3
4
4
4
1
-4
-6
-6
-4
-2
2
3
5
6
5
4
3
1
0
-1
-2
-2
-2
-3
-3
-4
-5
-6
-5
-2
-3
-3
-4
-4
-4
-6
-6
-5
-3
-3
-1
-2
-1
-1
-1
0
-1
-3
-5
-5
-6
-4
-2
-3
-4
-6
-6
-7
-6
-6
-6
-4
-4
-4
-2
-2
-3
-2
-2
-5
-4
-3
-1
-1
0
-2
-2
-2
-2
-2
1
2
3
4
4
4
6
5
5
5
6
6
5
5
2
3
5
4
4
3
3
1
2
0
1
3
3
3
4
4
2
1
2
3
5
6
6
6
6
9
9
7
8
7
5
4
6
7
5
5
5
2
-1
-1
-2
-2
-3
-5
-4
-5
-4
-5
-7
-8
-10
-10
-8
-7
-3
-3
-3
-4
-6
-5
-4
-2
0
3
3
4
5
7
9
8
6
3
1
0
2
1
1
1
-2
-4
-5
-4
-4
-3
-5
-5
-9
-9
-9
-8
-6
-6
-7
-7
-7
-5
-2
2
3
2
0
-1
-1
1
3
5
5
4
3
1
0
-1
0
-1
-3
-4
-4
-3
0
2
2
0
-2
-3
-4
-3
0
1
2
2
3
4
6
9
10
10
7
5
2
1
1
1
1
1
2
2
3
2
2
1
-2
-4
-5
-5
-5
-5
-5
-3
-1
0
2
4
3
2
3
1
1
3
1
-1
0
-1
-1
0
-1
-1
1
0
2
4
6
6
6
5
4
2
2
1
-1
-3
-5
-6
-6
-3
1
4
6
7
5
3
2
0
-1
-4
-8
-11
-13
-11
-10
-8
-5
-3
-2
0
1
3
4
4
1
-1
-4
-6
-5
-4
-4
-4
-3
-4
-4
-2
1
2
3
4
2
1
-1
-1
0
-3
-6
-7
-7
-6
-3
1
3
4
5
5
7
7
7
7
6
5
4
3
3
4
4
4
2
2
3
3
4
6
7
5
4
2
2
2
1
1
0
0
-1
-1
0
0
-2
-3
-5
-5
-5
-3
-1
0
0
2
3
4
3
5
4
3
4
4
6
6
6
3
2
0
-2
-2
-3
-4
-2
-5
-4
-5
-4
-2
-1
-1
0
0
-1
-1
-1
-1
-2
-4
-5
-5
-6
-5
-5
-4
-5
-6
-6
-4
-5
-3
-2
-1
-1
2
2
4
5
4
4
4
4
5
6
7
5
4
4
2
1
0
-1
-3
-5
-5
-6
-7
-7
-8
-9
-10
-8
-8
-6
-4
-5
-4
-4
-4
-3
-2
-2
1
2
5
6
7
10
11
11
12
14
13
13
13
10
8
4
5
1
-2
-5
-5
-8
-9
-11
-11
-10
-11
-9
-8
-6
-4
-2
-1
0
2
2
1
2
4
6
8
9
12
13
13
13
14
13
11
7
6
2
0
-1
-2
-4
-5
-5
-6
-6
-5
-5
-4
-5
-5
-5
-8
-10
-11
-13
-11
-10
-10
-8
-9
-7
-7
-6
-3
-1
1
4
4
5
6
6
5
5
4
6
7
7
8
9
10
10
9
6
4
2
2
0
-2
-5
-6
-9
-9
-10
-9
-8
-7
-5
-5
-3
-2
-1
-1
-1
-2
-2
-1
1
2
0
2
1
2
1
2
5
6
7
8
8
8
6
5
4
3
1
-2
-2
-4
-3
-3
-2
-3
-2
-4
-3
-2
-2
-1
1
1
2
1
1
0
0
0
-1
-1
0
2
3
5
4
5
2
2
3
4
3
2
0
1
-1
-1
-1
-2
-1
-3
-4
-4
-3
-1
0
0
-1
0
-1
-1
-2
-2
-5
-6
-5
-5
-5
-4
-2
0
-1
0
0
1
1
2
1
2
1
1
2
2
3
1
0
-2
-3
-3
-2
0
1
1
0
-1
-3
-3
-3
-5
-5
-4
-4
-4
-4
-3
-2
0
2
3
5
7
8
8
7
6
6
7
6
6
6
5
4
2
4
3
5
5
4
4
2
-1
-2
-4
-6
-5
-5
-4
-5
-5
-5
-6
-5
-4
-5
-4
-2
-1
-1
0
2
1
1
1
2
4
4
4
4
3
3
5
5
4
4
5
4
2
-1
-3
-4
-5
-6
-5
-5
-4
-4
-5
-5
-7
-6
-5
-5
-5
-7
-6
-5
-6
-5
-7
-5
-2
0
2
2
3
5
5
6
6
6
7
7
7
6
6
6
7
7
8
7
7
7
5
4
2
1
0
-1
-2
-3
-4
-3
-2
-2
0
-1
0
0
-1
-2
-3
-4
-4
-5
-6
-6
-5
-3
-1
-1
-1
0
0
1
1
1
1
0
0
-2
-3
-5
-7
-8
-8
-8
-5
-3
1
2
4
3
0
0
0
-1
0
2
1
2
1
0
2
4
8
9
9
8
7
8
8
8
8
6
4
5
3
3
2
-2
-4
-6
-5
-6
-5
-2
-2
-1
0
-3
-3
-4
-6
-8
-10
-10
-11
-12
-9
-6
-3
1
3
3
3
2
2
2
2
4
1
0
3
5
5
6
4
3
1
1
1
1
2
3
3
3
1
0
0
0
0
-2
-5
-8
-10
-9
-7
-4
-1
3
4
5
3
1
2
0
-1
-2
-1
-1
0
2
3
1
1
2
2
2
1
0
0
-3
-2
-1
-1
0
0
1
2
2
1
0
0
0
2
2
3
3
3
4
5
4
2
2
2
2
0
0
1
1
4
5
5
4
4
4
3
2
4
4
2
2
1
-1
-3
-2
-1
2
3
3
1
0
-2
-2
-2
-4
-4
-4
-5
-3
-2
-2
-1
-3
-3
0
-2
-4
-4
-6
-7
-6
-7
-10
-8
-6
-6
-8
-8
-6
-7
-4
0
-1
-2
0
2
2
2
1
-1
-3
-4
-4
-4
-6
-5
-2
-1
-2
0
1
3
4
4
3
3
2
1
0
0
0
0
1
2
2
4
6
5
6
9
11
12
12
13
14
13
9
6
4
0
0
-3
-1
2
1
1
1
4
5
3
1
0
-5
-5
-4
-5
-5
-7
-9
-9
-6
-5
-3
1
4
7
8
4
1
2
2
1
1
0
0
-1
-2
-3
-3
-2
-1
0
-2
-3
2
6
6
2
-2
-1
14
29
24
-3
-10
7
9
-9
-20
-11
-10
-23
-24
-19
-18
-7
14
15
-7
-9
14
17
-9
-17
0
2
-12
-13
-13
-21
-8
19
19
-12
-19
9
23
9
3
8
4
-8
-7
-2
-3
5
17
8
-11
-3
20
22
12
10
8
2
6
9
0
-8
2
9
-3
-14
-5
4
5
9
11
1
-10
-1
7
-6
-11
0
0
-16
-18
-1
3
-2
0
0
-6
-10
0
2
-6
-5
2
2
-5
-1
4
-3
-8
-4
-2
-3
-2
1
-2
-1
1
-4
-9
-7
0
0
-2
-2
-1
0
4
7
5
4
14
21
18
7
-4
-6
-8
-14
-24
-27
-24
-18
-16
-15
-9
0
10
18
21
18
18
18
15
4
-1
5
7
2
-4
-1
12
22
27
28
24
21
24
29
25
16
7
-2
-6
-8
-6
1
5
3
-2
-1
0
0
1
-5
-14
-20
-22
-24
-29
-32
-33
-32
-33
-38
-40
-40
-41
-46
-50
-52
-60
-69
-72
-69
-67
-69
-69
-66
-65
-61
-54
-54
-57
-60
-56
-51
-50
-44
-36
-29
-18
-4
8
9
9
22
43
46
34
34
44
50
43
34
33
47
54
59
58
59
82
113
116
106
116
135
146
146
162
174
175
173
160
127
102
94
98
78
24
-6
22
128
252
311
304
346
449
516
488
433
401
328
214
105
29
-34
-63
-56
-62
-89
-64
23
79
60
35
46
39
-6
-91
-196
-292
-322
-299
-300
-370
-443
-421
-323
-227
-196
-182
-154
-138
-159
-187
-170
-124
-137
-204
-257
-267
-229
-171
-124
-126
-172
-200
-191
-188
-222
-268
-297
-311
-323
-328
-311
-280
-223
-153
-109
-101
-110
-104
-112
-157
-211
-253
-308
-388
-446
-443
-401
-379
-384
-391
-388
-360
-312
-266
-229
-204
-192
-180
-142
-71
-11
29
59
92
119
145
200
248
264
264
268
269
268
289
332
347
365
394
416
433
465
524
565
586
611
647
682
738
840
994
1133
1231
1327
1437
1531
1556
1533
1459
1341
1170
970
762
559
390
276
204
151
133
164
215
230
210
160
76
-54
-217
-386
-568
-749
-900
-1015
-1111
-1178
-1203
-1172
-1127
-1079
-1027
-973
-914
-872
-839
-806
-779
-773
-754
-709
-665
-628
-594
-553
-498
-444
-396
-373
-346
-298
-265
-251
-235
-202
-182
-189
-184
-161
-141
-121
-97
-66
-49
-40
-36
-55
-74
-95
-122
-172
-228
-261
-275
-298
-323
-333
-326
-314
-303
-275
-247
-232
-222
-205
-188
-203
-236
-252
-255
-259
-268
-259
-232
-203
-178
-155
-117
-73
-50
-42
-17
20
37
49
87
150
212
294
388
495
606
742
883
992
1091
1196
1274
1291
1291
1282
1251
1174
1091
1009
932
880
904
980
1111
1326
1611
1935
2229
2507
2713
2836
2866
2790
2567
2218
1808
1370
888
416
19
-321
-579
-792
-914
-988
-1046
-1075
-1132
-1222
-1357
-1533
-1705
-1877
-2059
-2209
-2312
-2341
-2349
-2268
-2101
-1902
-1678
-1429
-1122
-866
-653
-463
-353
-358
-446
-540
-669
-886
-1104
-1259
-1375
-1454
-1457
-1367
-1243
-1082
-866
-634
-436
-261
-77
54
118
166
199
221
229
238
276
295
313
323
308
273
203
129
52
-35
-135
-240
-321
-387
-460
-498
-499
-469
-450
-412
-341
-269
-193
-142
-98
-100
-121
-110
-85
-72
-62
-34
-5
9
69
166
258
309
342
400
470
584
670
758
814
854
925
999
1101
1188
1267
1378
1511
1608
1640
1623
1628
1617
1609
1579
1498
1376
1240
1183
1166
1159
1080
974
920
1050
1327
1646
1891
2054
2178
2227
2223
2142
2016
1785
1438
948
424
-50
-382
-607
-832
-1063
-1276
-1350
-1321
-1252
-1233
-1232
-1254
-1257
-1292
-1403
-1578
-1757
-1840
-1931
-2071
-2250
-2353
-2352
-2280
-2189
-2040
-1848
-1650
-1480
-1372
-1269
-1153
-1010
-912
-920
-1000
-1057
-1053
-994
-938
-902
-893
-883
-830
-753
-643
-517
-373
-260
-210
-207
-210
-187
-168
-207
-289
-360
-370
-316
-254
-215
-181
-103
-15
41
59
68
88
111
120
104
86
91
125
147
124
101
104
137
205
278
354
434
517
590
628
660
723
836
965
1043
1101
1152
1203
1273
1340
1369
1333
1273
1231
1179
1083
976
921
907
890
897
968
1126
1296
1388
1430
1476
1558
1604
1530
1356
1123
914
738
595
497
431
411
419
510
756
1224
1897
2564
2919
2815
2432
2112
1960
1721
1165
355
-394
-906
-1214
-1411
-1496
-1364
-1061
-768
-667
-709
-708
-610
-600
-878
-1350
-1794
-2124
-2425
-2781
-3119
-3306
-3256
-3030
-2852
-2778
-2648
-2295
-1781
-1385
-1196
-1120
-1071
-1036
-1054
-1067
-1065
-1073
-1125
-1275
-1474
-1554
-1400
-1159
-1039
-1033
-1015
-959
-874
-748
-566
-432
-392
-388
-426
-452
-398
-222
-34
12
-43
-68
25
173
284
332
344
377
441
497
561
660
791
877
866
829
836
898
968
997
971
917
887
889
891
919
967
987
973
948
969
1015
1043
1076
1151
1223
1276
1326
1337
1289
1205
1164
1126
1013
831
661
564
544
540
530
555
636
767
856
889
922
977
1044
1056
1012
958
899
831
727
618
545
540
589
601
551
532
611
793
1044
1239
1296
1270
1274
1321
1315
1179
936
649
361
103
-140
-369
-547
-632
-654
-717
-825
-874
-856
-873
-1013
-1243
-1510
-1809
-2110
-2408
-2720
-3027
-3233
-3322
-3314
-3255
-3144
-2938
-2657
-2337
-2016
-1755
-1546
-1367
-1264
-1232
-1257
-1262
-1259
-1298
-1351
-1367
-1297
-1180
-1026
-887
-799
-721
-618
-514
-466
-425
-364
-281
-233
-190
-63
144
395
610
758
864
969
1106
1208
1199
1115
977
802
608
457
351
278
234
221
263
307
390
550
750
911
950
884
811
807
849
854
801
779
844
974
1132
1295
1461
1624
1729
1760
1701
1569
1423
1223
933
596
331
185
111
96
109
187
347
611
942
1225
1405
1494
1534
1477
1368
1274
1180
1021
793
638
619
673
737
790
842
817
732
677
670
644
511
344
322
486
730
934
1074
1221
1397
1574
1637
1529
1297
1053
774
366
-140
-600
-873
-1100
-1411
-1782
-2091
-2285
-2429
-2585
-2799
-3040
-3278
-3451
-3573
-3707
-3839
-3877
-3777
-3595
-3455
-3335
-3137
-2817
-2448
-2145
-1911
-1702
-1457
-1223
-1065
-959
-858
-770
-737
-804
-897
-928
-890
-821
-770
-763
-757
-690
-559
-376
-206
-39
120
289
489
683
857
1007
1103
1168
1233
1282
1342
1390
1390
1329
1249
1198
1191
1180
1129
1035
914
814
746
725
713
679
605
571
605
733
923
1138
1364
1555
1721
1888
2049
2164
2202
2130
1997
1833
1661
1433
1152
885
655
477
313
190
91
25
32
109
203
247
334
505
711
867
991
1149
1301
1392
1394
1377
1352
1307
1219
1062
856
632
470
380
368
373
363
331
320
387
461
508
462
397
410
583
826
976
921
818
808
792
707
489
235
-47
-328
-704
-1190
-1659
-1966
-2166
-2500
-2970
-3392
-3542
-3509
-3485
-3606
-3783
-3869
-3804
-3686
-3629
-3600
-3538
-3394
-3274
-3204
-3114
-2897
-2626
-2385
-2161
-1927
-1679
-1424
-1177
-1029
-990
-904
-714
-582
-595
-661
-581
-372
-154
34
219
425
610
750
840
908
956
989
984
934
889
940
1063
1207
1347
1479
1628
1812
2038
2200
2264
2265
2207
2066
1881
1714
1598
1471
1317
1225
1209
1271
1409
1559
1688
1791
1894
1973
1951
1824
1673
1515
1291
1032
819
690
641
633
663
750
854
939
983
975
915
795
627
404
129
-127
-299
-374
-377
-279
-52
260
600
911
1144
1275
1320
1308
1213
981
680
445
248
54
-84
-98
-3
138
325
502
633
714
782
777
609
316
5
-249
-361
-326
-261
-274
-332
-272
-139
-30
-9
-48
-185
-471
-900
-1454
-2028
-2540
-2934
-3335
-3799
-4249
-4531
-4565
-4429
-4240
-4051
-3869
-3703
-3529
-3325
-3119
-2954
-2825
-2746
-2713
-2700
-2586
-2320
-1953
-1604
-1299
-986
-675
-342
-29
195
283
270
222
178
146
134
132
131
148
201
281
415
617
884
1113
1246
1404
1648
2008
2351
2624
2801
2931
3074
3207
3309
3301
3190
3019
2786
2489
2194
1953
1786
1626
1486
1411
1418
1512
1653
1805
1910
1953
1922
1825
1643
1438
1200
891
518
152
-84
-185
-158
-72
15
111
259
459
657
795
815
694
452
161
-132
-383
-600
-794
-954
-1052
-1024
-833
-521
-192
83
296
489
664
755
729
591
388
178
-7
-174
-307
-361
-318
-187
-3
197
334
407
406
348
209
-39
-312
-657
-1098
-1584
-1910
-1928
-1730
-1557
-1474
-1401
-1175
-796
-498
-381
-512
-748
-1019
-1393
-1913
-2475
-2881
-3054
-3194
-3403
-3524
-3417
-3036
-2601
-2243
-2001
-1829
-1661
-1498
-1467
-1615
-1822
-1943
-1960
-2040
-2137
-2066
-1753
-1318
-932
-641
-341
-22
283
517
628
683
757
814
791
744
803
1025
1283
1513
1720
1929
2170
2415
2610
2731
2800
2858
2899
2870
2809
2766
2811
2919
2991
3013
3022
3049
3090
3036
2840
2596
2355
2116
1805
1439
1134
976
892
835
767
740
788
812
739
554
347
158
-93
-453
-847
-1159
-1329
-1371
-1288
-1107
-910
-651
-324
-2
257
396
441
373
136
-225
-566
-848
-1115
-1391
-1589
-1626
-1548
-1387
-1129
-784
-452
-192
13
164
211
143
11
-151
-361
-599
-768
-838
-867
-856
-774
-619
-434
-294
-213
-181
-199
-301
-449
-642
-888
-1190
-1446
-1535
-1473
-1360
-1282
-1167
-976
-678
-369
-176
-146
-252
-366
-472
-662
-989
-1304
-1487
-1563
-1649
-1735
-1742
-1648
-1487
-1332
-1214
-1162
-1147
-1118
-1092
-1163
-1307
-1422
-1427
-1374
-1305
-1216
-1069
-827
-508
-134
218
557
885
1215
1514
1737
1915
2096
2191
2163
2062
1946
1883
1838
1802
1715
1599
1528
1554
1651
1762
1864
1999
2208
2434
2622
2759
2862
2917
2900
2801
2629
2376
2080
1765
1475
1227
990
813
723
722
773
857
938
948
862
735
561
300
-39
-430
-831
-1203
-1498
-1727
-1914
-2080
-2165
-2092
-1897
-1700
-1559
-1459
-1406
-1357
-1276
-1210
-1216
-1279
-1372
-1436
-1420
-1347
-1231
-1130
-1029
-890
-750
-606
-443
-228
-39
-3
-96
-211
-271
-292
-345
-442
-567
-664
-688
-640
-542
-437
-338
-246
-171
-133
-113
-132
-189
-254
-361
-503
-643
-645
-444
-203
-53
47
236
571
912
1119
1168
1114
1053
994
848
571
202
-72
-208
-367
-562
-715
-787
-779
-771
-826
-934
-1047
-1130
-1211
-1376
-1589
-1736
-1788
-1770
-1736
-1636
-1402
-1028
-546
-49
381
815
1273
1647
1900
1999
2013
1962
1819
1607
1336
1035
794
692
653
610
574
649
811
964
1101
1231
1313
1391
1490
1555
1541
1504
1561
1670
1761
1823
1864
1891
1938
1967
1953
1869
1721
1549
1323
1055
792
569
313
-18
-383
-696
-956
-1203
-1438
-1703
-1954
-2155
-2282
-2344
-2360
-2327
-2222
-2032
-1807
-1566
-1323
-1094
-906
-772
-672
-620
-643
-723
-800
-890
-998
-1102
-1157
-1142
-1111
-1020
-875
-707
-551
-413
-283
-198
-183
-223
-293
-399
-497
-555
-587
-585
-530
-394
-226
-50
177
424
622
728
766
753
708
636
535
385
238
292
519
750
929
1120
1415
1730
1967
2098
2116
2019
1875
1673
1350
893
440
183
-55
-416
-770
-987
-1040
-1038
-1080
-1149
-1240
-1248
-1131
-1077
-1131
-1180
-1127
-968
-864
-832
-775
-707
-590
-416
-285
-174
-51
71
160
90
6
43
101
109
5
-133
-207
-226
-179
-105
-122
-126
-44
86
199
249
408
709
1015
1277
1490
1728
2025
2266
2430
2483
2474
2477
2401
2161
1851
1567
1353
1130
797
506
282
158
113
-8
-225
-471
-664
-796
-1029
-1387
-1723
-2034
-2254
-2384
-2471
-2493
-2409
-2210
-1963
-1749
-1454
-989
-529
-264
-218
-202
-137
-91
-158
-316
-514
-681
-763
-762
-726
-687
-580
-396
-215
-173
-177
-119
-37
-57
-203
-362
-471
-472
-415
-391
-374
-287
-116
143
377
571
751
889
995
1057
1112
1186
1275
1304
1266
1221
1403
1774
2070
2199
2227
2306
2431
2436
2317
2100
1742
1383
967
481
7
-361
-540
-691
-934
-1109
-1158
-1083
-911
-826
-843
-951
-1063
-1136
-1302
-1556
-1762
-1912
-2035
-2157
-2254
-2193
-1995
-1713
-1421
-1203
-971
-640
-280
-3
101
133
166
113
-16
-171
-303
-405
-480
-514
-473
-384
-190
100
362
598
826
1070
1354
1554
1645
1692
1736
1837
1885
1816
1769
1781
1819
1812
1715
1608
1508
1413
1298
1111
897
751
675
598
443
176
-80
-305
-537
-846
-1246
-1611
-1919
-2198
-2455
-2636
-2640
-2466
-2204
-1898
-1556
-1176
-737
-306
22
193
220
180
79
-105
-323
-532
-656
-703
-743
-748
-708
-584
-415
-312
-285
-303
-295
-298
-377
-535
-708
-818
-835
-782
-729
-603
-368
-13
390
767
1116
1451
1750
1969
2134
2233
2298
2257
2111
1875
1651
1601
1659
1699
1610
1458
1400
1438
1430
1307
1046
762
525
254
-54
-396
-646
-723
-755
-826
-943
-1016
-924
-756
-651
-659
-762
-821
-854
-947
-1134
-1361
-1503
-1539
-1589
-1688
-1733
-1673
-1514
-1368
-1299
-1250
-1160
-995
-796
-672
-589
-469
-345
-229
-162
-97
10
123
244
355
437
559
706
861
1007
1105
1241
1383
1486
1523
1487
1473
1529
1592
1588
1541
1505
1520
1500
1408
1293
1226
1200
1134
983
806
677
601
527
361
149
-63
-267
-490
-801
-1182
-1543
-1829
-2045
-2249
-2436
-2486
-2371
-2122
-1823
-1535
-1225
-904
-618
-412
-301
-247
-245
-309
-437
-598
-717
-752
-733
-735
-777
-810
-774
-701
-622
-540
-480
-408
-320
-257
-231
-180
-82
45
124
162
216
341
538
745
942
1141
1344
1542
1758
1931
2035
2077
2079
2034
1910
1733
1600
1576
1549
1448
1289
1180
1166
1175
1080
865
620
427
309
137
-166
-540
-788
-861
-899
-993
-1023
-972
-856
-724
-627
-518
-451
-429
-476
-631
-881
-1094
-1228
-1358
-1601
-1863
-1975
-1979
-1907
-1803
-1687
-1527
-1308
-1062
-802
-613
-432
-225
-37
96
138
168
265
366
429
484
499
556
615
653
723
810
930
1077
1187
1241
1297
1411
1588
1679
1678
1664
1640
1600
1528
1412
1304
1201
1088
975
825
708
646
616
557
400
205
34
-169
-446
-770
-1116
-1458
-1797
-2110
-2352
-2482
-2503
-2445
-2332
-2138
-1887
-1592
-1250
-933
-666
-473
-371
-352
-395
-518
-677
-822
-976
-1119
-1207
-1198
-1117
-992
-798
-538
-239
80
378
613
795
925
999
1032
991
875
733
638
600
602
625
679
800
965
1160
1362
1547
1654
1722
1754
1695
1527
1309
1085
866
685
557
478
429
474
611
788
917
1020
1086
1096
1054
977
800
505
243
59
-61
-227
-395
-499
-528
-535
-488
-448
-487
-554
-618
-692
-876
-1065
-1235
-1423
-1633
-1782
-1843
-1838
-1795
-1657
-1458
-1295
-1130
-900
-632
-449
-350
-287
-245
-261
-265
-256
-237
-184
-113
-36
16
93
222
337
426
533
638
741
821
924
1059
1159
1224
1279
1313
1306
1302
1323
1318
1270
1205
1150
1091
1011
902
791
667
501
294
0
-352
-732
-1089
-1407
-1734
-2055
-2317
-2503
-2585
-2562
-2468
-2301
-2082
-1807
-1517
-1239
-973
-722
-512
-383
-347
-349
-364
-421
-481
-570
-622
-589
-484
-325
-158
28
275
550
815
1021
1123
1167
1155
1103
995
809
617
496
403
327
304
373
583
864
1138
1380
1576
1760
1907
1968
1909
1738
1526
1269
984
692
426
257
241
323
425
573
813
1141
1427
1578
1622
1607
1516
1354
1065
661
237
-91
-295
-503
-705
-806
-795
-722
-649
-634
-663
-738
-836
-946
-1175
-1473
-1711
-1888
-2059
-2247
-2348
-2264
-2054
-1784
-1521
-1323
-1134
-909
-659
-479
-432
-441
-467
-533
-626
-728
-791
-787
-755
-715
-699
-690
-567
-326
-75
149
379
668
973
1221
1470
1744
1988
2170
2246
2259
2275
2299
2306
2223
2035
1844
1675
1489
1249
915
566
233
-126
-513
-952
-1413
-1808
-2138
-2437
-2717
-2924
-2981
-2927
-2831
-2702
-2468
-2077
-1617
-1193
-844
-543
-227
94
323
438
491
518
515
449
334
247
199
181
178
157
110
92
155
273
360
398
396
392
383
344
301
262
244
266
321
401
512
682
922
1187
1426
1637
1818
1937
1970
1914
1788
1562
1223
865
554
292
30
-176
-205
-66
121
294
510
796
1100
1355
1525
1556
1472
1320
1131
869
525
184
-82
-301
-515
-689
-801
-847
-853
-820
-792
-821
-878
-928
-993
-1120
-1292
-1446
-1562
-1643
-1719
-1780
-1816
-1809
-1757
-1694
-1621
-1520
-1370
-1223
-1095
-976
-827
-679
-589
-514
-456
-411
-381
-317
-225
-140
-33
129
349
621
916
1218
1527
1786
1983
2124
2205
2215
2169
2101
1994
1835
1647
1467
1282
1078
854
591
282
-61
-415
-792
-1184
-1540
-1856
-2168
-2444
-2616
-2653
-2572
-2427
-2239
-2016
-1751
-1428
-1080
-772
-531
-324
-115
61
142
151
151
166
155
82
-28
-112
-157
-188
-228
-260
-238
-157
-34
104
233
369
493
588
653
680
679
661
653
647
651
690
769
902
1093
1298
1493
1691
1866
1998
2058
2051
1976
1805
1557
1242
883
544
268
28
-196
-342
-321
-154
63
317
606
945
1275
1529
1695
1713
1601
1444
1240
934
525
118
-199
-450
-665
-817
-926
-957
-939
-913
-907
-969
-1035
-1109
-1247
-1445
-1658
-1827
-1945
-2064
-2146
-2154
-2108
-1994
-1819
-1595
-1356
-1109
-857
-629
-456
-330
-257
-220
-226
-289
-379
-461
-504
-484
-412
-327
-201
-10
235
491
714
906
1076
1224
1329
1379
1401
1402
1368
1309
1252
1226
1217
1193
1144
1073
940
741
491
179
-189
-610
-1043
-1470
-1884
-2224
-2441
-2524
-2523
-2476
-2338
-2104
-1803
-1462
-1129
-825
-539
-274
-59
64
101
116
134
127
83
36
7
17
48
94
154
231
337
430
492
523
548
566
555
508
467
435
432
495
609
740
893
1071
1309
1550
1753
1935
2043
2098
2101
2057
1968
1787
1556
1309
1034
767
526
326
181
87
82
126
182
277
452
702
953
1151
1290
1407
1507
1543
1483
1338
1141
925
663
334
-43
-402
-689
-896
-1077
-1253
-1396
-1448
-1395
-1317
-1255
-1237
-1231
-1236
-1287
-1376
-1498
-1633
-1736
-1837
-1932
-1993
-1974
-1837
-1665
-1519
-1397
-1283
-1151
-1017
-947
-957
-1017
-1063
-1075
-1070
-1030
-923
-754
-535
-283
-13
268
525
766
956
1059
1075
1054
1042
1020
975
943
959
999
1060
1132
1223
1323
1371
1324
1168
894
568
218
-175
-633
-1146
-1615
-1971
-2189
-2278
-2272
-2186
-1997
-1734
-1413
-1065
-722
-394
-148
-17
33
26
2
-42
-128
-235
-335
-384
-342
-246
-123
31
226
465
695
887
1047
1146
1193
1190
1139
1051
924
808
766
774
834
949
1081
1259
1473
1707
1949
2117
2187
2167
2060
1930
1762
1528
1249
953
721
568
459
407
389
371
410
476
562
625
629
642
671
716
769
769
748
752
753
767
736
659
578
464
304
103
-145
-343
-490
-631
-745
-907
-1055
-1148
-1223
-1255
-1311
-1442
-1569
-1709
-1849
-1988
-2170
-2308
-2390
-2462
-2463
-2449
-2400
-2272
-2159
-2042
-1964
-1932
-1886
-1867
-1864
-1806
-1730
-1602
-1434
-1270
-1041
-778
-492
-172
103
336
538
661
776
854
904
967
1008
1072
1169
1263
1412
1595
1783
1977
2069
2086
2027
1853
1565
1117
562
-19
-617
-1160
-1601
-1948
-2149
-2213
-2116
-1881
-1572
-1173
-738
-337
-23
176
279
287
206
78
-86
-254
-364
-395
-327
-161
112
480
883
1259
1580
1819
1956
1990
1894
1673
1357
980
622
325
122
37
69
226
495
842
1227
1598
1911
2163
2329
2370
2284
2110
1883
1610
1335
1095
892
741
648
621
662
712
753
768
739
666
533
336
72
-225
-504
-731
-841
-823
-716
-538
-300
4
365
686
923
1048
1050
961
768
471
92
-340
-742
-1112
-1472
-1778
-2016
-2162
-2254
-2336
-2387
-2424
-2455
-2467
-2486
-2521
-2549
-2555
-2517
-2495
-2513
-2521
-2516
-2493
-2468
-2448
-2412
-2352
-2241
-2060
-1838
-1583
-1279
-926
-556
-214
105
416
707
948
1126
1242
1324
1411
1526
1654
1740
1821
1930
2067
2215
2332
2417
2469
2468
2409
2276
2055
1770
1428
1027
563
73
-384
-772
-1096
-1369
-1569
-1675
-1688
-1628
-1509
-1360
-1188
-986
-771
-595
-469
-376
-304
-229
-165
-83
42
202
399
635
904
1200
1488
1739
1923
2010
2025
1971
1829
1597
1283
944
629
370
187
75
56
145
334
590
875
1175
1462
1679
1798
1832
1767
1610
1392
1133
850
545
269
66
-96
-201
-269
-342
-399
-419
-395
-382
-438
-531
-626
-701
-753
-813
-860
-841
-697
-414
-91
221
524
836
1125
1292
1304
1196
983
713
350
-129
-676
-1203
-1582
-1868
-2141
-2370
-2500
-2496
-2401
-2303
-2224
-2149
-2027
-1872
-1781
-1788
-1842
-1870
-1902
-1985
-2124
-2249
-2308
-2277
-2203
-2104
-1962
-1744
-1422
-1050
-677
-329
22
369
685
930
1097
1205
1279
1350
1423
1484
1531
1594
1686
1790
1868
1954
2049
2145
2216
2225
2198
2138
2019
1843
1602
1300
956
575
192
-186
-522
-818
-1075
-1271
-1383
-1391
-1328
-1215
-1058
-876
-709
-542
-373
-236
-129
-56
-14
15
41
94
196
330
491
686
910
1151
1387
1588
1729
1782
1740
1628
1469
1259
978
682
425
202
35
-50
-44
56
203
382
604
818
977
1071
1103
1068
947
754
529
287
47
-166
-350
-487
-597
-653
-626
-570
-494
-412
-368
-348
-346
-376
-451
-579
-714
-831
-933
-953
-853
-643
-345
-19
306
661
1015
1297
1440
1403
1214
916
512
10
-545
-1091
-1564
-1951
-2245
-2432
-2508
-2464
-2298
-2046
-1789
-1594
-1445
-1316
-1259
-1305
-1404
-1543
-1754
-1984
-2157
-2251
-2261
-2180
-2014
-1774
-1489
-1132
-699
-268
124
494
815
1042
1189
1295
1382
1441
1489
1535
1555
1589
1677
1789
1878
1935
1990
2052
2076
2058
2023
1962
1851
1693
1494
1251
1003
782
569
322
64
-158
-325
-458
-578
-653
-662
-629
-589
-558
-542
-513
-451
-374
-339
-364
-402
-408
-373
-295
-190
-80
42
181
351
542
714
863
986
1023
973
890
782
640
452
242
28
-161
-273
-304
-291
-257
-204
-115
-4
119
267
399
467
475
444
399
335
262
193
113
39
-22
-74
-114
-164
-216
-263
-330
-401
-481
-576
-682
-795
-888
-961
-1019
-1033
-1000
-905
-683
-328
111
537
906
1269
1636
1938
2097
2075
1880
1563
1155
672
111
-487
-1005
-1393
-1673
-1853
-1928
-1876
-1710
-1483
-1248
-1071
-972
-922
-913
-985
-1132
-1304
-1463
-1601
-1729
-1821
-1837
-1757
-1605
-1422
-1219
-986
-703
-406
-164
16
142
263
420
592
758
923
1087
1278
1489
1667
1791
1844
1838
1790
1684
1517
1331
1135
948
799
695
669
702
769
850
907
928
919
854
737
585
398
175
-75
-321
-528
-711
-850
-923
-941
-922
-896
-840
-767
-691
-616
-556
-492
-435
-389
-314
-222
-130
-15
105
221
355
514
677
793
848
873
845
741
594
426
222
0
-195
-363
-510
-628
-674
-624
-535
-411
-226
-34
151
312
429
513
551
548
532
472
374
281
191
117
70
47
39
24
11
9
16
1
-65
-153
-274
-388
-424
-369
-202
28
263
523
816
1145
1441
1623
1668
1569
1360
1084
735
322
-111
-497
-790
-1014
-1164
-1211
-1184
-1117
-1030
-931
-845
-825
-873
-995
-1212
-1466
-1720
-1937
-2124
-2326
-2465
-2493
-2418
-2223
-1958
-1662
-1333
-988
-635
-305
0
315
631
900
1071
1173
1286
1429
1570
1648
1627
1547
1460
1398
1321
1189
1017
840
703
609
559
580
683
839
996
1127
1229
1326
1409
1434
1369
1199
957
678
375
59
-234
-494
-729
-918
-1056
-1137
-1155
-1114
-1043
-967
-909
-863
-808
-756
-688
-593
-499
-410
-311
-177
-4
185
375
532
645
721
745
714
617
458
269
60
-174
-409
-607
-749
-833
-890
-913
-864
-750
-583
-396
-207
-21
136
279
429
537
593
615
621
626
584
520
471
399
320
220
102
-8
-130
-229
-304
-366
-392
-393
-336
-156
96
385
672
948
1259
1549
1771
1931
1982
1952
1860
1678
1434
1094
749
501
257
-10
-298
-580
-781
-957
-1129
-1279
-1468
-1639
-1799
-1965
-2102
-2253
-2351
-2378
-2422
-2432
-2392
-2278
-2075
-1842
-1586
-1320
-1040
-724
-417
-136
124
359
569
738
882
1015
1117
1181
1213
1204
1147
1062
987
911
827
735
660
624
596
614
728
888
1056
1224
1389
1549
1652
1702
1682
1559
1358
1071
704
292
-137
-528
-864
-1172
-1417
-1585
-1670
-1676
-1633
-1548
-1450
-1352
-1233
-1143
-1085
-1011
-904
-752
-587
-411
-198
49
328
613
855
1042
1154
1194
1157
1000
762
479
159
-171
-496
-780
-998
-1154
-1216
-1194
-1108
-955
-746
-502
-260
-52
135
310
459
567
628
673
733
800
844
868
890
915
917
877
797
688
550
402
252
104
-19
-88
-61
66
243
457
716
1013
1338
1643
1889
2079
2184
2215
2175
2030
1808
1536
1252
961
622
287
-17
-296
-549
-807
-1056
-1286
-1521
-1727
-1904
-2090
-2279
-2472
-2636
-2750
-2835
-2857
-2802
-2676
-2502
-2320
-2094
-1810
-1500
-1162
-838
-537
-238
18
248
439
568
676
755
794
806
766
705
637
556
500
465
439
448
477
531
607
689
817
973
1113
1228
1299
1346
1392
1399
1355
1251
1084
874
606
306
13
-287
-579
-854
-1117
-1325
-1464
-1510
-1472
-1415
-1344
-1247
-1118
-944
-746
-553
-359
-188
-35
97
187
272
361
438
495
504
480
452
411
364
315
255
192
108
15
-82
-205
-310
-371
-397
-412
-442
-451
-423
-360
-262
-155
-49
52
140
241
344
441
527
590
645
688
702
691
669
670
691
703
693
655
628
672
804
995
1175
1307
1422
1550
1689
1818
1907
1956
1963
1928
1846
1713
1553
1410
1273
1093
831
519
223
-30
-268
-522
-805
-1123
-1449
-1751
-2009
-2244
-2457
-2638
-2804
-2967
-3094
-3123
-3025
-2843
-2647
-2468
-2285
-2053
-1744
-1405
-1100
-850
-634
-431
-263
-134
-16
94
165
189
173
154
146
157
188
219
241
289
394
531
662
760
847
943
1045
1135
1172
1155
1130
1107
1074
1002
900
791
667
510
341
186
56
-62
-196
-349
-512
-654
-754
-833
-903
-957
-991
-982
-929
-832
-700
-536
-370
-224
-111
-12
94
194
277
337
366
385
410
441
458
460
473
513
548
535
479
416
362
289
193
88
-28
-154
-270
-348
-364
-319
-229
-110
-1
111
248
429
633
813
942
1012
1036
1052
1068
1083
1097
1120
1116
1049
967
948
1042
1172
1250
1263
1252
1285
1351
1402
1415
1375
1326
1274
1182
1038
862
728
647
556
403
196
-6
-167
-316
-500
-746
-1035
-1330
-1602
-1863
-2124
-2371
-2567
-2724
-2865
-2974
-3017
-2967
-2844
-2698
-2562
-2430
-2269
-2060
-1834
-1628
-1462
-1319
-1190
-1076
-956
-824
-682
-549
-433
-344
-247
-118
46
210
333
427
532
661
820
980
1088
1175
1237
1301
1374
1427
1464
1481
1452
1400
1356
1331
1317
1260
1153
1017
863
701
533
327
87
-169
-419
-635
-813
-944
-998
-981
-930
-861
-763
-615
-425
-226
-72
22
77
113
169
229
267
297
332
389
491
612
736
853
904
893
856
771
648
477
242
1
-236
-453
-638
-777
-835
-807
-703
-534
-317
-66
185
419
658
879
1051
1172
1227
1211
1154
1087
1044
995
934
872
807
754
733
782
873
924
903
855
825
823
800
752
673
564
490
462
429
375
346
346
354
349
307
251
178
60
-118
-355
-636
-913
-1181
-1468
-1754
-2021
-2225
-2357
-2434
-2450
-2413
-2359
-2276
-2154
-2022
-1917
-1835
-1767
-1740
-1739
-1745
-1749
-1740
-1732
-1708
-1641
-1533
-1371
-1174
-970
-747
-534
-305
-35
241
514
770
1014
1236
1411
1573
1729
1847
1932
1954
1917
1859
1787
1720
1640
1538
1454
1376
1278
1153
1027
900
733
535
313
57
-197
-415
-601
-774
-917
-975
-944
-867
-764
-619
-435
-229
-43
106
226
303
351
378
371
344
326
334
371
408
448
511
586
652
682
666
601
478
293
95
-100
-303
-500
-675
-798
-841
-785
-640
-455
-248
1
253
481
681
840
963
1039
1070
1063
1020
982
962
929
875
797
717
642
566
494
437
406
398
377
338
331
346
357
353
335
332
352
376
397
375
331
330
355
347
257
141
50
-38
-143
-267
-431
-618
-816
-1037
-1281
-1549
-1787
-1971
-2147
-2324
-2463
-2534
-2531
-2497
-2450
-2382
-2289
-2169
-2051
-1955
-1861
-1755
-1647
-1548
-1467
-1388
-1276
-1114
-915
-713
-518
-290
-12
295
601
884
1158
1406
1614
1783
1899
1972
2010
2000
1947
1856
1757
1696
1670
1672
1685
1687
1677
1656
1586
1469
1292
1057
785
476
150
-177
-492
-734
-911
-1022
-1061
-1043
-952
-808
-624
-407
-185
11
163
247
280
277
252
223
181
152
150
168
211
279
362
463
537
573
568
503
401
276
120
-67
-272
-465
-610
-718
-765
-724
-613
-443
-246
-43
154
314
449
547
566
546
496
416
331
242
178
139
101
92
97
97
124
162
236
322
396
478
526
572
643
697
736
747
735
751
746
724
701
674
668
669
637
571
483
390
311
203
55
-136
-367
-591
-815
-1054
-1296
-1553
-1785
-1973
-2158
-2320
-2439
-2504
-2515
-2509
-2491
-2450
-2394
-2327
-2266
-2212
-2160
-2106
-2028
-1932
-1812
-1648
-1433
-1159
-842
-493
-127
244
618
985
1325
1617
1842
2014
2126
2188
2219
2201
2159
2098
2042
1996
1958
1925
1903
1891
1872
1822
1713
1548
1342
1094
796
450
86
-261
-570
-808
-966
-1046
-1036
-936
-767
-573
-369
-168
12
145
210
211
163
89
16
-46
-96
-114
-91
-28
69
186
314
445
556
627
644
591
467
296
86
-159
-411
-646
-840
-972
-1036
-1029
-940
-784
-582
-353
-124
88
259
366
399
374
288
163
29
-91
-168
-196
-179
-118
-13
108
243
386
526
641
717
774
797
804
807
806
814
828
854
903
969
1044
1115
1153
1154
1124
1065
967
824
655
456
232
0
-224
-438
-651
-849
-1024
-1198
-1387
-1567
-1733
-1899
-2068
-2230
-2364
-2474
-2563
-2605
-2605
-2585
-2543
-2486
-2422
-2348
-2260
-2145
-2021
-1884
-1702
-1467
-1180
-850
-470
-88
266
605
935
1225
1449
1630
1778
1883
1938
1971
2001
2012
2024
2051
2076
2094
2131
2197
2249
2244
2183
2053
1839
1552
1225
869
484
86
-277
-591
-842
-990
-1017
-957
-845
-682
-485
-285
-106
43
140
177
147
57
-67
-202
-311
-376
-388
-350
-272
-157
-5
168
321
434
483
456
367
214
4
-247
-510
-769
-1021
-1230
-1375
-1434
-1384
-1250
-1051
-801
-530
-252
-8
172
276
306
282
215
122
31
-26
-29
28
137
283
461
679
913
1109
1242
1307
1305
1263
1197
1113
1018
919
848
828
842
869
921
1009
1111
1189
1209
1149
1024
876
706
495
238
-40
-281
-465
-617
-735
-827
-887
-925
-975
-1056
-1176
-1317
-1453
-1610
-1800
-2012
-2214
-2367
-2480
-2573
-2638
-2652
-2593
-2468
-2315
-2155
-1984
-1800
-1597
-1383
-1176
-961
-720
-442
-145
129
374
616
871
1116
1320
1469
1573
1659
1738
1801
1857
1911
1970
2032
2088
2128
2144
2146
2133
2061
1897
1643
1331
1007
680
331
-35
-380
-658
-834
-915
-918
-844
-719
-554
-367
-185
-35
47
75
57
-21
-136
-241
-308
-334
-343
-327
-261
-142
24
208
370
478
507
463
352
164
-91
-384
-696
-979
-1217
-1397
-1484
-1463
-1326
-1098
-836
-568
-307
-38
218
389
452
413
326
256
202
154
125
127
203
365
559
747
908
1041
1136
1153
1090
968
813
686
583
479
414
438
591
830
1047
1210
1342
1486
1624
1654
1547
1326
1051
804
567
299
26
-214
-383
-491
-597
-683
-723
-749
-801
-920
-1117
-1351
-1582
-1797
-2046
-2352
-2641
-2835
-2907
-2899
-2865
-2775
-2617
-2413
-2191
-1984
-1788
-1593
-1400
-1206
-1041
-903
-722
-476
-200
56
289
521
756
996
1230
1402
1500
1554
1598
1655
1702
1739
1790
1864
1923
1969
2030
2094
2122
2089
1972
1751
1451
1127
801
466
106
-252
-547
-751
-852
-852
-781
-669
-545
-397
-221
-62
56
111
102
56
-19
-101
-150
-165
-153
-119
-65
13
122
250
353
380
312
179
6
-204
-444
-697
-944
-1167
-1342
-1438
-1432
-1339
-1185
-977
-736
-502
-271
-43
179
364
458
466
418
357
316
280
266
280
308
366
469
606
731
799
816
783
689
572
474
427
430
443
481
585
783
1054
1308
1505
1642
1729
1788
1768
1630
1422
1192
969
735
499
294
124
-8
-106
-200
-304
-431
-577
-714
-881
-1112
-1378
-1650
-1891
-2145
-2414
-2631
-2780
-2854
-2857
-2811
-2681
-2505
-2331
-2169
-2045
-1935
-1824
-1727
-1632
-1532
-1414
-1233
-999
-726
-427
-123
199
523
832
1111
1342
1528
1665
1746
1779
1777
1789
1838
1903
1977
2049
2147
2269
2334
2301
2180
1984
1723
1392
1025
647
279
-49
-328
-558
-704
-757
-719
-614
-484
-338
-184
-29
102
157
128
39
-75
-180
-274
-357
-403
-398
-343
-275
-203
-114
-24
19
-27
-158
-343
-541
-730
-915
-1082
-1194
-1235
-1198
-1093
-931
-713
-452
-187
57
242
372
463
489
447
336
205
130
100
103
117
124
181
285
395
485
530
552
543
474
364
257
208
260
371
488
621
804
1073
1386
1652
1857
2007
2107
2141
2054
1840
1555
1277
1042
805
547
310
148
47
-45
-168
-300
-429
-569
-732
-976
-1268
-1551
-1808
-2044
-2287
-2506
-2644
-2683
-2648
-2594
-2545
-2470
-2359
-2231
-2136
-2086
-2042
-1987
-1934
-1868
-1766
-1602
-1365
-1082
-769
-458
-146
188
512
795
1018
1193
1339
1461
1543
1586
1607
1642
1710
1784
1841
1892
1956
2013
2023
1987
1916
1798
1624
1390
1112
824
555
311
88
-103
-240
-290
-275
-225
-165
-106
-34
13
19
-11
-80
-173
-284
-407
-515
-579
-581
-527
-438
-324
-210
-105
-23
2
-43
-154
-295
-445
-604
-765
-918
-1026
-1056
-1005
-892
-737
-552
-331
-121
42
164
237
279
290
262
205
151
130
159
217
281
361
458
567
667
728
740
705
633
513
349
180
75
86
202
362
528
741
1013
1305
1568
1782
1945
2034
2033
1935
1727
1455
1205
1011
838
647
473
351
262
164
34
-132
-339
-581
-853
-1164
-1496
-1826
-2131
-2390
-2606
-2772
-2847
-2819
-2724
-2609
-2506
-2408
-2313
-2222
-2141
-2072
-2016
-1960
-1889
-1794
-1664
-1487
-1244
-945
-627
-317
-9
291
564
790
976
1137
1266
1379
1485
1583
1684
1776
1853
1912
1939
1956
1976
2004
1994
1920
1811
1682
1530
1355
1159
938
707
485
270
54
-153
-315
-420
-491
-556
-614
-650
-659
-651
-647
-636
-592
-509
-410
-302
-178
-45
89
226
338
377
343
263
148
-25
-258
-500
-708
-873
-989
-1059
-1073
-1033
-953
-825
-675
-525
-377
-243
-137
-69
-23
33
100
172
242
332
465
623
776
915
1043
1139
1190
1195
1123
963
754
524
281
22
-228
-395
-417
-313
-137
71
349
705
1072
1397
1647
1824
1929
1942
1869
1690
1445
1226
1066
932
781
611
484
407
340
247
91
-110
-338
-594
-884
-1217
-1555
-1853
-2129
-2380
-2594
-2748
-2791
-2760
-2704
-2631
-2546
-2444
-2344
-2253
-2156
-2088
-2057
-2010
-1941
-1847
-1721
-1542
-1276
-971
-657
-338
-23
299
608
871
1078
1214
1306
1396
1469
1519
1575
1663
1776
1859
1916
2008
2118
2183
2174
2095
1980
1823
1635
1444
1214
929
643
407
208
8
-183
-311
-403
-498
-574
-627
-659
-690
-729
-765
-773
-729
-639
-539
-435
-325
-206
-72
45
116
146
155
134
74
-21
-130
-264
-420
-551
-635
-682
-706
-709
-674
-601
-516
-427
-331
-222
-109
-15
79
196
316
431
555
693
833
948
1045
1114
1131
1126
1096
1023
894
713
527
345
145
-40
-198
-284
-270
-206
-103
29
198
419
631
807
968
1112
1254
1344
1343
1282
1179
1090
1018
911
773
625
485
365
227
72
-93
-298
-519
-748
-975
-1177
-1379
-1590
-1809
-2031
-2206
-2319
-2389
-2425
-2460
-2481
-2472
-2433
-2370
-2308
-2254
-2180
-2086
-1967
-1824
-1682
-1514
-1295
-1033
-749
-478
-209
79
367
653
907
1128
1335
1521
1684
1826
1942
2043
2121
2148
2126
2086
2051
1994
1897
1775
1639
1495
1349
1197
1039
868
691
511
318
121
-66
-247
-422
-594
-745
-848
-884
-870
-843
-783
-679
-523
-351
-192
-45
79
171
226
251
251
222
173
100
2
-101
-193
-265
-332
-411
-483
-535
-567
-589
-604
-601
-587
-560
-526
-486
-427
-349
-240
-89
79
229
366
507
657
782
869
929
952
931
861
758
630
478
321
166
2
-148
-260
-299
-243
-134
5
161
335
528
712
872
998
1077
1142
1193
1203
1163
1100
1078
1095
1093
1064
1020
971
926
860
744
565
332
82
-178
-469
-800
-1135
-1431
-1699
-1970
-2226
-2426
-2544
-2589
-2604
-2620
-2616
-2582
-2510
-2421
-2362
-2323
-2272
-2186
-2073
-1973
-1856
-1662
-1391
-1082
-747
-396
-29
344
701
1011
1250
1426
1560
1666
1738
1757
1756
1760
1760
1747
1719
1697
1693
1682
1653
1605
1539
1449
1335
1198
1038
852
638
415
187
-55
-289
-485
-646
-773
-848
-863
-827
-754
-651
-537
-415
-288
-169
-50
47
111
164
213
255
286
295
287
270
243
196
131
45
-60
-179
-313
-436
-543
-630
-681
-701
-697
-680
-635
-549
-430
-293
-131
42
191
324
456
582
708
809
889
928
922
901
870
830
760
678
586
473
354
228
121
66
63
86
122
179
265
385
525
657
774
851
900
932
932
906
864
830
786
708
620
531
462
398
316
196
36
-141
-317
-502
-699
-903
-1091
-1279
-1484
-1690
-1890
-2053
-2171
-2267
-2351
-2431
-2489
-2512
-2507
-2490
-2458
-2396
-2316
-2208
-2086
-1943
-1758
-1534
-1272
-1015
-749
-454
-141
198
530
846
1134
1381
1601
1786
1934
2057
2154
2210
2204
2159
2098
2015
1913
1802
1678
1561
1452
1339
1206
1056
897
729
557
359
148
-68
-274
-454
-614
-735
-813
-837
-803
-737
-638
-514
-374
-227
-104
-7
67
113
162
193
198
186
162
130
96
55
8
-44
-103
-162
-235
-316
-393
-462
-498
-511
-532
-550
-549
-517
-441
-341
-217
-74
78
250
414
549
658
745
830
895
910
895
847
797
741
665
573
437
293
176
89
67
89
133
203
265
347
472
584
683
761
796
825
820
776
724
658
626
608
555
498
443
412
404
365
288
160
-17
-186
-375
-593
-817
-1055
-1260
-1457
-1663
-1835
-1997
-2116
-2187
-2279
-2366
-2447
-2506
-2487
-2466
-2461
-2440
-2409
-2322
-2219
-2106
-1931
-1715
-1444
-1124
-803
-463
-114
251
622
948
1245
1495
1701
1891
2027
2140
2250
2304
2303
2246
2166
2124
2073
1998
1894
1742
1599
1453
1287
1101
870
626
392
143
-111
-376
-597
-756
-876
-949
-988
-981
-902
-797
-654
-492
-332
-143
10
111
190
238
313
390
414
416
406
407
408
369
286
179
75
-22
-149
-294
-455
-575
-625
-656
-685
-719
-722
-657
-583
-505
-387
-251
-88
66
195
333
474
633
799
907
962
989
991
987
940
857
771
659
514
338
189
120
108
123
131
126
184
284
407
523
577
616
630
606
541
427
344
325
313
267
164
73
62
104
137
106
6
-112
-221
-347
-501
-683
-864
-1026
-1207
-1399
-1572
-1693
-1728
-1744
-1785
-1845
-1912
-1934
-1927
-1924
-1960
-2010
-2030
-2039
-2039
-2011
-1936
-1777
-1566
-1342
-1087
-793
-453
-74
301
636
918
1174
1426
1645
1800
1931
2055
2140
2151
2110
2083
2087
2084
2040
1943
1831
1703
1543
1360
1126
864
600
338
78
-199
-455
-644
-766
-839
-903
-915
-831
-680
-514
-365
-211
-44
115
246
344
412
465
514
557
565
516
475
452
403
317
195
64
-44
-169
-326
-485
-647
-793
-887
-930
-947
-953
-927
-846
-732
-607
-469
-291
-97
75
239
412
581
755
918
1056
1169
1221
1212
1170
1088
963
806
597
355
103
-113
-220
-242
-222
-176
-112
25
208
369
505
574
587
574
507
383
217
81
36
40
41
26
16
90
222
323
351
277
148
15
-169
-402
-652
-893
-1097
-1303
-1498
-1643
-1715
-1692
-1636
-1586
-1550
-1543
-1516
-1485
-1513
-1597
-1717
-1818
-1902
-2009
-2078
-2042
-1897
-1671
-1414
-1119
-767
-357
87
490
819
1087
1307
1497
1609
1635
1661
1715
1778
1812
1819
1858
1931
2006
2054
2046
1988
1877
1730
1551
1307
1012
689
370
85
-191
-435
-601
-705
-751
-754
-715
-609
-456
-301
-174
-75
35
130
182
194
171
161
176
191
194
166
145
143
135
107
46
-26
-91
-170
-281
-430
-581
-693
-759
-790
-799
-787
-740
-654
-530
-391
-241
-74
97
254
384
515
638
734
816
869
889
895
885
856
788
679
550
417
272
113
-42
-162
-197
-173
-135
-89
-35
62
189
298
377
396
388
378
319
229
121
43
39
49
68
99
127
188
243
252
224
140
23
-121
-306
-506
-706
-886
-1025
-1163
-1303
-1398
-1438
-1421
-1419
-1464
-1505
-1545
-1578
-1620
-1709
-1802
-1880
-1937
-1950
-1934
-1864
-1709
-1483
-1194
-874
-539
-183
180
532
858
1122
1318
1463
1555
1606
1633
1649
1676
1702
1719
1741
1781
1847
1908
1933
1910
1829
1697
1508
1272
1009
733
469
213
-29
-249
-436
-572
-662
-705
-698
-658
-607
-544
-459
-363
-261
-161
-79
-22
-4
-11
-24
-15
12
30
53
83
123
152
140
103
55
-6
-76
-168
-278
-396
-507
-577
-620
-661
-687
-676
-620
-533
-423
-298
-159
-22
108
247
383
493
583
668
748
786
788
774
740
681
585
476
348
192
34
-116
-256
-364
-420
-415
-363
-275
-142
29
218
388
511
584
629
641
607
538
449
365
300
255
223
189
164
169
185
186
144
69
-27
-148
-294
-472
-664
-848
-1026
-1178
-1302
-1400
-1461
-1482
-1495
-1513
-1537
-1571
-1621
-1679
-1733
-1763
-1768
-1732
-1653
-1530
-1346
-1100
-811
-502
-182
120
398
653
862
1020
1134
1216
1285
1338
1389
1457
1553
1675
1813
1943
2052
2135
2180
2184
2122
1970
1742
1460
1126
774
420
89
-198
-447
-653
-803
-905
-950
-947
-925
-894
-857
-805
-743
-676
-602
-510
-410
-307
-205
-111
-2
111
200
268
311
329
321
293
232
133
15
-114
-238
-365
-492
-609
-698
-759
-799
-814
-799
-751
-673
-569
-446
-304
-148
26
200
367
522
665
784
881
947
972
965
927
871
783
653
484
303
131
-27
-165
-292
-380
-412
-391
-303
-181
-42
124
289
440
565
635
675
687
670
624
542
450
383
350
344
333
316
302
284
278
264
222
150
31
-124
-296
-477
-642
-799
-967
-1143
-1338
-1500
-1603
-1670
-1725
-1787
-1843
-1875
-1885
-1848
-1776
-1681
-1549
-1397
-1214
-1002
-785
-526
-249
4
230
414
591
764
921
1073
1210
1330
1446
1549
1653
1766
1884
2013
2097
2116
2072
1982
1878
1746
1538
1258
921
572
245
-72
-367
-641
-887
-1074
-1210
-1292
-1321
-1291
-1202
-1103
-997
-877
-739
-575
-407
-255
-129
-39
39
118
185
245
296
336
351
319
252
172
89
-19
-160
-312
-460
-585
-689
-774
-836
-868
-874
-836
-765
-673
-537
-367
-191
-34
106
261
423
581
723
830
929
1013
1060
1076
1054
1002
934
809
654
462
245
61
-115
-291
-456
-593
-656
-646
-565
-400
-176
75
326
575
821
1052
1230
1351
1394
1364
1283
1139
979
820
673
562
448
321
211
129
105
96
59
-15
-150
-305
-478
-698
-935
-1196
-1451
-1670
-1889
-2056
-2168
-2226
-2229
-2213
-2168
-2075
-1954
-1788
-1585
-1400
-1201
-981
-744
-504
-294
-72
165
368
540
657
765
886
1005
1133
1240
1329
1424
1520
1627
1725
1786
1836
1849
1818
1736
1589
1407
1192
935
649
337
25
-271
-537
-773
-962
-1102
-1198
-1245
-1246
-1202
-1120
-1008
-877
-749
-629
-521
-414
-306
-210
-117
0
131
253
359
453
527
575
582
542
449
302
126
-72
-276
-474
-667
-814
-904
-943
-939
-912
-841
-724
-584
-419
-245
-84
85
252
411
569
710
840
961
1061
1128
1165
1187
1185
1147
1057
912
746
571
380
176
-48
-269
-435
-555
-632
-655
-604
-461
-219
88
401
700
970
1221
1447
1595
1635
1594
1485
1320
1105
851
602
399
239
126
55
22
11
25
23
-30
-129
-288
-483
-722
-1009
-1317
-1628
-1922
-2167
-2374
-2535
-2602
-2587
-2498
-2369
-2229
-2056
-1866
-1655
-1427
-1205
-979
-750
-523
-297
-94
92
278
448
607
748
859
955
1036
1109
1180
1244
1294
1339
1383
1433
1474
1502
1512
1496
1447
1349
1212
1027
791
518
227
-56
-336
-591
-797
-931
-1005
-1036
-1011
-955
-887
-791
-675
-554
-450
-363
-272
-194
-125
-40
71
193
312
431
543
628
680
678
621
495
302
78
-161
-387
-604
-798
-939
-1014
-1043
-1033
-990
-895
-766
-623
-451
-269
-86
106
304
508
694
861
1031
1179
1302
1400
1444
1443
1381
1258
1120
949
767
591
398
216
45
-103
-221
-331
-406
-420
-402
-319
-177
27
306
581
850
1103
1306
1491
1598
1606
1545
1404
1222
996
715
445
193
-4
-132
-244
-306
-341
-351
-330
-360
-428
-546
-739
-973
-1267
-1575
-1869
-2157
-2376
-2547
-2664
-2681
-2612
-2457
-2267
-2088
-1875
-1665
-1457
-1255
-1105
-945
-782
-629
-468
-340
-199
-13
197
453
671
848
1024
1161
1272
1329
1337
1334
1313
1290
1263
1235
1232
1235
1220
1193
1132
1054
967
837
654
426
174
-74
-300
-507
-682
-795
-851
-842
-791
-705
-567
-406
-244
-119
-45
-7
29
93
163
208
261
319
363
405
424
413
388
324
215
70
-111
-289
-446
-584
-705
-830
-923
-975
-970
-901
-804
-663
-479
-264
-25
210
434
655
844
1017
1172
1284
1384
1453
1465
1426
1325
1186
1037
869
704
536
371
224
86
-18
-98
-161
-198
-246
-283
-298
-295
-223
-80
139
406
665
913
1138
1326
1478
1540
1503
1387
1207
985
721
440
175
-39
-173
-249
-316
-389
-458
-509
-565
-656
-814
-1028
-1277
-1550
-1835
-2119
-2383
-2590
-2713
-2769
-2757
-2688
-2558
-2363
-2134
-1907
-1695
-1503
-1310
-1113
-938
-781
-622
-443
-240
-17
211
446
681
915
1119
1274
1383
1449
1491
1495
1453
1388
1329
1293
1284
1296
1311
1317
1305
1282
1233
1136
994
813
590
334
58
-198
-406
-556
-661
-720
-720
-675
-593
-491
-371
-248
-160
-88
-22
42
91
121
150
190
240
296
351
394
410
389
328
228
88
-87
-275
-474
-676
-866
-1027
-1130
-1160
-1128
-1045
-918
-744
-508
-234
40
298
517
721
911
1057
1150
1182
1193
1198
1176
1126
1037
932
841
756
663
547
422
317
220
134
47
-51
-131
-196
-231
-240
-232
-163
-18
206
476
735
967
1187
1383
1532
1587
1534
1403
1224
1013
750
462
189
-27
-157
-255
-343
-427
-505
-550
-604
-723
-905
-1149
-1410
-1667
-1944
-2206
-2432
-2593
-2668
-2690
-2646
-2531
-2360
-2145
-1916
-1702
-1506
-1327
-1150
-988
-861
-741
-616
-465
-296
-132
69
294
520
734
890
1015
1125
1180
1195
1166
1110
1086
1073
1092
1124
1151
1235
1345
1445
1495
1465
1387
1240
1015
728
406
103
-165
-398
-575
-687
-708
-651
-542
-393
-252
-119
20
137
209
223
204
194
183
155
128
133
176
239
293
331
345
325
271
163
8
-201
-431
-652
-860
-1043
-1173
-1231
-1218
-1151
-1026
-830
-563
-260
41
336
614
855
1039
1153
1204
1192
1129
1053
971
870
761
666
598
550
487
418
351
281
214
143
77
13
-65
-153
-229
-270
-252
-167
0
251
546
851
1144
1412
1632
1781
1837
1800
1668
1452
1174
864
532
205
-75
-284
-427
-525
-606
-671
-728
-801
-904
-1066
-1298
-1564
-1854
-2144
-2410
-2647
-2816
-2890
-2870
-2760
-2572
-2328
-2053
-1781
-1532
-1318
-1150
-1009
-886
-770
-659
-563
-454
-316
-147
58
268
497
728
915
1047
1116
1128
1093
1033
967
888
799
736
733
810
952
1120
1278
1414
1514
1561
1504
1347
1136
883
614
342
82
-126
-267
-332
-324
-273
-193
-81
60
196
280
300
284
254
200
128
53
-1
-20
-14
-4
6
16
25
29
13
-50
-163
-314
-472
-626
-791
-931
-1028
-1076
-1055
-985
-879
-736
-548
-310
-60
179
403
599
752
866
947
994
1011
994
960
918
842
750
668
586
507
430
353
288
220
153
98
36
-23
-66
-93
-91
-42
49
210
429
686
964
1207
1422
1608
1729
1779
1732
1586
1388
1144
877
595
309
51
-157
-326
-479
-631
-776
-910
-1055
-1226
-1441
-1697
-1957
-2200
-2424
-2623
-2781
-2862
-2871
-2814
-2710
-2565
-2359
-2110
-1846
-1611
-1420
-1246
-1086
-943
-812
-688
-560
-398
-203
9
225
448
692
922
1089
1175
1183
1144
1081
993
885
787
727
726
790
919
1097
1315
1538
1703
1777
1772
1710
1593
1399
1126
804
480
201
-4
-145
-230
-250
-211
-137
-40
64
166
253
300
290
221
134
80
33
-19
-68
-100
-89
-37
35
89
121
141
128
45
-98
-283
-487
-695
-902
-1089
-1241
-1325
-1311
-1234
-1109
-931
-717
-471
-218
16
232
424
587
714
788
826
844
859
866
841
781
699
626
569
508
442
378
304
232
165
96
36
-12
-40
-37
2
90
238
470
751
1036
1298
1531
1746
1908
1977
1950
1826
1637
1409
1127
818
499
199
-44
-266
-493
-714
-933
-1121
-1300
-1485
-1681
-1903
-2128
-2334
-2538
-2714
-2838
-2893
-2877
-2839
-2761
-2618
-2422
-2165
-1904
-1673
-1460
-1290
-1133
-974
-827
-654
-477
-287
-90
84
290
541
809
1039
1163
1207
1186
1122
1056
958
865
791
742
757
820
952
1155
1391
1632
1803
1866
1859
1791
1670
1460
1161
814
471
191
-12
-137
-188
-166
-80
56
210
354
487
569
578
507
363
209
60
-92
-228
-352
-404
-384
-325
-249
-190
-130
-78
-73
-132
-289
-505
-721
-946
-1167
-1379
-1547
-1607
-1564
-1433
-1231
-966
-636
-269
92
416
679
883
1022
1088
1085
1035
953
855
751
639
541
475
443
422
393
359
335
308
254
156
37
-49
-97
-108
-100
-68
34
223
524
872
1196
1499
1773
2019
2189
2226
2174
2050
1848
1587
1230
812
416
73
-218
-484
-763
-1031
-1256
-1427
-1556
-1686
-1823
-1970
-2139
-2317
-2502
-2665
-2775
-2848
-2882
-2909
-2904
-2813
-2651
-2415
-2151
-1889
-1638
-1410
-1178
-941
-722
-499
-277
-93
76
231
405
620
818
986
1087
1124
1130
1105
1070
1043
1028
1012
1007
1026
1084
1209
1407
1625
1813
1934
1979
1963
1883
1754
1567
1303
1012
730
485
295
172
118
124
191
299
401
496
557
566
505
349
154
-63
-276
-456
-590
-662
-668
-634
-572
-482
-375
-265
-178
-170
-263
-443
-660
-877
-1097
-1309
-1482
-1607
-1657
-1598
-1440
-1199
-905
-581
-253
46
315
542
713
811
844
821
740
636
519
400
316
271
258
257
261
289
328
363
387
378
334
274
203
148
119
111
158
265
428
689
1024
1403
1760
2053
2296
2470
2559
2535
2380
2112
1760
1336
878
414
-25
-395
-715
-977
-1196
-1370
-1486
-1582
-1664
-1770
-1907
-2060
-2232
-2419
-2618
-2805
-2937
-3005
-3016
-2965
-2856
-2677
-2425
-2123
-1810
-1523
-1261
-1018
-785
-570
-376
-205
-45
119
278
437
599
754
895
1010
1064
1079
1057
1007
964
909
885
908
977
1115
1277
1462
1671
1863
2008
2071
2047
1967
1809
1581
1317
1022
741
498
315
204
144
155
214
293
376
419
421
366
236
42
-202
-461
-688
-858
-954
-969
-893
-731
-528
-306
-101
43
130
115
-27
-257
-562
-872
-1141
-1372
-1534
-1599
-1561
-1418
-1181
-879
-536
-188
123
369
538
628
640
603
510
378
237
105
5
-36
-32
17
100
187
281
355
408
427
389
309
198
77
-24
-87
-89
-33
99
320
606
989
1424
1852
2257
2563
2767
2880
2863
2732
2496
2148
1745
1302
814
344
-82
-431
-700
-938
-1150
-1349
-1517
-1659
-1813
-1989
-2213
-2464
-2701
-2921
-3093
-3214
-3279
-3240
-3154
-3017
-2808
-2557
-2248
-1908
-1601
-1312
-1055
-827
-598
-378
-173
16
191
359
501
637
774
892
997
1040
1040
1026
973
930
907
887
921
996
1107
1267
1455
1681
1901
2074
2188
2217
2158
2025
1820
1560
1292
1024
790
603
471
400
386
429
466
472
445
344
200
17
-209
-457
-711
-916
-1041
-1084
-1044
-929
-750
-523
-299
-131
-31
-4
-73
-227
-462
-752
-1044
-1297
-1490
-1605
-1623
-1555
-1378
-1126
-848
-560
-314
-106
52
119
123
78
6
-62
-113
-144
-141
-83
16
154
311
449
555
633
661
633
562
439
287
146
4
-86
-103
-58
63
248
489
785
1108
1446
1794
2135
2417
2621
2738
2768
2731
2604
2391
2116
1788
1433
1060
668
260
-128
-463
-761
-1043
-1325
-1597
-1835
-2028
-2196
-2358
-2517
-2657
-2755
-2821
-2875
-2903
-2895
-2836
-2725
-2584
-2411
-2209
-1970
-1704
-1433
-1177
-944
-701
-454
-238
-55
92
227
362
473
557
627
683
737
793
818
825
830
853
902
969
1053
1158
1297
1461
1621
1768
1885
1960
1991
1956
1853
1678
1452
1220
996
784
596
453
368
317
287
260
219
159
56
-91
-270
-464
-649
-795
-892
-929
-895
-783
-619
-427
-237
-81
19
53
10
-112
-293
-512
-734
-942
-1114
-1218
-1244
-1209
-1113
-968
-792
-603
-434
-299
-211
-170
-171
-216
-279
-339
-377
-371
-316
-215
-68
114
311
510
660
746
773
732
630
489
325
166
36
-46
-54
4
126
322
559
822
1094
1362
1625
1837
2021
2187
2285
2336
2344
2312
2255
2134
1955
1745
1478
1170
836
467
77
-331
-736
-1107
-1451
-1765
-2029
-2237
-2397
-2506
-2582
-2646
-2691
-2708
-2726
-2741
-2736
-2716
-2638
-2516
-2357
-2142
-1885
-1600
-1291
-973
-678
-417
-187
-9
125
226
285
328
370
395
432
497
554
625
717
796
876
944
1009
1072
1127
1200
1289
1383
1471
1581
1703
1797
1865
1903
1898
1843
1749
1625
1481
1319
1131
960
785
600
432
265
96
-73
-238
-393
-535
-638
-712
-758
-787
-792
-760
-720
-681
-636
-594
-578
-584
-614
-665
-724
-792
-858
-910
-955
-976
-961
-926
-877
-808
-734
-669
-613
-563
-533
-514
-504
-496
-484
-463
-407
-324
-221
-101
41
191
332
450
526
559
546
495
413
308
200
114
73
73
127
234
388
580
785
997
1201
1388
1564
1714
1842
1944
2029
2115
2188
2246
2267
2250
2195
2080
1900
1646
1335
971
559
123
-332
-776
-1177
-1507
-1772
-1986
-2149
-2263
-2329
-2372
-2416
-2460
-2521
-2580
-2625
-2668
-2690
-2659
-2550
-2375
-2149
-1885
-1592
-1272
-967
-695
-473
-322
-217
-158
-140
-141
-143
-115
-43
63
184
330
504
687
845
961
1038
1085
1122
1156
1185
1227
1292
1393
1525
1670
1829
1972
2083
2163
2183
2134
2015
1838
1610
1338
1043
747
482
237
8
-175
-311
-407
-476
-527
-565
-588
-613
-629
-643
-680
-733
-785
-816
-832
-860
-878
-863
-825
-770
-724
-687
-646
-607
-583
-577
-582
-619
-683
-738
-783
-831
-887
-933
-958
-944
-904
-840
-737
-607
-469
-333
-182
-19
112
206
277
320
342
343
340
340
343
363
411
487
580
675
791
943
1117
1273
1403
1532
1662
1778
1887
1979
2053
2114
2163
2211
2247
2254
2218
2134
2003
1819
1566
1262
912
514
92
-333
-743
-1136
-1490
-1772
-1975
-2126
-2237
-2317
-2385
-2446
-2500
-2555
-2615
-2675
-2724
-2729
-2680
-2561
-2383
-2154
-1884
-1589
-1296
-1019
-772
-589
-460
-382
-339
-315
-287
-244
-174
-50
118
313
530
744
925
1056
1136
1170
1159
1105
1040
997
990
1035
1136
1283
1471
1676
1858
1998
2087
2094
2030
1898
1687
1422
1122
803
493
215
-27
-207
-321
-388
-405
-391
-383
-382
-402
-472
-578
-700
-840
-982
-1095
-1175
-1199
-1156
-1071
-948
-780
-607
-435
-288
-174
-109
-102
-151
-262
-410
-581
-744
-881
-989
-1045
-1059
-1036
-959
-851
-727
-593
-468
-345
-236
-143
-64
16
91
144
202
263
322
411
514
628
760
878
991
1107
1210
1293
1373
1444
1509
1578
1651
1719
1795
1869
1924
1970
1986
1984
1971
1940
1884
1810
1722
1591
1421
1211
944
637
295
-73
-454
-848
-1217
-1549
-1846
-2092
-2277
-2411
-2506
-2571
-2606
-2622
-2623
-2607
-2566
-2496
-2409
-2284
-2122
-1925
-1700
-1463
-1220
-984
-784
-632
-520
-449
-415
-388
-363
-338
-291
-209
-91
52
222
392
549
677
751
793
802
777
756
746
749
781
862
1008
1197
1411
1636
1834
1988
2075
2088
2034
1904
1714
1484
1223
949
702
493
323
192
104
42
-11
-66
-134
-221
-343
-499
-673
-864
-1058
-1229
-1352
-1413
-1407
-1314
-1158
-951
-712
-467
-230
-45
72
117
72
-39
-197
-385
-572
-747
-876
-948
-973
-951
-888
-801
-694
-599
-522
-466
-440
-431
-435
-437
-421
-372
-287
-163
-6
176
378
579
773
946
1084
1190
1255
1293
1317
1326
1356
1398
1457
1547
1654
1776
1893
1986
2065
2096
2082
2035
1941
1820
1669
1498
1320
1120
919
712
487
254
0
-273
-555
-854
-1142
-1421
-1683
-1904
-2091
-2235
-2336
-2397
-2409
-2387
-2337
-2258
-2162
-2047
-1919
-1777
-1625
-1486
-1353
-1222
-1116
-1031
-963
-908
-865
-834
-797
-746
-685
-604
-501
-383
-257
-129
-1
118
217
299
372
442
504
574
664
757
861
984
1118
1260
1403
1535
1651
1738
1792
1808
1784
1722
1617
1488
1332
1162
996
833
682
539
404
280
159
41
-83
-235
-402
-574
-751
-916
-1053
-1137
-1170
-1154
-1073
-937
-755
-549
-335
-124
45
146
191
176
103
-14
-162
-328
-503
-664
-799
-897
-964
-1002
-1018
-1023
-1021
-1006
-982
-957
-922
-875
-812
-727
-609
-454
-273
-69
155
396
632
855
1056
1221
1343
1425
1483
1519
1542
1555
1579
1619
1669
1728
1802
1883
1954
2007
2031
2017
1966
1880
1757
1601
1421
1225
1013
796
584
375
166
-51
-268
-487
-713
-944
-1179
-1399
-1606
-1797
-1946
-2059
-2139
-2179
-2195
-2189
-2157
-2101
-2020
-1928
-1833
-1733
-1635
-1541
-1439
-1339
-1252
-1168
-1092
-1027
-963
-897
-823
-741
-652
-554
-451
-337
-218
-90
41
165
270
357
436
507
581
662
744
836
936
1037
1154
1281
1413
1542
1644
1705
1739
1746
1726
1684
1618
1529
1419
1291
1158
1016
867
710
538
358
156
-62
-282
-501
-699
-867
-1002
-1078
-1105
-1080
-1003
-891
-736
-553
-373
-204
-64
37
105
125
99
31
-75
-210
-348
-500
-649
-785
-916
-1026
-1126
-1221
-1289
-1334
-1354
-1355
-1345
-1308
-1228
-1105
-945
-756
-542
-312
-65
182
414
641
852
1036
1189
1306
1389
1463
1539
1608
1664
1707
1755
1807
1859
1903
1938
1961
1962
1945
1898
1825
1729
1616
1494
1355
1203
1039
879
717
537
347
145
-64
-281
-509
-736
-949
-1148
-1325
-1486
-1632
-1751
-1836
-1883
-1911
-1923
-1915
-1884
-1846
-1805
-1752
-1703
-1648
-1589
-1534
-1472
-1405
-1311
-1206
-1102
-999
-903
-802
-710
-625
-540
-465
-390
-322
-247
-184
-123
-56
15
95
168
243
322
412
508
605
706
813
924
1026
1120
1210
1298
1379
1448
1500
1530
1541
1523
1487
1426
1333
1215
1072
919
747
557
373
181
-16
-217
-410
-572
-706
-797
-852
-864
-830
-760
-636
-487
-324
-147
15
152
249
309
333
315
260
174
66
-62
-199
-327
-450
-564
-675
-782
-886
-1001
-1116
-1228
-1319
-1388
-1432
-1422
-1359
-1240
-1069
-851
-587
-294
1
280
535
757
945
1091
1201
1284
1352
1416
1487
1555
1626
1714
1794
1880
1938
1969
1970
1924
1859
1755
1633
1500
1354
1213
1075
934
800
667
534
390
239
71
-112
-305
-508
-701
-889
-1066
-1224
-1364
-1486
-1589
-1665
-1720
-1758
-1788
-1808
-1833
-1844
-1851
-1858
-1845
-1828
-1796
-1749
-1694
-1607
-1511
-1399
-1268
-1136
-991
-851
-715
-584
-467
-365
-270
-188
-110
-35
38
110
181
264
348
430
503
575
645
707
771
840
910
985
1054
1117
1179
1231
1275
1301
1312
1299
1271
1234
1168
1096
1006
902
787
649
499
339
174
5
-157
-310
-440
-526
-573
-563
-502
-392
-242
-62
135
325
491
608
672
679
624
527
391
236
64
-102
-246
-377
-490
-593
-697
-804
-932
-1076
-1237
-1412
-1588
-1744
-1857
-1916
-1905
-1820
-1646
-1391
-1082
-716
-333
45
408
720
984
1180
1321
1411
1465
1497
1514
1534
1577
1633
1699
1779
1843
1896
1934
1921
1871
1776
1642
1476
1300
1119
939
778
630
509
414
339
275
205
121
9
-115
-256
-427
-607
-788
-962
-1119
-1261
-1380
-1471
-1542
-1585
-1616
-1649
-1672
-1691
-1709
-1735
-1767
-1789
-1791
-1770
-1733
-1671
-1580
-1467
-1327
-1174
-1019
-876
-736
-606
-502
-417
-353
-299
-239
-175
-114
-45
36
131
243
365
494
623
757
874
980
1072
1137
1193
1236
1274
1304
1331
1360
1377
1394
1396
1379
1346
1290
1204
1084
928
746
543
335
124
-88
-272
-426
-541
-592
-600
-561
-474
-348
-191
-23
151
305
426
508
548
544
503
427
321
199
66
-70
-193
-296
-395
-494
-590
-683
-781
-904
-1049
-1207
-1362
-1510
-1642
-1740
-1792
-1781
-1689
-1512
-1277
-995
-667
-325
20
340
623
868
1069
1219
1317
1379
1422
1474
1540
1596
1652
1714
1774
1818
1834
1809
1755
1672
1544
1385
1194
990
804
647
503
384
299
243
205
166
120
64
-19
-134
-282
-468
-666
-868
-1055
-1210
-1348
-1446
-1493
-1492
-1455
-1409
-1354
-1303
-1270
-1260
-1282
-1334
-1391
-1438
-1454
-1454
-1450
-1407
-1317
-1201
-1062
-913
-754
-590
-451
-340
-260
-203
-153
-110
-83
-54
-31
16
100
199
318
439
571
708
820
900
967
1009
1042
1047
1036
1040
1042
1071
1125
1167
1199
1215
1220
1198
1112
988
832
635
420
191
-30
-222
-382
-488
-536
-541
-490
-390
-255
-110
28
169
287
382
451
485
483
451
410
349
273
188
109
33
-51
-141
-240
-337
-448
-572
-704
-852
-993
-1135
-1264
-1370
-1453
-1489
-1482
-1430
-1340
-1203
-1014
-788
-536
-283
-30
208
428
619
772
906
1002
1090
1167
1227
1279
1324
1370
1402
1421
1429
1409
1367
1302
1232
1150
1056
953
850
749
654
572
511
459
399
352
304
255
182
80
-33
-172
-325
-480
-644
-798
-932
-1030
-1103
-1150
-1166
-1166
-1155
-1147
-1145
-1156
-1194
-1248
-1303
-1371
-1423
-1460
-1465
-1446
-1410
-1339
-1248
-1127
-1002
-886
-763
-642
-528
-422
-331
-250
-171
-95
-14
68
142
221
301
389
482
548
615
672
723
776
828
876
916
960
1009
1052
1098
1129
1146
1154
1132
1098
1035
954
842
711
579
429
288
155
34
-57
-122
-155
-158
-129
-78
-13
68
156
245
332
403
457
494
501
492
469
426
369
291
201
92
-31
-162
-300
-445
-598
-754
-902
-1038
-1154
-1244
-1314
-1370
-1397
-1387
-1343
-1266
-1159
-1035
-889
-722
-549
-360
-171
18
206
381
542
692
821
936
1038
1112
1172
1209
1233
1241
1226
1202
1159
1104
1032
949
872
791
709
634
565
500
441
386
336
301
262
222
191
146
89
35
-25
-92
-166
-249
-333
-420
-500
-581
-654
-733
-811
-878
-939
-1000
-1057
-1102
-1143
-1176
-1211
-1246
-1262
-1277
-1273
-1260
-1245
-1213
-1182
-1133
-1074
-1009
-930
-854
-762
-660
-554
-433
-309
-190
-68
47
162
276
380
478
567
658
745
834
922
997
1072
1138
1198
1245
1271
1277
1259
1224
1166
1084
974
844
702
555
405
249
107
-14
-117
-195
-242
-251
-233
-183
-100
-4
105
220
342
460
566
667
749
809
840
844
825
766
683
572
429
267
82
-111
-309
-504
-687
-851
-1004
-1137
-1245
-1333
-1403
-1445
-1454
-1445
-1408
-1350
-1265
-1146
-1003
-832
-639
-441
-240
-32
164
349
512
652
764
842
894
924
936
931
916
910
898
887
879
864
842
811
770
724
662
584
499
414
324
236
158
93
44
8
-16
-34
-48
-61
-71
-84
-105
-141
-189
-250
-323
-395
-469
-536
-613
-692
-759
-822
-875
-923
-966
-1001
-1035
-1055
-1069
-1074
-1067
-1052
-1023
-986
-938
-882
-817
-741
-649
-550
-445
-324
-199
-80
44
162
282
392
488
569
636
694
738
780
820
856
885
905
923
935
942
949
944
928
899
852
794
715
617
507
380
253
134
25
-61
-132
-185
-217
-220
-192
-149
-84
1
96
198
299
399
482
551
596
626
645
637
613
572
507
426
327
215
83
-71
-245
-424
-610
-790
-949
-1098
-1225
-1333
-1419
-1478
-1510
-1510
-1486
-1434
-1348
-1234
-1091
-933
-758
-572
-387
-203
-22
153
317
458
572
661
726
772
802
813
816
820
829
842
855
863
861
853
831
791
738
669
582
486
388
300
223
159
105
73
66
71
89
109
120
120
107
78
40
-17
-83
-158
-244
-338
-429
-510
-585
-650
-700
-738
-764
-780
-786
-781
-765
-743
-720
-692
-669
-647
-626
-604
-571
-536
-496
-446
-379
-301
-213
-125
-36
54
142
234
313
376
431
464
484
494
496
496
501
521
539
559
585
614
643
668
674
667
641
593
526
441
344
242
141
47
-39
-106
-152
-162
-151
-119
-64
-1
69
141
214
278
337
392
436
481
516
539
553
553
535
500
452
382
293
180
46
-104
-274
-449
-629
-799
-958
-1101
-1222
-1322
-1399
-1453
-1484
-1488
-1462
-1407
-1325
-1215
-1081
-926
-752
-567
-378
-195
-17
153
306
442
566
675
760
826
872
902
918
925
929
923
908
878
835
779
708
630
537
444
351
273
204
144
106
83
76
79
95
122
150
186
222
249
264
264
245
205
148
78
-5
-98
-191
-277
-351
-427
-496
-561
-632
-702
-764
-808
-842
-860
-859
-843
-810
-759
-695
-621
-539
-451
-358
-271
-185
-101
-17
60
128
194
246
291
334
380
425
468
513
556
587
604
610
612
600
575
545
509
466
423
388
344
291
233
167
97
22
-31
-73
-104
-130
-147
-141
-137
-128
-109
-92
-70
-38
11
63
120
183
237
284
321
350
378
395
398
383
348
279
189
80
-54
-198
-346
-497
-651
-797
-926
-1035
-1125
-1193
-1234
-1260
-1268
-1262
-1232
-1185
-1119
-1021
-902
-765
-617
-462
-301
-136
30
193
352
502
637
754
847
916
951
978
988
974
970
957
943
914
866
809
744
671
595
513
429
348
273
214
167
144
136
132
143
164
195
223
261
286
301
316
306
288
245
190
121
44
-31
-116
-191
-276
-373
-451
-530
-598
-658
-709
-745
-766
-766
-760
-744
-714
-673
-620
-555
-481
-398
-311
-233
-153
-70
0
69
134
193
249
296
326
348
366
387
412
425
432
426
408
379
343
309
272
226
179
128
70
24
-28
-81
-117
-146
-160
-166
-165
-154
-126
-91
-65
-27
2
29
64
88
115
129
140
144
150
170
176
182
185
174
170
161
145
122
83
29
-37
-121
-208
-299
-388
-469
-548
-612
-676
-728
-775
-818
-841
-851
-844
-819
-783
-736
-681
-621
-550
-457
-356
-244
-124
1
121
246
374
493
600
683
746
789
820
838
844
834
806
769
728
686
639
591
534
472
411
353
296
251
211
174
146
128
122
125
139
166
198
233
264
287
302
306
299
279
243
188
133
75
12
-58
-137
-215
-294
-365
-436
-508
-573
-632
-671
-691
-706
-707
-700
-681
-641
-589
-525
-451
-371
-285
-196
-119
-52
4
63
117
164
203
221
237
266
288
303
302
283
261
229
182
134
81
22
-35
-94
-150
-206
-249
-274
-286
-281
-269
-248
-210
-164
-110
-47
-7
27
69
114
163
201
233
255
272
295
315
327
336
342
339
325
301
278
248
196
133
63
-9
-83
-160
-236
-314
-390
-448
-488
-527
-558
-585
-605
-626
-647
-649
-647
-645
-636
-617
-585
-541
-485
-408
-312
-220
-120
-7
99
205
312
418
505
580
653
711
752
771
781
790
782
760
742
712
678
648
613
576
524
473
422
373
320
263
220
180
145
123
116
119
121
126
135
142
147
149
140
124
96
62
29
-17
-68
-126
-192
-267
-342
-402
-464
-520
-572
-618
-655
-680
-688
-682
-673
-655
-634
-608
-559
-506
-442
-374
-306
-239
-177
-100
-28
41
105
151
188
220
250
276
290
287
265
236
198
142
86
33
-29
-85
-138
-177
-207
-234
-242
-241
-232
-212
-180
-137
-95
-46
5
59
111
166
225
275
317
351
371
387
403
407
405
387
363
330
291
259
213
163
108
53
3
-51
-98
-151
-205
-257
-313
-355
-390
-423
-450
-482
-511
-538
-560
-575
-588
-595
-589
-572
-542
-501
-449
-386
-310
-227
-139
-46
52
151
248
344
431
514
589
661
711
753
779
788
801
794
776
754
717
679
637
588
543
499
459
415
367
318
273
244
218
196
168
139
112
88
67
46
21
-14
-47
-81
-120
-158
-194
-234
-274
-315
-360
-397
-428
-456
-482
-503
-528
-549
-561
-567
-562
-552
-544
-530
-509
-482
-444
-400
-350
-294
-239
-181
-114
-54
8
73
118
152
184
203
212
212
198
177
141
93
40
-12
-66
-115
-168
-215
-255
-292
-309
-317
-313
-290
-258
-225
-181
-123
-58
11
81
145
212
280
338
390
440
479
505
525
535
532
520
503
469
428
381
335
276
214
159
93
25
-47
-121
-188
-247
-296
-339
-386
-430
-465
-492
-504
-511
-513
-497
-479
-458
-433
-415
-384
-334
-278
-215
-162
-113
-52
7
73
141
199
255
309
353
401
444
475
509
536
557
579
591
593
589
577
563
541
521
500
474
444
408
367
316
267
217
166
125
83
28
-27
-78
-126
-163
-194
-221
-243
-270
-302
-320
-333
-342
-355
-373
-386
-396
-399
-401
-401
-399
-389
-374
-375
-382
-380
-366
-339
-310
-280
-249
-218
-166
-102
-49
-7
36
76
114
152
190
232
260
284
297
286
261
227
196
159
109
46
-21
-77
-126
-171
-215
-253
-280
-298
-308
-310
-304
-289
-264
-235
-191
-138
-86
-26
47
131
214
288
358
422
472
505
521
526
523
514
502
482
456
427
387
337
286
230
159
76
-4
-88
-180
-264
-349
-432
-509
-571
-614
-644
-663
-672
-668
-650
-625
-588
-549
-500
-450
-396
-327
-257
-194
-130
-71
-17
47
106
153
205
264
328
387
430
466
493
512
527
542
557
561
565
574
585
591
588
584
581
568
534
483
418
345
281
216
152
93
36
-18
-66
-99
-133
-176
-209
-241
-282
-322
-358
-387
-402
-406
-407
-412
-421
-425
-424
-407
-385
-360
-327
-292
-259
-235
-201
-167
-145
-104
-70
-62
-63
-52
-41
-39
-26
-8
6
18
37
75
101
122
144
153
149
136
104
64
13
-54
-115
-180
-240
-285
-319
-330
-339
-337
-315
-296
-272
-236
-196
-165
-128
-79
-31
30
93
158
227
292
357
422
485
536
569
593
593
571
531
481
429
372
322
276
224
183
143
99
52
-6
-62
-124
-200
-266
-328
-380
-414
-444
-456
-473
-479
-474
-461
-442
-417
-376
-331
-271
-205
-146
-93
-45
-4
25
51
71
84
102
126
145
164
191
214
238
258
272
283
291
305
328
349
379
411
447
485
510
530
536
525
496
456
404
338
263
189
127
58
2
-47
-91
-126
-169
-208
-256
-311
-353
-392
-426
-453
-478
-486
-487
-497
-492
-491
-481
-460
-434
-394
-356
-311
-261
-211
-168
-123
-86
-46
-9
14
38
54
69
82
106
132
150
170
192
211
219
225
219
198
172
142
99
38
-32
-95
-156
-214
-246
-277
-282
-269
-247
-208
-174
-125
-75
-25
16
45
72
98
118
138
158
169
205
247
286
324
355
395
430
453
475
480
460
435
384
326
254
176
110
32
-30
-90
-144
-183
-220
-258
-301
-333
-365
-383
-406
-436
-459
-476
-480
-474
-456
-428
-389
-339
-286
-233
-182
-139
-101
-61
-25
-1
25
59
86
116
153
192
221
256
290
310
347
374
398
416
417
437
464
483
508
531
536
538
523
489
445
384
316
243
160
84
22
-29
-69
-99
-128
-158
-184
-213
-243
-279
-323
-360
-408
-453
-481
-508
-522
-517
-517
-520
-499
-474
-436
-393
-351
-306
-270
-233
-185
-138
-98
-61
-28
-9
11
27
47
68
80
101
117
128
158
192
223
246
259
259
250
224
179
133
70
7
-56
-113
-162
-200
-221
-224
-212
-187
-154
-116
-74
-36
-7
15
25
26
31
39
58
83
110
148
193
246
295
345
398
443
472
479
468
440
394
328
253
181
108
51
1
-44
-76
-98
-112
-125
-144
-166
-197
-234
-278
-330
-379
-424
-456
-474
-478
-456
-415
-358
-300
-248
-185
-135
-98
-65
-46
-24
2
18
38
71
107
149
190
228
272
306
335
366
381
395
411
420
432
442
452
460
462
451
427
392
354
305
240
172
98
23
-50
-111
-170
-219
-258
-293
-318
-334
-348
-360
-373
-389
-404
-423
-441
-459
-474
-481
-489
-493
-482
-454
-406
-343
-277
-208
-142
-79
-16
31
71
94
101
99
94
93
100
114
134
159
191
227
256
283
294
290
272
233
183
119
55
-4
-67
-119
-163
-194
-197
-184
-154
-111
-68
-18
27
72
107
129
143
147
145
143
146
160
184
218
260
306
353
394
432
466
478
478
455
417
365
295
216
130
49
-24
-86
-136
-178
-206
-223
-230
-225
-227
-238
-253
-269
-291
-319
-344
-373
-398
-403
-391
-363
-325
-280
-233
-187
-154
-125
-111
-112
-116
-129
-136
-135
-121
-94
-57
-1
62
129
195
255
307
341
360
368
364
355
351
346
344
347
348
349
345
333
318
291
254
209
158
107
53
1
-48
-92
-133
-168
-197
-225
-251
-282
-315
-347
-380
-417
-447
-477
-503
-519
-525
-516
-493
-464
-419
-365
-310
-247
-195
-144
-98
-58
-26
-5
11
26
41
56
72
87
110
139
175
212
247
279
304
319
320
303
269
228
183
139
92
51
16
-8
-16
-17
-13
1
18
36
58
73
92
105
106
113
116
118
127
133
152
178
206
246
282
318
356
380
395
400
385
355
318
277
231
185
139
88
43
-1
-47
-89
-132
-174
-211
-254
-295
-335
-377
-413
-439
-463
-481
-488
-492
-490
-483
-470
-453
-432
-403
-374
-350
-317
-273
-225
-174
-125
-81
-33
19
65
117
162
206
247
282
317
347
372
389
404
411
406
401
402
393
385
375
356
334
309
274
237
195
156
119
73
32
-14
-56
-87
-120
-151
-184
-216
-244
-272
-296
-322
-352
-379
-403
-425
-447
-464
-471
-466
-452
-419
-380
-337
-284
-223
-163
-119
-82
-57
-32
-3
25
48
72
101
139
178
211
240
266
283
291
295
294
296
296
282
263
237
201
160
122
90
63
38
27
31
36
46
61
77
81
79
84
78
78
89
94
96
102
112
126
149
180
219
255
279
300
316
304
279
257
221
183
141
87
34
-15
-61
-113
-164
-209
-251
-285
-307
-320
-327
-341
-356
-365
-373
-378
-375
-369
-362
-337
-318
-306
-276
-254
-253
-257
-258
-255
-244
-221
-189
-149
-116
-76
-30
3
31
73
117
159
211
261
298
321
340
355
348
334
329
324
323
327
337
345
342
340
328
305
279
249
213
173
137
97
53
16
-29
-76
-117
-170
-227
-273
-317
-353
-388
-418
-440
-453
-467
-480
-474
-464
-448
-411
-372
-332
-294
-253
-209
-182
-146
-113
-80
-37
8
55
101
142
187
231
260
287
309
323
328
330
323
303
293
263
230
204
165
137
122
109
105
103
94
88
83
77
84
90
93
95
85
78
65
52
46
43
50
74
104
137
170
195
232
259
278
302
297
288
274
245
203
157
114
62
21
-19
-70
-116
-158
-207
-254
-290
-326
-350
-367
-388
-407
-427
-441
-454
-463
-462
-462
-457
-444
-433
-423
-407
-392
-374
-354
-330
-295
-263
-228
-186
-151
-99
-46
12
73
126
179
229
269
309
342
366
395
415
433
448
449
447
447
440
434
416
395
373
352
337
311
283
251
207
167
130
88
54
10
-42
-88
-132
-176
-216
-265
-310
-348
-385
-410
-431
-449
-455
-453
-438
-411
-382
-350
-304
-262
-207
-150
-113
-76
-38
-9
33
69
101
138
162
180
205
222
229
231
221
208
197
179
175
170
151
142
128
114
116
109
97
92
79
71
69
53
42
31
11
8
9
7
18
22
35
64
87
113
139
157
178
200
215
237
256
262
268
258
238
223
189
151
110
59
16
-30
-81
-120
-171
-221
-269
-317
-350
-382
-409
-424
-440
-448
-443
-444
-438
-430
-428
-418
-403
-388
-367
-348
-331
-305
-275
-243
-209
-179
-141
-103
-63
-13
35
79
126
169
209
248
284
324
358
386
412
425
437
444
442
441
437
428
426
425
416
409
401
383
357
323
276
230
175
118
69
17
-32
-78
-132
-184
-233
-283
-324
-360
-394
-419
-435
-445
-446
-441
-431
-415
-387
-352
-315
-278
-240
-203
-169
-133
-97
-63
-28
-2
22
43
59
79
101
116
125
124
120
121
118
118
122
125
127
129
130
135
146
155
168
183
197
215
223
229
230
229
231
220
214
207
197
191
179
178
179
178
175
158
137
119
101
88
81
73
63
54
38
17
4
-16
-40
-65
-102
-139
-177
-215
-251
-287
-317
-347
-377
-400
-422
-435
-439
-450
-452
-450
-443
-434
-425
-414
-402
-387
-370
-348
-323
-292
-266
-236
-208
-183
-144
-105
-73
-27
14
52
94
132
171
214
259
299
339
373
409
437
456
477
485
493
499
495
483
475
477
475
466
456
441
411
389
367
326
288
243
189
124
56
-5
-69
-128
-179
-233
-281
-318
-348
-368
-378
-376
-376
-369
-350
-333
-309
-274
-237
-201
-178
-152
-126
-117
-85
-53
-38
-17
3
7
23
41
51
62
64
65
61
52
39
24
14
2
-12
-18
-29
-35
-26
-8
15
39
64
86
107
118
134
155
167
176
186
186
187
189
189
194
195
190
183
167
141
113
81
46
7
-27
-57
-83
-105
-113
-116
-116
-111
-110
-111
-118
-131
-140
-149
-169
-188
-205
-232
-259
-281
-296
-296
-300
-300
-282
-269
-262
-246
-233
-230
-227
-227
-227
-221
-213
-208
-185
-156
-135
-93
-44
-14
11
47
78
106
139
172
194
209
227
241
261
289
309
327
350
367
373
386
392
388
384
377
374
375
370
377
383
371
360
348
314
272
226
170
115
59
3
-45
-90
-131
-165
-201
-236
-265
-279
-277
-282
-284
-277
-273
-277
-276
-262
-258
-247
-229
-215
-198
-172
-149
-121
-86
-69
-52
-22
-8
3
14
13
-7
-28
-60
-84
-96
-119
-115
-108
-108
-84
-60
-44
-21
2
7
24
39
41
58
68
64
66
70
78
86
103
122
137
148
159
165
161
156
145
131
115
98
73
48
28
-4
-30
-45
-57
-52
-31
-11
7
28
33
26
18
-12
-49
-87
-129
-165
-191
-208
-225
-237
-247
-252
-261
-268
-269
-278
-279
-266
-259
-245
-220
-198
-175
-145
-117
-93
-66
-39
-17
11
39
69
99
141
178
209
248
276
300
328
349
369
384
395
408
414
416
418
418
415
414
413
414
418
416
407
389
361
325
282
235
181
126
63
1
-62
-126
-178
-234
-285
-327
-361
-390
-407
-413
-419
-425
-429
-433
-433
-424
-422
-411
-389
-374
-343
-302
-268
-218
-169
-126
-82
-55
-25
-9
-1
2
-9
-29
-46
-65
-79
-89
-99
-96
-95
-90
-78
-68
-46
-31
-9
13
27
50
79
101
124
149
166
190
206
219
237
250
264
273
281
281
277
271
254
232
205
171
134
99
69
36
12
-1
-10
-8
-5
0
7
17
21
18
6
-9
-22
-37
-50
-72
-89
-104
-123
-129
-142
-164
-182
-203
-224
-239
-255
-262
-256
-253
-242
-234
-229
-220
-210
-189
-174
-156
-131
-102
-58
-16
22
59
91
128
167
195
225
250
265
286
302
318
332
339
352
366
380
392
406
418
425
427
417
400
383
355
317
279
230
172
114
46
-24
-99
-180
-249
-310
-357
-400
-430
-447
-464
-477
-484
-486
-481
-470
-452
-427
-402
-372
-334
-292
-240
-186
-133
-84
-31
21
65
103
129
143
148
147
137
124
104
77
52
28
3
-20
-47
-69
-81
-93
-99
-98
-97
-90
-77
-59
-36
-14
6
23
47
75
101
127
151
175
196
214
231
239
241
234
220
199
177
153
128
104
87
74
66
66
68
71
80
85
88
91
92
88
85
84
81
75
60
42
24
2
-18
-43
-72
-102
-136
-166
-196
-220
-242
-261
-279
-296
-313
-319
-324
-321
-313
-301
-286
-264
-234
-201
-165
-128
-83
-37
7
48
87
132
171
206
242
273
302
327
348
367
382
390
397
400
398
393
389
378
362
342
318
290
255
219
173
125
69
14
-45
-110
-167
-220
-269
-311
-346
-379
-400
-412
-421
-424
-423
-419
-411
-406
-402
-388
-369
-341
-308
-263
-209
-155
-103
-51
1
42
81
108
124
131
133
128
115
100
85
71
56
42
33
26
16
13
9
3
2
4
9
13
20
28
42
65
85
110
140
158
178
205
221
234
249
261
265
262
253
238
221
197
173
149
117
93
70
47
33
24
20
20
20
26
35
38
34
34
30
24
18
4
-13
-28
-54
-74
-98
-122
-141
-167
-197
-225
-245
-265
-288
-307
-321
-334
-340
-344
-341
-327
-311
-289
-266
-241
-212
-182
-147
-113
-78
-39
-2
37
78
121
151
181
209
232
256
271
289
311
326
341
353
365
372
371
372
362
351
341
324
303
268
229
189
135
79
22
-40
-97
-158
-217
-259
-295
-322
-337
-338
-334
-322
-302
-285
-268
-250
-238
-225
-212
-202
-189
-166
-143
-124
-97
-70
-35
-3
17
30
35
31
18
3
-5
-18
-28
-32
-28
-16
-7
8
22
41
53
57
64
57
39
25
3
-11
-22
-25
-11
9
40
77
118
171
213
253
290
312
328
327
312
290
256
219
180
139
105
76
48
26
6
-16
-35
-52
-63
-70
-73
-69
-54
-31
-7
14
32
46
51
50
39
21
2
-30
-65
-102
-144
-177
-210
-227
-236
-240
-237
-236
-231
-228
-227
-224
-226
-226
-226
-222
-216
-208
-199
-188
-173
-157
-138
-112
-79
-35
20
75
133
187
230
263
279
293
306
317
329
338
350
355
356
354
344
333
314
293
271
241
198
153
101
46
-8
-61
-113
-157
-194
-228
-257
-282
-303
-315
-322
-323
-320
-312
-302
-291
-277
-260
-238
-216
-192
-162
-127
-85
-44
-6
27
46
56
54
45
33
24
13
6
3
-5
-1
7
15
30
48
66
82
94
95
89
77
54
32
10
-14
-26
-28
-18
7
37
72
112
153
193
224
251
268
273
272
257
235
209
181
150
118
89
62
37
13
-12
-39
-56
-73
-87
-94
-101
-105
-96
-77
-55
-29
-4
16
36
49
57
57
50
38
14
-12
-43
-74
-100
-128
-156
-179
-196
-210
-215
-223
-225
-228
-234
-233
-235
-228
-219
-207
-187
-174
-153
-130
-106
-77
-48
-21
5
36
61
85
109
124
143
158
174
186
199
213
223
235
244
250
259
268
270
263
253
241
224
200
172
134
92
51
5
-37
-73
-105
-131
-148
-163
-176
-176
-172
-169
-162
-157
-149
-140
-129
-113
-102
-93
-81
-71
-61
-54
-47
-38
-30
-26
-24
-18
-17
-19
-17
-23
-30
-32
-32
-31
-32
-33
-31
-30
-34
-34
-32
-34
-42
-47
-54
-58
-54
-47
-29
-4
23
58
95
136
179
217
244
261
271
271
258
240
218
190
160
131
106
83
66
51
36
20
10
-1
-6
-7
-12
-10
-11
-14
-13
-13
-13
-8
-5
-7
-14
-22
-36
-55
-76
-103
-132
-153
-179
-204
-219
-237
-245
-250
-259
-262
-260
-256
-247
-242
-232
-224
-217
-206
-197
-176
-151
-119
-80
-47
-12
26
62
99
135
165
196
226
251
273
291
302
310
315
310
298
290
276
257
241
213
187
164
135
111
86
59
32
-1
-36
-70
-102
-134
-165
-189
-207
-217
-218
-213
-203
-189
-174
-158
-144
-132
-117
-102
-88
-76
-61
-47
-26
-4
19
41
60
77
92
102
104
103
95
79
60
35
14
-8
-26
-38
-46
-55
-58
-63
-68
-72
-72
-72
-75
-72
-69
-61
-49
-35
-20
2
28
57
90
124
157
191
215
229
233
227
215
197
177
153
129
107
85
62
43
25
7
-12
-28
-40
-52
-61
-64
-61
-60
-58
-52
-49
-43
-37
-28
-20
-14
-10
-13
-22
-40
-63
-86
-117
-147
-173
-195
-216
-233
-242
-248
-249
-243
-230
-212
-197
-176
-153
-136
-113
-88
-64
-37
-9
22
54
84
111
136
163
182
200
213
220
227
229
226
225
218
206
198
190
180
173
162
149
141
134
126
115
98
86
71
56
39
17
-4
-25
-49
-72
-93
-108
-121
-127
-125
-127
-127
-127
-127
-123
-119
-117
-111
-102
-90
-73
-52
-34
-13
8
24
40
52
65
73
80
87
89
86
76
56
29
0
-32
-64
-96
-121
-140
-156
-170
-180
-186
-186
-182
-175
-164
-150
-124
-91
-53
-13
32
77
119
158
191
219
247
266
283
293
292
281
257
221
189
153
118
83
54
37
19
8
-3
-16
-23
-27
-29
-31
-36
-41
-46
-54
-61
-68
-76
-81
-91
-98
-104
-115
-119
-133
-148
-159
-171
-179
-190
-201
-209
-211
-205
-196
-184
-169
-152
-135
-116
-102
-87
-77
-73
-65
-55
-39
-26
-14
7
33
62
92
122
154
178
196
214
225
226
226
222
215
205
194
191
179
166
163
160
153
143
133
122
106
88
62
34
3
-31
-57
-88
-116
-139
-153
-160
-166
-165
-166
-164
-157
-151
-141
-128
-111
-94
-74
-55
-36
-18
6
30
58
89
111
126
134
133
126
113
97
73
50
30
12
-7
-25
-45
-67
-86
-103
-112
-120
-137
-136
-128
-125
-111
-105
-95
-79
-59
-31
2
35
66
104
139
166
185
197
204
200
190
176
151
126
96
70
47
24
5
-18
-32
-36
-38
-36
-34
-34
-34
-34
-36
-42
-50
-57
-59
-61
-57
-54
-53
-54
-55
-52
-53
-56
-60
-70
-74
-80
-90
-97
-108
-118
-124
-122
-119
-116
-109
-98
-82
-68
-55
-42
-29
-16
-4
10
26
40
58
71
85
102
116
131
142
152
159
164
169
162
150
135
115
98
82
64
57
55
60
67
78
86
88
83
74
61
37
8
-23
-57
-86
-115
-137
-150
-154
-146
-133
-122
-110
-97
-83
-75
-72
-72
-69
-62
-53
-32
-12
14
44
76
104
127
148
161
162
155
137
111
82
48
13
-18
-44
-70
-89
-104
-117
-130
-144
-161
-175
-187
-196
-205
-213
-204
-190
-170
-144
-111
-68
-21
25
73
118
159
193
216
224
225
214
200
182
158
134
111
94
78
68
60
51
44
35
25
17
9
0
-7
-13
-23
-35
-43
-44
-44
-39
-32
-29
-22
-17
-15
-10
-16
-25
-37
-56
-74
-89
-101
-113
-121
-129
-139
-145
-149
-155
-154
-150
-147
-137
-122
-107
-88
-65
-46
-17
9
36
71
103
131
158
174
182
183
181
168
150
138
126
113
102
94
86
82
76
65
63
60
57
62
62
62
64
53
40
31
7
-15
-31
-55
-66
-67
-73
-75
-66
-67
-69
-62
-58
-55
-45
-39
-33
-17
-5
5
22
38
50
64
75
83
96
101
103
95
84
66
44
21
-7
-31
-55
-85
-111
-133
-155
-175
-181
-189
-193
-191
-191
-184
-167
-151
-136
-118
-94
-67
-41
-10
19
51
79
100
117
128
133
135
128
119
112
105
95
83
64
43
31
18
9
10
14
18
26
32
32
36
36
33
31
25
24
25
26
23
20
16
11
-2
-13
-27
-38
-48
-64
-84
-101
-116
-132
-147
-160
-173
-181
-181
-181
-178
-165
-148
-125
-101
-72
-41
-11
19
48
73
100
130
156
178
199
213
221
228
226
220
211
192
173
152
134
117
105
92
75
64
53
50
46
39
37
31
29
23
12
5
-4
-25
-41
-63
-88
-100
-112
-123
-130
-140
-146
-140
-136
-128
-119
-107
-89
-73
-58
-40
-23
-2
12
22
41
49
63
72
71
74
66
56
47
28
14
-7
-32
-57
-78
-96
-114
-132
-147
-159
-169
-176
-183
-183
-175
-170
-154
-135
-117
-84
-54
-24
9
49
87
121
155
179
198
213
211
207
204
195
186
170
150
138
115
98
84
65
58
47
37
36
30
24
29
21
14
12
0
-8
-12
-28
-34
-47
-64
-76
-89
-101
-111
-125
-131
-130
-138
-135
-137
-141
-138
-137
-131
-129
-123
-112
-100
-91
-73
-59
-43
-15
4
29
57
79
107
131
148
157
170
173
176
178
164
160
145
128
114
89
66
47
27
13
-4
-21
-30
-36
-43
-37
-40
-43
-38
-40
-32
-28
-26
-26
-26
-22
-21
-26
-27
-26
-23
-18
-9
-12
-7
-1
3
15
21
28
37
40
39
33
26
18
19
14
5
2
-12
-18
-19
-36
-46
-63
-80
-86
-94
-95
-100
-104
-99
-97
-89
-81
-79
-75
-66
-58
-47
-38
-29
-15
-1
11
20
28
40
58
73
86
99
103
103
107
104
101
104
96
90
83
74
72
66
66
70
66
62
59
46
36
28
17
8
-2
-11
-20
-23
-26
-26
-23
-31
-42
-52
-60
-62
-61
-64
-67
-66
-62
-62
-63
-68
-76
-80
-87
-94
-98
-101
-94
-87
-73
-55
-40
-26
-12
5
19
33
45
50
59
70
78
88
92
96
101
96
95
84
70
59
42
25
15
5
-3
-2
-4
-1
7
15
18
18
15
13
7
0
-10
-23
-30
-40
-45
-48
-48
-40
-30
-17
-7
2
7
14
24
30
33
32
29
25
24
20
16
19
18
19
17
13
9
2
-4
-14
-27
-40
-52
-65
-75
-85
-91
-92
-88
-82
-79
-71
-67
-58
-50
-44
-37
-27
-22
-19
-21
-26
-23
-19
-6
8
20
33
45
57
72
86
96
105
108
110
106
99
91
89
90
93
94
94
91
86
81
72
58
40
24
6
-7
-19
-28
-30
-33
-35
-39
-46
-55
-60
-65
-68
-70
-73
-73
-76
-80
-87
-91
-93
-95
-96
-93
-90
-88
-81
-77
-76
-70
-63
-58
-47
-36
-23
-12
-6
2
10
15
21
28
37
51
59
69
77
84
92
95
94
91
85
78
72
63
56
50
52
55
61
69
72
74
70
65
59
47
31
19
8
2
-8
-14
-16
-19
-16
-13
-12
-6
-5
-5
-5
-14
-17
-23
-35
-43
-51
-57
-58
-59
-51
-43
-37
-29
-28
-28
-33
-43
-53
-67
-77
-84
-92
-88
-82
-76
-67
-61
-52
-46
-42
-33
-33
-36
-35
-39
-38
-35
-34
-28
-22
-10
6
23
44
60
68
84
95
104
109
107
111
107
100
96
88
85
84
81
84
80
80
82
75
73
66
56
47
31
19
6
-10
-20
-34
-43
-49
-57
-59
-65
-70
-68
-70
-71
-73
-80
-89
-93
-90
-91
-93
-91
-88
-85
-78
-72
-70
-66
-61
-58
-55
-49
-37
-24
-13
-4
5
14
27
37
44
55
63
71
78
82
84
85
88
87
89
84
84
84
78
72
64
56
53
49
45
38
28
21
19
17
13
4
-6
-14
-19
-18
-18
-21
-19
-17
-16
-15
-21
-24
-27
-30
-32
-31
-29
-23
-12
-6
-5
-8
-12
-10
-6
-6
-8
-7
-6
-12
-17
-28
-40
-54
-62
-66
-70
-71
-75
-68
-67
-69
-70
-72
-69
-62
-59
-57
-50
-44
-35
-25
-19
-12
-6
1
10
22
35
52
69
82
91
96
97
98
105
107
104
108
111
120
124
124
122
116
110
103
92
81
66
53
43
31
22
14
5
-5
-21
-39
-51
-58
-65
-71
-79
-90
-99
-108
-115
-114
-115
-117
-117
-120
-118
-115
-113
-105
-96
-89
-84
-77
-69
-61
-55
-51
-43
-34
-26
-10
5
22
40
54
67
75
83
88
91
97
99
104
103
99
100
98
93
88
82
77
70
64
59
54
51
44
38
31
23
16
13
7
4
0
-6
-11
-14
-18
-19
-18
-18
-18
-20
-24
-25
-27
-28
-31
-38
-43
-46
-51
-56
-61
-66
-67
-68
-67
-66
-69
-68
-72
-74
-74
-76
-78
-78
-76
-72
-67
-59
-53
-46
-42
-39
-35
-31
-25
-21
-15
-6
5
18
27
41
54
65
75
81
89
92
95
99
103
105
109
110
114
119
122
121
124
121
118
115
108
103
97
92
84
78
74
64
57
46
31
16
-2
-20
-32
-46
-59
-67
-73
-84
-91
-101
-110
-118
-123
-124
-128
-127
-130
-132
-132
-133
-131
-129
-128
-118
-110
-104
-92
-79
-62
-48
-34
-23
-12
2
21
41
58
72
86
96
103
103
104
104
103
102
93
82
68
52
32
15
-1
-18
-26
-40
-54
-59
-62
-61
-60
-55
-50
-41
-29
-20
-10
-3
3
16
27
38
47
54
58
65
74
77
81
78
75
72
64
59
52
43
31
21
8
-8
-23
-36
-52
-70
-81
-91
-101
-109
-112
-113
-111
-105
-99
-94
-87
-76
-66
-51
-35
-21
-6
6
13
19
27
32
38
44
51
55
59
63
65
72
83
92
102
106
110
114
110
110
109
102
96
95
85
75
61
44
33
26
18
10
2
-7
-14
-19
-28
-32
-35
-37
-38
-43
-47
-55
-59
-64
-68
-68
-67
-65
-64
-64
-68
-71
-74
-80
-89
-92
-96
-98
-96
-94
-93
-88
-82
-78
-75
-68
-57
-47
-37
-20
-8
5
23
33
46
61
69
77
86
91
98
101
99
99
87
76
66
56
48
42
35
28
20
11
4
5
5
6
13
12
13
16
15
18
19
17
19
17
15
15
14
16
18
18
14
9
6
-5
-16
-24
-37
-43
-53
-63
-62
-68
-68
-70
-73
-71
-73
-70
-66
-63
-57
-53
-50
-49
-49
-46
-42
-40
-32
-23
-17
-8
5
14
22
35
40
44
51
55
56
63
64
67
72
74
80
86
91
93
97
96
97
96
91
88
83
77
73
68
62
56
50
43
35
23
14
1
-15
-27
-41
-55
-67
-77
-86
-94
-97
-103
-104
-102
-102
-97
-91
-86
-84
-81
-80
-80
-83
-86
-88
-92
-92
-90
-87
-80
-72
-61
-47
-30
-13
2
16
26
33
42
48
56
57
57
58
58
58
59
60
64
68
71
69
68
62
54
49
39
31
26
19
14
13
14
15
18
24
29
34
36
35
34
29
27
26
26
29
30
35
38
40
44
42
41
38
30
21
9
-8
-24
-39
-53
-60
-60
-62
-57
-51
-48
-43
-45
-44
-46
-49
-52
-57
-60
-66
-69
-68
-66
-60
-52
-45
-33
-22
-12
-1
11
17
20
24
28
27
26
25
26
26
32
39
44
51
57
65
69
69
66
66
63
60
58
53
50
46
43
44
41
40
43
43
40
40
33
24
14
0
-11
-29
-40
-50
-60
-66
-72
-76
-80
-81
-82
-83
-83
-85
-83
-86
-92
-95
-100
-104
-98
-95
-89
-76
-64
-51
-33
-19
-7
7
18
24
29
30
32
38
39
48
60
68
80
88
92
97
98
100
101
101
91
81
70
56
46
39
31
27
24
17
10
5
5
1
-2
-2
-10
-17
-23
-28
-31
-30
-30
-30
-29
-26
-27
-26
-21
-18
-17
-20
-24
-27
-33
-36
-36
-36
-36
-37
-40
-40
-37
-36
-30
-22
-21
-22
-16
-18
-19
-16
-16
-12
-7
-6
-4
0
5
11
15
21
25
24
26
25
21
19
18
15
12
10
10
12
18
23
29
31
30
32
28
29
28
26
29
28
26
26
25
25
26
27
24
18
15
9
6
4
1
0
-5
-9
-15
-20
-22
-29
-35
-38
-46
-50
-52
-51
-47
-45
-37
-35
-32
-26
-28
-27
-27
-25
-24
-24
-16
-11
-7
-2
2
7
12
14
20
23
29
33
35
39
42
44
42
39
39
30
23
20
15
13
9
3
-6
-9
-15
-22
-26
-32
-36
-38
-41
-39
-37
-32
-23
-17
-10
-2
6
12
18
25
29
34
37
41
46
49
51
54
56
56
53
44
35
24
14
4
-8
-17
-21
-27
-33
-31
-34
-36
-38
-41
-45
-46
-49
-50
-48
-43
-37
-37
-33
-28
-27
-21
-18
-16
-13
-10
-8
-4
-1
0
2
3
5
9
13
15
16
20
21
23
25
27
27
29
31
32
35
34
34
38
41
39
38
35
34
30
27
28
22
15
9
2
-2
-4
-10
-13
-13
-19
-23
-25
-28
-32
-36
-33
-34
-36
-38
-41
-40
-38
-38
-36
-36
-40
-40
-34
-30
-24
-21
-17
-10
-4
0
4
10
16
22
28
36
41
40
41
43
43
41
39
38
34
29
24
19
13
6
-2
-5
-9
-18
-21
-23
-26
-24
-25
-26
-27
-31
-30
-21
-14
-10
-7
-5
-1
5
11
15
20
24
29
36
37
39
38
36
32
30
23
18
14
7
6
2
-5
-9
-17
-20
-21
-23
-24
-27
-29
-31
-32
-35
-34
-32
-28
-21
-21
-17
-18
-20
-14
-12
-10
-8
-12
-13
-12
-9
-6
0
2
3
4
3
9
13
12
16
23
26
32
36
37
39
38
37
38
33
29
26
23
18
17
14
10
9
7
5
3
2
5
-1
-2
-6
-11
-11
-13
-16
-19
-20
-22
-24
-30
-36
-37
-43
-50
-53
-54
-50
-44
-37
-31
-25
-17
-10
-8
-7
2
10
17
25
29
32
35
36
39
43
48
50
52
53
49
45
39
30
18
13
5
-3
-4
-5
-7
-12
-16
-19
-23
-29
-37
-40
-41
-44
-44
-42
-42
-38
-33
-27
-21
-10
2
11
21
31
37
43
45
44
48
51
53
51
46
48
41
33
24
12
0
-13
-25
-33
-40
-45
-51
-55
-55
-54
-51
-48
-45
-45
-40
-36
-30
-24
-19
-15
-14
-13
-9
-7
-7
-7
-7
-2
1
5
6
9
12
14
18
19
23
27
29
30
30
32
33
35
34
36
34
38
43
42
44
39
31
30
22
19
15
10
6
2
-4
-9
-12
-14
-17
-17
-19
-19
-16
-19
-19
-18
-19
-17
-17
-17
-14
-15
-16
-15
-18
-19
-18
-21
-23
-22
-21
-19
-21
-20
-21
-21
-17
-12
-5
0
4
7
8
12
15
16
18
16
16
14
10
9
9
8
4
3
1
1
2
0
2
3
2
0
-2
-3
-5
-5
-7
-4
-1
2
8
10
13
18
18
19
23
26
29
30
28
25
24
22
19
15
10
10
6
-1
-7
-13
-20
-26
-28
-29
-35
-38
-44
-47
-44
-45
-44
-38
-38
-33
-27
-23
-16
-12
-7
-3
0
2
8
12
11
15
18
21
26
31
33
34
32
28
27
24
22
22
20
20
21
20
20
24
25
27
29
28
26
22
17
17
13
12
10
4
1
-1
-7
-9
-14
-19
-19
-22
-23
-28
-30
-32
-34
-38
-40
-39
-41
-44
-48
-50
-51
-47
-42
-39
-37
-30
-22
-14
-12
-8
-5
-2
5
7
10
12
16
19
20
21
25
27
26
30
34
35
37
35
34
35
35
38
39
35
33
31
26
22
17
13
6
2
-5
-13
-18
-22
-22
-22
-26
-22
-19
-17
-15
-15
-7
-2
1
3
5
7
9
9
5
5
4
3
3
-1
-3
-7
-11
-13
-13
-14
-14
-15
-15
-17
-15
-14
-8
-10
-11
-8
-6
-2
-3
-2
0
3
7
6
8
10
10
9
5
4
4
3
1
-4
-6
-9
-12
-13
-12
-13
-16
-13
-12
-9
-5
-2
6
7
9
13
19
27
30
31
32
33
35
36
38
35
32
28
24
19
17
15
9
2
-5
-13
-19
-22
-26
-30
-40
-45
-47
-47
-44
-42
-38
-35
-36
-35
-31
-24
-20
-17
-15
-12
-9
-7
-4
-1
0
5
9
17
23
26
28
29
27
26
28
30
32
34
30
26
24
22
22
18
18
17
13
11
7
5
2
-2
-5
-8
-9
-9
-9
-8
-9
-11
-10
-10
-9
-6
-3
0
4
6
10
6
4
5
5
2
0
-2
-2
-6
-9
-9
-9
-11
-11
-14
-17
-20
-22
-23
-24
-27
-28
-24
-25
-24
-19
-19
-16
-15
-13
-12
-10
-10
-5
-2
-3
-3
0
2
2
2
2
4
6
8
11
13
15
17
18
17
17
17
16
16
16
20
25
30
35
42
44
48
53
59
65
67
65
63
59
56
51
44
36
28
18
7
-5
-18
-29
-41
-52
-63
-75
-85
-92
-98
-103
-105
-106
-104
-101
-96
-90
-83
-74
-65
-55
-42
-31
-18
-3
12
26
38
49
56
65
74
80
84
89
93
96
93
88
80
70
60
49
39
27
18
11
0
-6
-12
-19
-22
-27
-31
-36
-43
-47
-48
-46
-43
-40
-37
-33
-30
-25
-20
-16
-11
-3
4
10
14
18
22
26
24
22
21
18
18
19
15
10
5
3
-3
-8
-13
-18
-24
-28
-34
-37
-40
-40
-39
-38
-34
-34
-33
-29
-26
-21
-18
-14
-9
-4
3
7
11
13
16
21
22
23
25
28
29
33
33
33
34
35
32
30
27
25
25
22
20
19
19
18
16
15
12
9
7
6
5
4
4
5
5
7
6
7
4
2
5
6
3
-1
-2
-6
-13
-17
-23
-29
-33
-35
-36
-37
-40
-40
-42
-44
-47
-48
-49
-47
-43
-38
-34
-29
-24
-17
-11
-6
0
3
9
16
20
25
32
33
35
38
37
34
35
35
35
34
32
30
27
25
22
16
12
11
11
7
7
7
4
0
-3
-7
-11
-13
-12
-12
-14
-12
-11
-10
-8
-8
-8
-9
-9
-8
-7
-6
-3
-4
-5
-3
-1
-1
0
3
6
8
11
13
12
12
10
7
7
9
7
7
11
12
11
11
9
7
5
4
3
2
2
0
-1
-2
-5
-7
-10
-13
-15
-15
-15
-13
-11
-10
-9
-11
-13
-14
-17
-15
-12
-13
-13
-8
-5
-4
1
2
3
4
5
4
5
5
5
4
1
-3
-5
-4
-5
-5
-9
-9
-9
-10
-10
-10
-10
-12
-13
-16
-17
-19
-16
-13
-13
-11
-12
-8
-4
0
5
6
9
12
13
16
20
21
26
28
29
29
30
31
30
30
28
25
22
18
14
9
5
-2
-3
-6
-12
-15
-15
-15
-14
-12
-9
-8
-7
-4
-6
-5
-4
-2
-2
0
3
6
6
9
9
7
7
8
7
10
10
13
16
16
15
16
13
11
10
5
2
-3
-6
-10
-13
-15
-19
-20
-20
-24
-23
-21
-19
-17
-14
-10
-5
-2
3
5
5
5
5
3
2
1
-3
-1
-2
-4
-7
-7
-8
-10
-11
-11
-10
-10
-7
-4
-3
-2
-1
1
-2
-1
0
-2
-3
0
-1
-2
-2
0
0
1
4
4
5
7
8
8
12
12
11
8
6
7
5
4
5
4
3
4
4
3
-1
-5
-7
-8
-9
-9
-9
-6
-4
-4
-3
-6
-3
-2
-3
-2
-1
0
3
1
4
8
8
9
9
8
10
11
11
12
9
8
7
3
-1
-3
-5
-6
-6
-7
-7
-4
-6
-8
-10
-10
-6
-2
-4
-4
-5
-5
-4
-4
-5
-4
-2
1
6
9
14
15
13
12
12
10
9
10
8
7
2
-2
-2
-5
-6
-10
-12
-14
-17
-17
-19
-14
-12
-10
-8
-6
-5
-3
-2
4
10
11
12
12
12
11
10
10
11
13
12
11
8
4
8
4
3
2
-3
-8
-13
-14
-15
-18
-21
-22
-19
-18
-14
-8
-4
2
3
4
5
7
9
10
11
10
10
10
7
6
5
6
8
10
8
7
5
1
3
0
0
-1
-2
-7
-8
-11
-15
-15
-16
-18
-14
-10
-4
1
2
5
4
5
8
8
10
11
9
5
4
2
1
4
3
5
9
7
6
7
8
6
4
3
0
-3
-8
-12
-16
-18
-18
-15
-13
-7
0
3
5
6
4
6
8
6
6
3
0
-3
-7
-7
-4
0
3
6
3
1
3
3
5
8
9
10
9
7
6
3
1
0
-2
-3
-3
-5
-5
-5
-6
-7
-6
-6
-8
-8
-7
-9
-5
1
5
11
13
13
14
11
6
1
-3
-8
-7
-9
-10
-9
-10
-13
-15
-18
-18
-18
-18
-15
-12
-9
-6
-5
-2
0
4
7
8
12
14
16
21
22
22
20
18
19
17
15
16
16
14
14
10
7
7
4
1
-3
-7
-11
-15
-19
-24
-25
-24
-21
-18
-16
-14
-10
-8
-5
-3
1
2
5
8
8
7
7
6
7
4
7
6
6
10
9
9
11
10
8
7
4
3
0
-2
-1
-4
-7
-8
-11
-15
-17
-18
-19
-17
-15
-14
-11
-10
-7
-3
-1
1
3
5
6
6
7
6
6
7
8
12
17
19
19
19
21
21
18
16
13
12
9
6
3
-4
-6
-6
-9
-9
-9
-10
-9
-11
-11
-11
-9
-10
-7
-6
-9
-9
-8
-7
-5
-6
-5
-7
-8
-9
-10
-9
-10
-9
-10
-13
-14
-19
-21
-19
-18
-15
-9
-5
-3
-2
-2
0
1
0
-1
-1
0
2
4
4
4
5
2
1
3
4
5
7
10
9
11
14
15
18
17
15
15
14
14
11
7
2
0
0
1
2
4
3
6
5
5
7
6
8
9
9
12
11
12
7
7
6
6
9
10
15
18
16
18
17
17
16
16
18
16
15
12
8
5
3
1
-3
-8
-14
-17
-19
-17
-13
-10
-8
-7
-5
-7
-11
-13
-17
-18
-18
-16
-14
-12
-11
-10
-6
-7
-3
-3
-4
-6
-9
-14
-14
-15
-14
-11
-10
-8
-7
-7
-9
-11
-12
-14
-12
-12
-12
-8
-6
-3
-3
-2
-2
0
2
2
4
4
5
8
9
9
10
8
5
0
-2
-5
-6
-7
-6
-5
-4
-1
1
3
4
4
4
2
2
3
3
4
8
12
17
20
22
21
22
21
18
16
13
12
11
10
8
7
10
11
10
13
8
4
-1
-3
-6
-7
-5
-4
-5
-4
-5
-7
-8
-8
-9
-11
-13
-14
-12
-12
-10
-7
-3
-2
-2
-2
-4
-2
1
1
3
5
6
8
10
10
12
13
12
11
5
3
0
-1
-4
-5
-4
-7
-9
-11
-12
-10
-9
-10
-11
-13
-17
-17
-18
-16
-14
-14
-11
-9
-8
-6
-6
-3
-1
2
6
9
12
14
15
16
17
18
15
13
11
7
4
2
2
-1
0
2
2
2
1
0
-1
-3
-4
-4
-5
-9
-11
-11
-7
-4
-2
-2
-1
-1
-1
-2
-2
-5
-5
-6
-6
-5
-3
0
3
7
7
6
5
5
5
4
2
0
3
2
0
0
1
2
4
3
2
3
4
6
8
8
9
8
6
5
4
1
0
-1
-4
-5
-2
-1
2
3
3
3
2
1
0
-5
-9
-10
-10
-8
-7
-5
-3
-5
-5
-6
-9
-8
-7
-6
-2
1
5
6
5
2
1
1
-1
0
1
4
10
11
11
11
9
4
1
-3
-6
-7
-7
-5
-4
-2
-2
-4
-5
-10
-9
-11
-11
-9
-11
-12
-12
-11
-12
-12
-12
-12
-7
-5
1
3
4
5
4
5
4
4
6
