SAMPLES:	22786
BITSPERSAMPLE:	16
CHANNELS:	1
SAMPLERATE:	16000
NORMALIZED:	FALSE
27
35
48
47
47
44
36
20
13
9
9
13
13
17
14
12
12
15
11
8
11
11
13
10
11
12
7
15
10
12
9
15
19
11
8
-9
-19
-26
-12
1
16
32
41
39
26
20
9
3
5
5
8
5
-16
-19
-32
-25
-16
-4
6
-12
-16
-30
-24
-9
22
40
48
51
36
36
23
23
25
12
15
18
23
24
18
7
-14
-27
-30
-30
-27
-22
-18
-25
-23
-20
1
23
29
42
30
11
-2
-11
-6
-9
-11
-14
-20
-16
-17
-3
-8
-13
-24
-49
-59
-65
-57
-49
-36
-29
-30
-35
-34
-23
-25
-22
-28
-28
-29
-27
-11
-12
-10
-14
-21
-17
-19
-16
-21
-31
-41
-60
-67
-71
-59
-36
-22
-13
-14
-15
-17
-7
1
0
3
8
4
5
17
35
46
48
46
36
22
8
2
-9
-19
0
15
23
29
24
27
37
50
44
45
62
67
84
95
82
70
60
59
61
60
60
56
49
35
18
-4
-23
-17
-3
5
8
11
19
36
43
53
58
42
40
39
36
41
39
30
21
8
6
9
-1
-8
-7
-18
-28
-31
-43
-59
-60
-55
-37
-17
-20
-9
10
10
18
18
5
-5
-7
5
15
11
13
16
9
-15
-31
-36
-49
-49
-58
-76
-76
-84
-88
-78
-84
-90
-84
-88
-78
-65
-64
-46
-37
-36
-20
-9
0
21
31
33
18
8
9
7
15
21
21
9
-8
-5
-4
-9
-1
5
8
12
7
15
26
20
17
19
16
17
7
-2
0
-5
7
5
-10
10
22
29
40
42
45
43
41
37
32
34
34
35
22
8
13
9
3
-2
-1
3
2
7
-1
-2
-1
-2
4
-6
-7
15
8
9
35
45
54
44
36
36
27
30
31
12
-4
-10
-10
-5
-5
10
19
8
-1
-21
-33
-32
-39
-32
-29
-25
-2
2
8
23
13
9
6
2
0
-7
-22
-26
-20
-37
-40
-33
-36
-26
-25
-32
-34
-44
-50
-51
-44
-25
-24
-13
-10
-4
0
-16
-16
-15
-20
-28
-31
-39
-41
-50
-52
-46
-52
-46
-51
-60
-47
-44
-47
-35
-35
-32
-23
-31
-28
-26
-38
-35
-29
-26
-10
4
0
7
-7
-23
-17
-10
8
20
19
23
21
26
42
51
57
72
70
64
69
72
77
86
90
78
78
71
63
66
70
65
55
53
50
45
53
50
48
54
55
55
52
52
50
56
57
50
59
55
41
46
43
40
46
50
43
39
41
34
14
18
15
1
16
10
10
19
10
6
0
-1
-9
-9
-14
-23
-37
-52
-56
-70
-70
-69
-74
-78
-73
-75
-81
-86
-96
-92
-99
-98
-88
-96
-97
-94
-81
-72
-60
-55
-57
-47
-51
-53
-56
-65
-66
-68
-64
-57
-63
-52
-50
-60
-54
-56
-66
-64
-70
-75
-71
-77
-71
-59
-51
-38
-30
-24
-17
-15
-13
-6
19
39
53
66
56
64
77
90
103
109
115
117
110
105
107
101
103
114
125
128
125
121
109
101
90
83
85
80
92
96
89
85
89
82
75
73
64
67
59
52
55
45
43
51
43
36
45
36
38
36
33
37
28
30
17
1
-5
-15
-4
-3
-15
-24
-45
-55
-62
-65
-55
-59
-53
-60
-66
-75
-87
-90
-106
-113
-115
-118
-122
-124
-125
-134
-137
-137
-127
-123
-119
-109
-110
-107
-110
-94
-85
-81
-63
-67
-67
-60
-53
-47
-58
-55
-50
-60
-63
-64
-74
-63
-53
-53
-40
-36
-28
-16
-7
9
35
48
52
53
44
47
48
47
51
51
57
43
41
38
28
35
31
32
35
61
73
81
99
95
96
90
79
79
85
81
82
91
89
102
117
120
112
110
90
70
65
54
51
51
43
41
39
41
55
46
52
54
30
22
11
0
3
2
-6
-9
-17
-22
-25
-35
-39
-39
-46
-47
-40
-43
-42
-30
-30
-24
-18
-23
-23
-25
-24
-12
-17
-20
-15
-17
-27
-30
-27
-19
-3
-2
-4
-12
-29
-33
-36
-47
-42
-29
-30
-23
-9
-19
-26
-25
-41
-55
-61
-65
-67
-67
-59
-47
-43
-40
-17
-5
2
5
3
-4
-17
-5
-8
-4
7
3
12
22
17
15
9
2
-3
-5
-9
-11
-10
-17
-15
-15
-7
11
27
28
20
25
16
6
3
-17
-30
-29
-17
-10
11
25
22
20
22
28
18
27
25
18
29
28
36
53
63
72
76
57
38
47
57
51
50
36
35
42
39
39
31
27
16
24
36
24
12
10
4
-14
-16
-22
-32
-33
-29
-20
-7
4
23
30
25
9
-1
-2
-6
-5
-10
-15
-26
-19
-6
-10
-28
-44
-50
-61
-65
-68
-65
-64
-65
-56
-51
-49
-56
-47
-27
-29
-22
-18
-12
-6
-18
-13
-25
-40
-52
-57
-48
-58
-57
-53
-50
-58
-62
-69
-64
-59
-54
-38
-45
-47
-41
-30
-11
8
20
26
31
47
63
65
65
51
34
28
30
40
53
47
48
51
45
33
19
9
-8
-7
-8
0
19
33
46
63
77
64
49
47
42
45
54
57
72
80
79
86
83
81
71
71
71
47
34
22
17
22
25
21
23
30
26
31
30
19
13
10
2
-7
-6
-15
-14
-9
-13
-8
-4
-6
-7
-9
-6
1
10
-4
-25
-40
-71
-78
-88
-92
-92
-97
-93
-80
-67
-58
-53
-60
-57
-66
-76
-63
-66
-71
-66
-70
-68
-58
-61
-56
-44
-50
-42
-33
-34
-27
-26
-30
-40
-38
-31
-31
-23
-22
-16
-7
2
2
-7
-6
-12
9
26
32
43
37
36
42
46
49
52
56
58
65
75
84
82
75
71
56
51
53
58
65
74
78
72
81
90
81
82
77
74
81
80
74
69
65
54
51
47
35
32
36
39
38
37
32
19
7
-9
-11
-9
-11
0
-3
-6
-8
-17
-20
-28
-30
-30
-37
-42
-48
-47
-48
-56
-62
-82
-103
-103
-100
-96
-94
-94
-99
-99
-98
-97
-90
-73
-72
-64
-54
-60
-53
-59
-64
-62
-72
-69
-64
-75
-75
-72
-69
-64
-68
-69
-79
-72
-50
-39
-30
-19
-5
6
10
19
26
27
32
23
17
16
8
3
-7
-9
-4
5
19
23
33
54
72
84
84
84
91
89
89
92
93
99
100
106
101
101
110
105
103
96
81
85
90
90
98
95
95
92
84
84
82
77
83
81
70
61
55
40
29
43
45
35
29
22
15
3
-8
-17
-25
-25
-18
-24
-26
-32
-32
-34
-44
-40
-55
-70
-60
-60
-58
-53
-61
-75
-87
-88
-94
-105
-98
-96
-94
-84
-74
-67
-66
-55
-57
-68
-70
-73
-64
-63
-55
-43
-58
-70
-77
-92
-104
-95
-94
-87
-60
-46
-39
-28
-25
-21
-15
-1
18
19
23
17
6
-3
2
4
-7
-4
-6
-17
-22
-23
-20
-1
19
33
40
39
42
45
53
67
88
98
93
88
85
81
80
79
74
66
65
58
44
23
26
27
21
39
47
50
52
57
56
64
74
73
72
58
53
47
35
38
49
52
56
56
46
35
23
17
12
8
12
19
20
25
33
24
11
3
-4
-8
-8
-11
-17
-29
-47
-57
-78
-91
-85
-82
-81
-80
-72
-70
-68
-63
-63
-64
-69
-66
-71
-73
-77
-83
-82
-83
-82
-76
-76
-74
-70
-78
-85
-86
-73
-57
-38
-23
-15
-10
-6
-4
-5
-3
-10
-13
-9
-11
-10
-23
-31
-38
-40
-28
-27
-22
-9
2
10
19
21
29
38
47
49
52
53
52
54
47
39
32
30
34
34
39
33
35
40
46
58
60
64
77
81
79
79
65
64
61
55
59
54
57
58
61
55
48
53
43
43
34
19
10
1
8
14
21
17
22
22
22
21
10
10
7
3
5
9
0
-14
-18
-31
-34
-40
-49
-46
-45
-40
-39
-21
-14
-14
-12
-18
-18
-20
-16
-13
-10
-9
-1
5
-6
-17
-34
-40
-47
-57
-48
-34
-21
-13
-1
1
6
6
-8
-5
-2
-14
-15
-11
-13
-20
-28
-40
-52
-65
-80
-78
-79
-72
-63
-52
-34
-33
-30
-23
-12
-12
-12
-2
-5
-1
6
19
24
24
23
30
33
21
13
4
0
1
-1
7
11
15
18
28
30
24
28
31
32
33
43
54
56
42
28
29
30
21
25
34
43
46
36
34
30
25
20
15
9
8
9
12
22
25
28
38
45
48
45
38
27
18
14
8
-1
-6
-7
-12
-8
-9
-12
-12
-7
-9
-9
-4
-4
0
3
-8
-13
-7
-3
-3
-12
-21
-28
-35
-38
-37
-35
-33
-38
-36
-31
-28
-30
-31
-21
-25
-28
-29
-34
-32
-28
-34
-37
-34
-37
-39
-46
-47
-39
-34
-37
-43
-42
-45
-48
-45
-36
-27
-23
-18
-18
-27
-36
-38
-42
-43
-37
-42
-39
-37
-40
-32
-27
-14
0
13
23
28
24
27
25
22
17
18
28
20
21
22
19
22
37
52
55
64
63
55
55
61
64
65
65
62
56
45
40
34
36
40
46
60
68
76
77
81
79
88
83
70
68
48
49
57
57
51
42
31
25
31
38
55
65
66
61
54
47
32
23
24
20
20
24
17
-7
-25
-44
-51
-51
-51
-51
-56
-59
-60
-62
-62
-61
-67
-61
-55
-59
-60
-66
-86
-97
-107
-117
-117
-130
-134
-119
-110
-96
-85
-88
-88
-86
-89
-82
-75
-74
-74
-79
-82
-83
-84
-84
-80
-81
-67
-55
-52
-52
-61
-65
-53
-47
-39
-28
-22
-11
3
6
2
0
6
10
22
38
43
51
66
68
62
64
74
76
76
86
94
99
104
114
121
120
120
123
129
134
138
140
141
139
133
126
114
95
87
81
72
64
61
57
61
53
42
49
44
36
42
46
42
36
33
30
34
40
38
17
-3
-25
-45
-46
-47
-60
-71
-69
-65
-62
-56
-61
-67
-67
-61
-42
-40
-47
-45
-49
-49
-42
-41
-41
-46
-47
-46
-52
-47
-56
-59
-56
-59
-57
-64
-67
-63
-63
-59
-48
-41
-44
-40
-32
-29
-33
-36
-30
-20
-15
-9
-6
-11
-12
-19
-27
-22
-24
-26
-21
-21
-22
-13
2
-1
-3
2
7
9
21
26
15
20
26
19
21
14
-2
-9
-1
2
10
27
21
16
29
36
28
35
39
37
43
51
52
56
54
43
36
26
26
28
22
9
-1
-3
-13
-10
8
8
8
15
20
23
25
29
18
20
17
4
-4
-16
-27
-35
-31
-23
-28
-22
-8
-15
-19
-18
-13
-9
-2
14
22
19
21
18
13
9
16
18
19
33
33
32
25
25
22
27
30
23
19
11
6
6
-7
-21
-21
-21
-29
-30
-30
-30
-27
-32
-42
-43
-33
-32
-27
-20
-18
-18
-8
10
20
20
10
4
-8
-7
-8
1
9
7
4
7
9
1
-2
-8
-12
-13
5
14
8
8
3
4
7
3
10
17
14
-6
-20
-32
-35
-21
-17
-14
-13
-6
-4
3
0
-14
-21
-30
-31
-30
-28
-30
-26
-26
-30
-3
33
50
62
53
43
41
6
-13
-7
-4
-7
-13
-17
-37
-35
-4
22
51
59
52
45
31
19
27
39
36
13
-16
-21
-4
27
37
28
5
-23
-34
-32
-36
-34
-16
-4
-8
-29
-46
-39
-11
8
2
-9
-9
-10
-13
0
-2
-14
-17
-42
-41
-22
-16
8
23
24
19
23
23
14
20
28
23
21
8
8
33
50
51
38
32
14
5
-2
-17
-17
-12
-9
8
23
20
18
15
2
-13
-26
-42
-53
-40
-21
-24
-19
1
7
13
21
24
19
8
-2
-7
-15
-14
-3
6
4
-6
-12
-1
6
2
-4
-15
-20
-10
-1
1
2
-12
-26
-20
-19
-29
-31
-20
-11
-15
-12
-1
6
23
30
36
34
27
32
45
55
34
14
11
10
10
16
31
47
47
37
35
30
27
4
-2
7
-5
-20
-14
3
12
16
18
24
13
5
0
-4
-35
-51
-57
-58
-49
-71
-80
-73
-50
-56
-70
-66
-73
-81
-77
-91
-114
-119
-121
-125
-123
-119
-126
-134
-148
-147
-145
-143
-102
-70
-81
-90
-81
-68
-54
-24
-18
-25
-30
-35
-42
-58
-47
-55
-69
-55
-60
-80
-82
-39
-9
-25
-4
-5
-21
-23
-1
50
60
82
117
134
131
144
157
176
179
153
127
110
101
83
134
287
461
565
655
769
901
998
1044
1096
1099
1008
881
759
600
431
344
313
247
185
145
169
225
241
205
174
151
33
-119
-242
-323
-386
-457
-526
-628
-724
-794
-782
-707
-670
-643
-622
-624
-668
-679
-649
-617
-602
-619
-650
-665
-632
-572
-510
-425
-357
-315
-300
-301
-243
-211
-184
-152
-140
-144
-177
-162
-85
19
86
119
174
220
223
260
276
250
175
28
-102
-188
-257
-308
-310
-314
-308
-296
-271
-242
-233
-212
-186
-169
-204
-233
-229
-184
-104
-62
-59
-63
-66
-60
-25
-8
-6
-1
-41
-85
-114
-129
-94
-59
-47
-30
7
47
116
203
237
291
365
402
428
454
495
525
534
528
506
481
463
468
543
731
1004
1267
1459
1689
1956
2160
2261
2288
2269
2161
1955
1661
1316
993
742
533
359
169
37
-34
-88
-118
-187
-265
-332
-447
-638
-860
-1065
-1205
-1359
-1541
-1704
-1789
-1784
-1744
-1676
-1581
-1460
-1323
-1216
-1158
-1127
-1114
-1033
-963
-964
-986
-1024
-977
-877
-808
-688
-576
-470
-355
-278
-185
-83
27
122
156
174
186
211
284
373
444
472
487
535
557
544
500
431
399
331
237
142
40
-11
-48
-87
-129
-167
-181
-194
-218
-226
-220
-203
-217
-260
-312
-356
-330
-276
-264
-266
-248
-238
-244
-257
-268
-275
-292
-313
-323
-321
-290
-263
-215
-143
-97
-36
36
146
288
434
580
678
715
746
776
756
702
680
663
630
617
652
714
805
890
952
983
941
980
1226
1607
1902
2089
2269
2528
2745
2792
2745
2672
2543
2252
1805
1280
796
420
146
-107
-395
-684
-824
-854
-893
-979
-1049
-1012
-998
-1117
-1338
-1516
-1593
-1630
-1711
-1818
-1962
-2036
-2050
-2059
-2050
-2003
-1873
-1775
-1720
-1678
-1583
-1428
-1274
-1200
-1194
-1199
-1144
-1023
-932
-892
-836
-694
-538
-416
-332
-203
-42
78
215
303
328
394
462
509
485
450
480
482
447
396
404
471
492
465
431
393
381
329
249
129
13
-52
-121
-184
-208
-177
-148
-135
-115
-41
29
78
110
128
133
134
171
164
96
65
90
104
108
91
105
145
149
144
157
189
210
167
108
74
79
129
150
177
276
425
548
632
721
825
904
981
1065
1040
961
908
862
815
768
773
841
893
924
985
1180
1539
1944
2173
2277
2436
2626
2697
2571
2383
2174
1901
1476
1002
568
224
-38
-240
-441
-664
-787
-797
-763
-833
-999
-1145
-1252
-1443
-1745
-2079
-2331
-2464
-2592
-2784
-2954
-2955
-2811
-2645
-2481
-2260
-1989
-1710
-1476
-1313
-1214
-1104
-968
-908
-972
-1108
-1190
-1182
-1165
-1154
-1145
-1120
-1050
-977
-892
-790
-647
-454
-307
-242
-166
-47
113
263
433
605
722
870
1012
1101
1136
1155
1173
1113
958
799
646
501
413
326
233
158
129
176
209
261
357
418
468
493
515
519
501
508
502
461
407
414
494
572
612
640
663
655
615
540
402
239
118
-2
-120
-223
-311
-396
-425
-384
-283
-133
58
245
388
504
628
778
836
865
831
799
720
703
742
739
750
754
844
892
944
967
1109
1344
1614
1829
1961
2157
2391
2562
2524
2430
2300
2157
1868
1511
1100
724
443
217
-47
-406
-678
-846
-964
-1216
-1494
-1750
-1937
-2140
-2441
-2792
-3084
-3222
-3312
-3462
-3547
-3451
-3186
-2860
-2583
-2268
-1962
-1629
-1336
-1103
-986
-911
-838
-819
-908
-1071
-1174
-1275
-1334
-1420
-1448
-1434
-1354
-1261
-1143
-976
-799
-569
-324
-80
93
327
566
777
928
1073
1225
1278
1322
1403
1501
1496
1471
1490
1497
1408
1275
1167
1035
845
658
527
429
375
362
356
306
280
345
424
488
564
661
763
851
918
948
960
959
964
921
764
574
424
251
22
-174
-312
-411
-503
-571
-622
-667
-656
-614
-570
-532
-487
-388
-269
-166
-19
118
255
400
567
723
823
883
923
923
840
749
658
566
498
510
551
587
804
1233
1684
2028
2358
2743
3141
3369
3379
3268
3054
2739
2298
1787
1250
787
450
135
-238
-564
-744
-846
-957
-1139
-1376
-1638
-1910
-2260
-2721
-3235
-3636
-3860
-4038
-4197
-4234
-4054
-3698
-3331
-2961
-2529
-2083
-1684
-1356
-1121
-994
-932
-873
-886
-1069
-1296
-1443
-1548
-1628
-1629
-1552
-1461
-1373
-1241
-1013
-788
-579
-362
-138
43
225
477
684
828
983
1143
1230
1289
1415
1543
1592
1612
1634
1643
1596
1533
1459
1327
1159
1001
874
741
599
500
462
423
378
378
425
497
620
757
859
952
1130
1270
1291
1286
1276
1228
1114
939
720
512
270
-7
-244
-457
-639
-794
-857
-885
-968
-945
-836
-693
-542
-408
-219
-52
97
258
389
527
676
809
900
937
926
933
910
890
901
919
905
899
953
1002
979
1116
1537
1947
2199
2342
2652
3042
3231
3166
3088
2958
2724
2344
1870
1334
783
387
1
-508
-1026
-1359
-1614
-1891
-2243
-2554
-2817
-3063
-3315
-3645
-4039
-4269
-4315
-4349
-4382
-4306
-3998
-3623
-3288
-2901
-2402
-1928
-1535
-1200
-955
-826
-738
-632
-641
-812
-1039
-1162
-1275
-1415
-1475
-1421
-1388
-1399
-1294
-1068
-860
-711
-488
-217
-23
77
227
393
480
545
655
715
786
979
1240
1437
1577
1746
1930
2061
2064
2039
2010
1899
1750
1592
1411
1216
1076
995
963
914
928
1061
1205
1351
1517
1671
1804
1935
1981
1952
1856
1776
1652
1418
1135
880
635
369
113
-97
-260
-449
-638
-775
-875
-1012
-1177
-1323
-1423
-1476
-1401
-1253
-1080
-857
-612
-351
-79
230
515
732
844
911
908
828
687
551
476
382
298
310
416
552
929
1520
2062
2446
2818
3224
3576
3671
3538
3378
3096
2666
2023
1327
670
113
-315
-677
-1051
-1357
-1534
-1676
-1837
-2077
-2375
-2720
-3154
-3643
-4153
-4639
-4951
-5129
-5249
-5285
-5154
-4797
-4223
-3604
-2969
-2301
-1688
-1145
-688
-311
-14
158
203
77
-189
-409
-612
-799
-999
-1134
-1184
-1287
-1376
-1320
-1101
-894
-763
-625
-435
-288
-149
64
337
554
754
1007
1245
1507
1828
2186
2474
2666
2806
2906
2936
2889
2742
2537
2269
1970
1681
1368
1114
987
924
871
803
828
963
1135
1328
1469
1557
1636
1689
1679
1595
1464
1363
1212
936
649
404
181
-55
-274
-486
-680
-853
-998
-1093
-1192
-1242
-1232
-1187
-1143
-1067
-920
-760
-586
-394
-256
-121
57
224
350
462
575
673
733
713
699
712
675
639
601
598
613
673
966
1370
1700
1953
2227
2574
2819
2799
2677
2527
2275
1895
1388
808
282
-191
-559
-915
-1351
-1672
-1916
-2152
-2389
-2650
-2919
-3241
-3591
-3941
-4381
-4771
-4957
-4986
-4916
-4829
-4601
-4127
-3599
-3013
-2340
-1681
-1081
-597
-178
153
328
496
587
432
160
-114
-298
-497
-707
-794
-856
-941
-993
-909
-733
-591
-489
-322
-161
-42
136
380
629
844
1020
1198
1395
1648
1986
2255
2443
2599
2716
2766
2799
2808
2735
2566
2359
2120
1848
1567
1360
1266
1164
1060
995
980
1040
1155
1283
1394
1446
1539
1627
1652
1589
1479
1374
1186
927
642
341
81
-119
-342
-564
-763
-877
-940
-1023
-1117
-1216
-1277
-1290
-1266
-1283
-1312
-1278
-1153
-1005
-894
-777
-535
-251
-68
101
258
382
475
493
466
425
336
309
314
299
287
347
620
1036
1359
1628
1909
2225
2526
2540
2387
2256
2029
1685
1179
577
39
-417
-771
-1058
-1370
-1657
-1838
-1993
-2174
-2471
-2794
-3098
-3445
-3851
-4295
-4643
-4809
-4890
-4872
-4745
-4510
-4080
-3521
-2887
-2244
-1621
-994
-395
108
478
733
953
1075
1005
851
679
544
403
200
50
-103
-252
-302
-288
-133
10
107
263
451
635
763
878
1048
1210
1300
1380
1455
1633
1850
2001
2130
2250
2339
2418
2499
2525
2495
2372
2219
2067
1847
1600
1390
1238
1112
901
725
697
773
862
937
1019
1113
1234
1346
1409
1376
1306
1199
996
705
429
194
-1
-239
-495
-667
-841
-988
-1092
-1181
-1357
-1551
-1655
-1731
-1851
-1896
-1879
-1804
-1690
-1572
-1378
-1114
-772
-433
-114
166
432
611
713
741
754
699
541
390
282
302
290
268
494
868
1126
1336
1600
1954
2161
2102
2022
1909
1614
1223
785
332
-173
-635
-865
-1122
-1457
-1682
-1810
-1966
-2197
-2462
-2715
-3008
-3306
-3604
-3973
-4325
-4474
-4439
-4304
-4116
-3808
-3285
-2679
-1986
-1303
-647
-43
463
887
1118
1207
1309
1373
1232
974
734
585
431
284
237
193
173
257
428
625
719
804
940
1004
951
901
960
982
883
785
741
703
799
956
1081
1189
1338
1596
1799
1873
1942
1993
1938
1796
1615
1427
1204
1021
922
788
631
623
767
913
990
1097
1277
1444
1559
1595
1527
1334
1122
934
639
267
-29
-211
-377
-624
-820
-901
-962
-1017
-1034
-1080
-1226
-1347
-1423
-1522
-1642
-1690
-1651
-1601
-1525
-1395
-1161
-880
-556
-234
29
234
393
514
594
590
562
514
394
317
325
364
393
602
951
1231
1428
1673
1955
2172
2154
1990
1799
1505
1154
659
101
-388
-795
-1067
-1320
-1672
-1865
-1900
-1915
-1988
-2124
-2295
-2523
-2748
-2983
-3374
-3782
-3988
-4048
-4056
-4058
-3876
-3461
-2930
-2325
-1668
-1021
-374
187
691
1087
1245
1367
1513
1470
1223
1031
959
919
833
858
897
858
934
1096
1259
1316
1265
1258
1199
950
679
465
303
96
-118
-231
-324
-328
-115
113
328
592
909
1249
1424
1567
1744
1842
1885
1861
1730
1602
1481
1460
1494
1391
1313
1362
1477
1558
1599
1665
1673
1643
1604
1457
1232
1005
770
506
214
-42
-204
-359
-524
-695
-848
-957
-1031
-1083
-1156
-1297
-1442
-1529
-1697
-1899
-1966
-1906
-1832
-1777
-1623
-1377
-1142
-803
-433
-140
137
354
613
738
700
737
725
654
554
425
392
396
552
923
1178
1314
1535
1974
2319
2154
1861
1664
1418
1053
395
-405
-1025
-1460
-1749
-2036
-2415
-2589
-2412
-2110
-2017
-2187
-2218
-2106
-2135
-2283
-2609
-3050
-3307
-3408
-3544
-3766
-3836
-3417
-2830
-2323
-1799
-1150
-281
528
1077
1504
1792
1975
2129
2068
1794
1454
1270
1220
995
744
654
688
765
802
851
964
1060
1120
1080
898
686
448
223
-31
-373
-605
-662
-626
-524
-370
-107
246
653
1045
1307
1544
1833
1976
1972
1927
1831
1718
1584
1470
1402
1355
1331
1366
1463
1580
1638
1689
1765
1757
1718
1669
1578
1408
1188
912
557
221
-117
-446
-694
-895
-1081
-1269
-1432
-1484
-1492
-1552
-1636
-1697
-1726
-1742
-1750
-1719
-1631
-1555
-1434
-1278
-1102
-896
-647
-356
-143
44
319
604
771
818
825
923
990
929
800
660
725
956
1160
1272
1276
1375
1581
1628
1457
1172
849
532
138
-442
-1121
-1630
-1880
-2026
-2213
-2344
-2306
-2193
-1994
-1899
-1877
-1852
-1895
-1937
-2104
-2404
-2610
-2653
-2695
-2878
-3026
-2865
-2537
-2158
-1673
-1125
-587
-14
553
1032
1390
1631
1866
1953
1795
1498
1223
1057
917
746
638
567
541
632
741
858
1003
1131
1170
1059
877
714
520
332
95
-222
-464
-562
-518
-414
-301
-128
127
403
626
827
1027
1220
1353
1402
1409
1333
1341
1422
1435
1428
1505
1646
1753
1854
1963
2015
2025
2021
1966
1863
1709
1482
1235
976
625
288
44
-193
-470
-712
-862
-1015
-1221
-1361
-1470
-1600
-1702
-1851
-1954
-1973
-1954
-1832
-1729
-1615
-1466
-1263
-982
-784
-575
-284
-12
233
432
580
759
890
964
965
896
881
823
773
932
1074
1158
1292
1408
1605
1769
1692
1551
1293
869
452
-127
-735
-1384
-1974
-2208
-2448
-2702
-2740
-2685
-2492
-2261
-2100
-1906
-1873
-1913
-1940
-2149
-2413
-2677
-2863
-2948
-3145
-3209
-2982
-2633
-2151
-1608
-1007
-335
268
913
1506
1839
2132
2310
2263
2080
1740
1441
1141
825
610
416
295
356
477
659
855
998
1241
1330
1239
1177
1051
864
585
258
-35
-366
-585
-625
-679
-668
-460
-194
110
378
687
1067
1298
1480
1621
1667
1668
1658
1642
1589
1465
1451
1594
1638
1652
1782
1943
2018
2003
2035
2063
1947
1796
1569
1275
918
497
162
-181
-606
-936
-1175
-1364
-1568
-1727
-1761
-1856
-1922
-1980
-2098
-2154
-2115
-1986
-1883
-1861
-1701
-1493
-1284
-1020
-773
-467
-148
113
395
633
798
982
1105
1106
1003
928
898
834
900
1116
1299
1486
1621
1830
2014
1897
1753
1504
1005
478
-96
-697
-1343
-2032
-2447
-2690
-2976
-3094
-3020
-2824
-2605
-2353
-2008
-1840
-1801
-1675
-1720
-1972
-2225
-2428
-2529
-2700
-2823
-2641
-2394
-2048
-1491
-822
-71
559
1128
1728
2089
2287
2489
2452
2150
1711
1285
933
496
195
78
-48
-60
69
324
628
829
1121
1389
1379
1271
1141
977
681
280
-18
-334
-651
-710
-646
-593
-395
-75
246
536
768
1055
1307
1377
1381
1310
1246
1165
1070
1069
994
941
1122
1322
1461
1648
1938
2219
2288
2339
2434
2405
2254
2047
1766
1380
920
518
157
-293
-717
-1012
-1235
-1496
-1772
-1893
-1940
-2071
-2177
-2276
-2323
-2278
-2195
-2076
-1978
-1841
-1592
-1332
-1130
-916
-622
-264
10
282
585
840
1073
1264
1327
1265
1192
1183
1120
972
1074
1314
1445
1574
1616
1694
1799
1615
1398
1025
425
-53
-595
-1216
-1890
-2517
-2777
-2924
-3135
-3138
-3033
-2770
-2465
-2268
-2033
-1945
-1957
-1963
-2148
-2403
-2578
-2722
-2739
-2826
-2802
-2526
-2167
-1569
-895
-224
504
1161
1797
2290
2484
2624
2704
2498
2058
1586
1171
805
422
167
46
-40
0
174
460
694
856
1109
1290
1250
1097
934
779
505
177
-98
-295
-349
-313
-236
-122
155
510
814
1102
1336
1511
1623
1580
1453
1292
1077
921
796
642
589
715
973
1189
1342
1655
2000
2223
2321
2330
2330
2237
1987
1651
1201
723
302
-152
-599
-1026
-1332
-1461
-1583
-1708
-1773
-1750
-1652
-1634
-1666
-1719
-1704
-1557
-1495
-1526
-1467
-1351
-1184
-1062
-928
-683
-459
-196
77
278
529
761
911
1044
997
921
918
846
700
541
665
923
1008
1086
1225
1422
1578
1490
1258
922
508
93
-492
-1206
-1896
-2423
-2688
-2919
-3152
-3204
-3101
-2896
-2674
-2460
-2250
-2110
-2037
-2071
-2288
-2544
-2668
-2681
-2675
-2671
-2576
-2292
-1774
-1085
-354
305
995
1686
2257
2623
2747
2851
2845
2496
1973
1475
982
550
208
-72
-281
-388
-301
-65
195
451
763
1077
1232
1244
1215
1199
1157
980
679
396
233
243
362
490
649
858
1105
1337
1487
1621
1700
1655
1497
1238
945
721
551
428
326
272
355
573
825
1092
1432
1707
1813
1843
1874
1806
1665
1415
1077
683
257
-80
-383
-663
-908
-1098
-1237
-1390
-1539
-1585
-1527
-1522
-1614
-1696
-1678
-1624
-1615
-1582
-1495
-1323
-1150
-999
-839
-678
-434
-115
156
347
481
634
844
958
1000
974
876
818
709
493
345
484
744
839
826
903
1131
1258
1091
823
548
183
-283
-878
-1529
-2155
-2569
-2710
-2938
-3219
-3270
-3073
-2768
-2498
-2288
-2121
-2031
-2005
-2065
-2287
-2510
-2545
-2445
-2376
-2375
-2172
-1680
-1047
-335
334
991
1639
2200
2642
2839
2869
2876
2707
2221
1558
957
536
190
-175
-454
-625
-633
-439
-140
157
413
726
1071
1235
1181
1165
1182
1076
863
641
517
491
585
775
951
1139
1447
1806
2067
2162
2200
2214
2027
1653
1256
868
484
151
-64
-168
-216
-106
174
521
874
1196
1524
1757
1866
1936
1927
1745
1412
1042
695
308
-106
-448
-719
-944
-1104
-1203
-1257
-1261
-1246
-1241
-1329
-1505
-1650
-1758
-1873
-1996
-2104
-2165
-2143
-2022
-1819
-1582
-1241
-796
-371
4
374
757
1055
1181
1209
1162
1007
857
727
545
323
103
102
329
445
562
770
976
1179
1131
977
824
423
-6
-485
-1158
-1814
-2411
-2703
-2804
-3037
-3098
-2940
-2733
-2448
-2192
-1908
-1670
-1637
-1609
-1682
-1828
-1867
-1899
-1889
-1867
-1812
-1519
-1068
-587
12
575
1107
1641
2008
2294
2444
2431
2397
2122
1650
1251
833
485
129
-182
-272
-430
-476
-214
81
399
651
863
1114
1148
1176
1257
1177
1080
920
808
820
834
1023
1247
1410
1652
1863
2062
2234
2228
2179
2007
1646
1298
892
466
106
-202
-333
-386
-363
-94
248
604
978
1313
1638
1828
1964
2058
1918
1600
1189
751
327
-160
-582
-902
-1207
-1469
-1652
-1694
-1673
-1690
-1730
-1793
-1905
-2024
-2092
-2140
-2217
-2266
-2263
-2177
-2007
-1797
-1492
-1077
-603
-103
313
702
1046
1239
1381
1388
1255
1049
792
610
401
103
-122
-303
-318
-158
-27
193
382
505
645
608
493
297
-45
-356
-807
-1329
-1752
-2128
-2272
-2345
-2421
-2317
-2199
-2010
-1719
-1540
-1337
-1185
-1207
-1218
-1296
-1401
-1450
-1475
-1373
-1267
-1122
-769
-337
146
661
1117
1589
1982
2231
2419
2394
2189
1898
1470
1013
565
126
-180
-430
-592
-592
-523
-257
125
478
803
991
1150
1305
1311
1302
1218
1067
938
806
844
958
1068
1312
1577
1811
2033
2221
2359
2355
2193
1964
1637
1171
645
180
-181
-512
-759
-838
-759
-500
-84
369
814
1255
1651
1963
2108
2068
1889
1542
1110
612
68
-467
-976
-1322
-1601
-1859
-1940
-1966
-1982
-1969
-2022
-2051
-2160
-2353
-2460
-2584
-2680
-2684
-2616
-2432
-2221
-1913
-1426
-911
-380
184
735
1196
1441
1559
1670
1659
1511
1266
964
655
350
109
-70
-240
-365
-338
-131
91
282
467
607
672
576
427
217
-159
-587
-976
-1302
-1636
-1916
-1956
-1830
-1677
-1499
-1234
-914
-635
-473
-373
-315
-432
-619
-808
-1010
-1157
-1237
-1247
-1184
-1087
-841
-470
-93
318
705
1055
1329
1421
1419
1291
1040
822
561
262
-43
-309
-429
-454
-440
-277
-5
330
691
916
1106
1237
1321
1418
1385
1295
1238
1185
1175
1174
1220
1377
1562
1785
1989
2085
2182
2230
2125
1923
1598
1234
823
335
-70
-391
-624
-701
-660
-455
-115
281
735
1148
1493
1819
2072
2152
2044
1732
1348
909
378
-170
-690
-1122
-1450
-1706
-1902
-1987
-2012
-2018
-2046
-2103
-2189
-2374
-2553
-2692
-2888
-3048
-3081
-2967
-2782
-2530
-2097
-1504
-906
-363
227
844
1312
1554
1720
1778
1696
1482
1190
891
498
133
-130
-346
-493
-599
-632
-516
-348
-149
61
200
295
364
291
102
-140
-411
-636
-867
-1043
-1122
-1154
-997
-740
-509
-168
157
392
515
449
356
201
-122
-465
-830
-1142
-1350
-1448
-1372
-1250
-1081
-750
-357
8
336
602
886
1056
1033
963
813
576
333
92
-108
-300
-415
-319
-138
77
391
773
1178
1449
1581
1726
1782
1713
1630
1465
1251
1044
948
991
1012
1079
1250
1491
1732
1834
1860
1853
1732
1518
1209
828
409
14
-306
-611
-828
-887
-785
-523
-160
273
708
1113
1506
1818
2025
2066
1928
1644
1186
623
32
-536
-1083
-1605
-1975
-2232
-2402
-2456
-2454
-2375
-2317
-2334
-2333
-2405
-2539
-2658
-2801
-2894
-2954
-2963
-2801
-2516
-2106
-1557
-902
-190
450
1030
1552
1903
2115
2150
2006
1757
1347
918
568
209
-64
-208
-286
-330
-394
-389
-315
-196
29
195
290
307
212
143
36
-121
-223
-312
-340
-332
-278
-99
60
292
627
914
1118
1161
1099
985
743
438
40
-481
-973
-1365
-1621
-1765
-1825
-1682
-1422
-1139
-807
-499
-183
108
290
357
325
224
107
-14
-134
-220
-235
-134
8
207
496
853
1215
1536
1778
1931
2004
1980
1891
1705
1432
1146
921
753
601
522
543
624
744
851
934
1010
1070
1069
973
766
498
242
14
-203
-420
-545
-556
-455
-285
-49
257
629
994
1315
1577
1698
1729
1685
1527
1172
694
189
-345
-899
-1381
-1787
-2073
-2243
-2348
-2361
-2329
-2260
-2202
-2181
-2203
-2278
-2398
-2502
-2661
-2819
-2839
-2722
-2472
-2110
-1611
-956
-281
361
971
1451
1854
2085
2138
2079
1810
1446
1078
616
225
-91
-332
-470
-633
-684
-665
-661
-534
-461
-442
-304
-230
-118
-64
-135
-36
99
215
384
418
586
895
1119
1402
1549
1683
1921
2002
1976
1765
1332
974
492
-75
-551
-1094
-1398
-1572
-1739
-1695
-1593
-1360
-1019
-856
-652
-494
-419
-361
-495
-587
-591
-627
-558
-465
-356
-50
315
724
1079
1353
1681
1929
2069
2136
2004
1825
1627
1335
1035
654
373
228
79
18
30
98
249
348
468
563
585
644
642
525
356
205
108
-57
-243
-243
-209
-135
-19
107
307
539
803
1076
1210
1214
1215
1161
1029
770
484
183
-240
-709
-1118
-1497
-1764
-1964
-2139
-2260
-2348
-2374
-2370
-2346
-2338
-2343
-2386
-2436
-2545
-2577
-2470
-2308
-2096
-1821
-1438
-916
-321
287
873
1364
1754
1973
2064
2065
1939
1697
1384
998
635
325
75
-94
-212
-262
-284
-348
-409
-379
-395
-426
-525
-657
-672
-607
-400
-191
21
372
791
1304
1789
2168
2578
2894
3072
3071
2878
2586
2242
1777
1175
441
-288
-835
-1277
-1569
-1742
-1854
-1815
-1653
-1483
-1258
-1047
-877
-789
-828
-937
-1103
-1203
-1243
-1257
-1226
-1134
-914
-544
-126
339
839
1310
1642
1836
1914
1960
1937
1782
1499
1050
617
291
28
-218
-398
-492
-482
-422
-354
-254
-117
15
114
128
65
33
35
40
32
-10
-38
71
241
417
603
795
944
1105
1250
1332
1385
1380
1350
1281
1090
865
710
496
233
-86
-407
-680
-969
-1190
-1369
-1596
-1804
-2022
-2207
-2332
-2440
-2515
-2595
-2633
-2660
-2626
-2482
-2281
-2012
-1649
-1263
-856
-420
58
575
1042
1388
1603
1727
1779
1733
1553
1326
1036
748
462
166
-56
-207
-327
-426
-551
-620
-654
-692
-636
-659
-712
-748
-773
-647
-408
-70
455
922
1364
1877
2379
2933
3355
3582
3744
3695
3441
3056
2393
1678
945
260
-328
-987
-1550
-1900
-2084
-2020
-1926
-1839
-1603
-1441
-1292
-1186
-1209
-1229
-1300
-1478
-1639
-1828
-1850
-1667
-1425
-1026
-595
-121
456
1016
1515
1933
2226
2404
2327
2117
1787
1329
949
534
97
-208
-529
-802
-845
-781
-661
-580
-475
-327
-257
-197
-118
-112
-61
15
79
139
187
340
569
781
946
1110
1291
1399
1366
1356
1309
1199
1107
991
787
582
456
346
206
40
-107
-266
-494
-776
-1020
-1256
-1511
-1809
-2068
-2367
-2605
-2669
-2634
-2566
-2522
-2402
-2192
-1977
-1682
-1295
-950
-636
-396
-138
123
346
589
756
847
923
938
961
953
861
763
600
434
296
186
39
-135
-260
-374
-521
-615
-687
-762
-737
-677
-566
-381
-186
107
425
709
1167
1610
2116
2576
2790
3053
3226
3258
3222
2953
2634
2232
1734
1294
693
159
-182
-446
-632
-846
-1064
-1082
-1001
-879
-790
-790
-797
-897
-1072
-1242
-1442
-1588
-1613
-1724
-1789
-1758
-1558
-1160
-723
-277
128
474
826
1104
1275
1383
1359
1238
983
597
209
-54
-282
-515
-768
-957
-1053
-1063
-981
-929
-862
-781
-715
-657
-552
-386
-184
3
203
387
592
841
1064
1282
1481
1589
1581
1591
1614
1602
1507
1352
1208
1067
909
770
663
624
513
341
186
-46
-323
-628
-922
-1299
-1771
-2213
-2569
-2813
-2980
-3057
-2997
-2875
-2699
-2471
-2119
-1671
-1266
-845
-462
-174
38
250
399
478
543
548
510
483
497
565
616
616
632
634
552
429
344
268
98
-151
-364
-543
-705
-751
-676
-582
-433
-166
247
661
1047
1438
1726
1993
2219
2382
2523
2572
2503
2441
2350
2205
2029
1829
1678
1479
1256
1073
800
534
353
177
46
-180
-466
-707
-909
-1004
-1097
-1230
-1397
-1573
-1665
-1685
-1718
-1703
-1606
-1549
-1490
-1323
-1076
-782
-462
-160
44
151
283
401
467
511
487
403
274
112
36
-29
-163
-326
-526
-670
-810
-934
-956
-1029
-1137
-1143
-1101
-1000
-851
-648
-344
-32
272
580
909
1251
1528
1737
1870
1876
1801
1746
1698
1621
1481
1319
1183
1049
985
928
846
749
557
314
40
-328
-777
-1253
-1747
-2233
-2687
-3066
-3338
-3456
-3406
-3245
-2978
-2570
-2051
-1546
-1053
-566
-132
217
438
538
549
552
532
470
426
395
406
479
585
694
776
837
837
707
491
267
5
-251
-506
-805
-1025
-1079
-1032
-866
-562
-172
287
770
1241
1701
2080
2281
2347
2280
2182
2062
1949
1857
1634
1471
1483
1557
1671
1745
1846
1995
2064
2097
1958
1686
1431
1079
677
182
-424
-912
-1250
-1489
-1642
-1763
-1771
-1693
-1626
-1491
-1362
-1267
-1168
-1181
-1210
-1247
-1325
-1326
-1304
-1306
-1286
-1224
-1064
-779
-519
-218
61
232
339
295
211
110
-71
-354
-741
-1107
-1363
-1576
-1719
-1812
-1795
-1630
-1426
-1144
-797
-446
-24
431
778
1070
1339
1614
1825
1876
1879
1844
1756
1694
1663
1653
1598
1498
1471
1478
1462
1382
1244
1034
706
266
-203
-733
-1316
-1829
-2339
-2796
-3093
-3257
-3281
-3180
-2922
-2481
-2007
-1542
-1034
-530
-100
224
442
572
584
547
554
508
445
406
436
568
724
914
1083
1182
1227
1175
1025
787
430
26
-386
-742
-1048
-1293
-1350
-1250
-1015
-664
-156
395
909
1349
1712
2005
2121
2047
1834
1488
1122
840
704
719
747
956
1332
1775
2306
2748
3088
3367
3421
3307
2949
2305
1625
857
136
-557
-1299
-1830
-2159
-2321
-2244
-2131
-1948
-1708
-1542
-1371
-1293
-1303
-1365
-1548
-1739
-1904
-2101
-2192
-2211
-2107
-1840
-1502
-1102
-681
-255
124
366
529
595
455
175
-198
-584
-982
-1414
-1836
-2134
-2290
-2288
-2162
-1909
-1521
-1105
-593
-93
327
731
1075
1352
1556
1655
1773
1875
1936
1953
1913
1887
1886
1906
1963
2026
2001
1910
1784
1641
1385
1040
653
211
-252
-721
-1244
-1715
-2030
-2257
-2448
-2615
-2684
-2616
-2389
-2073
-1689
-1278
-885
-492
-46
326
584
796
983
1090
1058
1006
953
934
915
876
833
795
770
710
575
420
203
-94
-394
-743
-1062
-1301
-1456
-1534
-1527
-1411
-1170
-808
-367
18
340
657
829
935
1071
1132
1107
1014
868
834
918
1178
1552
1877
2277
2732
3172
3617
3888
3976
3951
3649
3107
2346
1484
657
-146
-857
-1527
-2179
-2542
-2650
-2587
-2285
-2005
-1759
-1534
-1427
-1340
-1330
-1429
-1547
-1787
-2017
-2182
-2269
-2162
-1959
-1680
-1294
-914
-567
-213
96
401
534
459
243
-119
-490
-855
-1224
-1570
-1937
-2225
-2348
-2301
-2059
-1765
-1376
-906
-479
-40
411
816
1177
1475
1704
1838
1905
2016
2149
2241
2269
2217
2179
2163
2083
2007
1898
1652
1346
1049
738
469
218
-28
-291
-601
-843
-1029
-1204
-1301
-1387
-1483
-1582
-1664
-1613
-1473
-1248
-967
-744
-527
-275
61
476
781
969
1076
1124
1132
1036
873
694
473
261
30
-209
-370
-510
-631
-768
-944
-1128
-1257
-1263
-1220
-1193
-1162
-1068
-930
-757
-541
-310
-88
58
140
247
359
469
635
788
883
962
1085
1296
1622
2021
2417
2809
3133
3418
3691
3826
3817
3632
3294
2855
2284
1652
956
245
-367
-910
-1335
-1676
-1999
-2159
-2191
-2170
-2070
-1969
-1889
-1792
-1719
-1683
-1738
-1846
-1879
-1882
-1852
-1790
-1699
-1518
-1318
-1072
-783
-575
-411
-277
-230
-218
-315
-515
-779
-1094
-1374
-1623
-1765
-1819
-1853
-1793
-1666
-1451
-1117
-784
-393
1
296
593
853
1067
1266
1454
1699
1877
1927
2000
2106
2198
2231
2130
2004
1836
1585
1380
1184
957
758
551
378
240
130
115
101
64
36
-30
-115
-218
-360
-514
-675
-788
-845
-891
-846
-692
-479
-231
41
317
548
705
720
680
592
372
109
-206
-515
-789
-1044
-1243
-1399
-1462
-1446
-1386
-1323
-1239
-1168
-1088
-944
-808
-710
-648
-591
-547
-537
-508
-414
-320
-209
-27
177
434
714
1009
1394
1689
1953
2217
2434
2697
2912
3152
3377
3443
3435
3375
3185
2968
2634
2217
1756
1160
593
-12
-597
-1042
-1464
-1794
-2067
-2329
-2397
-2349
-2221
-1954
-1724
-1559
-1406
-1291
-1158
-1081
-1046
-1007
-1048
-1103
-1138
-1158
-1107
-1027
-994
-946
-972
-1014
-1013
-1039
-1009
-1080
-1217
-1278
-1358
-1397
-1362
-1306
-1160
-1032
-932
-749
-533
-290
-64
124
324
474
633
876
1090
1302
1542
1757
1914
1970
2023
2118
2091
1909
1650
1354
1142
945
751
611
449
354
340
398
509
590
706
799
791
704
530
336
151
-117
-409
-645
-846
-969
-980
-865
-683
-494
-288
-104
25
111
108
-25
-214
-468
-758
-1069
-1400
-1624
-1786
-1876
-1816
-1687
-1502
-1261
-1000
-708
-474
-343
-239
-180
-153
-173
-273
-348
-406
-397
-248
-46
187
456
733
1096
1470
1760
2054
2274
2421
2480
2425
2420
2336
2240
2267
2276
2314
2261
2201
2254
2202
2073
1823
1464
1105
592
28
-504
-1065
-1520
-1877
-2141
-2252
-2292
-2183
-1901
-1564
-1179
-863
-625
-385
-294
-334
-436
-653
-879
-1163
-1509
-1760
-1957
-2075
-2043
-1967
-1843
-1735
-1654
-1471
-1347
-1235
-1122
-1098
-1035
-1035
-1110
-1098
-1053
-982
-851
-700
-486
-299
-126
208
517
760
1000
1181
1367
1461
1511
1627
1633
1533
1448
1360
1275
1136
1062
1120
1132
1114
1163
1246
1328
1451
1628
1799
1824
1785
1750
1607
1385
1137
852
532
161
-223
-559
-847
-1066
-1195
-1233
-1244
-1225
-1168
-1077
-1003
-985
-976
-1045
-1165
-1271
-1404
-1509
-1581
-1630
-1560
-1415
-1259
-1074
-844
-584
-372
-215
-105
-63
-66
-145
-238
-312
-358
-326
-235
-112
68
303
566
885
1195
1481
1698
1857
1978
1990
1952
1870
1747
1655
1546
1448
1404
1354
1433
1558
1635
1701
1655
1606
1492
1236
961
541
47
-373
-790
-1128
-1436
-1687
-1691
-1554
-1366
-1115
-910
-617
-306
-96
81
60
-80
-284
-583
-866
-1196
-1554
-1819
-2095
-2311
-2437
-2466
-2359
-2262
-2143
-1960
-1752
-1529
-1333
-1215
-1083
-998
-955
-912
-896
-807
-631
-394
-113
127
355
657
904
1059
1123
1152
1177
1118
1021
931
860
853
932
1027
1114
1233
1449
1746
1989
2174
2321
2410
2462
2470
2426
2375
2308
2188
1980
1703
1430
1107
736
323
-103
-495
-870
-1208
-1488
-1730
-1916
-2028
-2117
-2159
-2178
-2132
-2010
-1904
-1842
-1765
-1629
-1426
-1235
-1087
-918
-763
-572
-407
-283
-155
-90
-80
-146
-300
-397
-443
-452
-436
-412
-340
-217
-40
160
376
589
789
950
1089
1208
1270
1285
1279
1208
1135
1104
1097
1163
1226
1341
1456
1508
1531
1454
1275
1084
901
735
547
292
115
49
16
4
-28
-21
70
152
272
332
341
407
439
471
470
345
196
14
-207
-440
-743
-1022
-1310
-1602
-1838
-2061
-2231
-2319
-2380
-2429
-2449
-2409
-2265
-2076
-1919
-1784
-1647
-1498
-1351
-1216
-1028
-814
-638
-476
-296
-131
7
142
291
446
497
454
382
359
387
369
360
404
450
596
879
1214
1582
1955
2279
2559
2815
3049
3234
3344
3401
3358
3249
3090
2832
2537
2196
1766
1289
789
289
-234
-717
-1138
-1582
-2039
-2491
-2855
-3095
-3226
-3291
-3248
-3097
-2895
-2627
-2302
-1924
-1512
-1119
-767
-460
-199
50
208
307
305
176
8
-213
-429
-587
-693
-745
-743
-691
-547
-325
-100
142
400
566
703
801
866
904
859
830
754
672
664
688
794
929
1063
1259
1397
1521
1611
1570
1466
1212
887
571
213
-142
-468
-654
-620
-488
-298
9
473
1049
1599
1979
2177
2284
2339
2273
1941
1389
816
311
-151
-627
-1126
-1533
-1750
-1856
-1897
-1917
-1890
-1774
-1691
-1722
-1841
-1997
-2071
-2124
-2278
-2428
-2518
-2474
-2268
-2033
-1736
-1347
-957
-613
-370
-180
-31
70
173
151
21
-92
-223
-324
-370
-364
-295
-184
11
324
678
1088
1526
1927
2334
2706
3040
3321
3467
3546
3571
3458
3312
3166
3030
2890
2634
2325
1948
1490
1042
568
51
-507
-1149
-1780
-2335
-2753
-3053
-3277
-3413
-3507
-3505
-3337
-3073
-2735
-2319
-1935
-1553
-1164
-797
-462
-214
1
159
196
164
55
-95
-184
-293
-460
-592
-648
-612
-493
-330
-141
52
249
443
590
696
714
652
577
471
340
227
177
210
313
461
634
823
1052
1287
1440
1539
1588
1565
1468
1259
984
711
448
231
58
-79
-125
-43
223
627
1081
1499
1882
2224
2484
2607
2503
2226
1826
1331
795
148
-545
-1091
-1450
-1630
-1782
-1921
-1887
-1761
-1594
-1431
-1392
-1408
-1482
-1624
-1763
-1958
-2120
-2192
-2257
-2301
-2335
-2274
-2066
-1840
-1605
-1377
-1172
-947
-749
-600
-494
-440
-406
-405
-411
-365
-271
-63
212
486
806
1111
1419
1789
2132
2438
2662
2758
2808
2806
2767
2726
2626
2537
2446
2323
2257
2181
2078
1953
1721
1423
1016
487
-59
-658
-1268
-1827
-2357
-2786
-3106
-3295
-3330
-3272
-3094
-2842
-2567
-2237
-1890
-1511
-1114
-796
-537
-354
-219
-60
53
109
150
156
160
135
99
108
84
43
38
69
130
185
243
320
347
311
246
120
-35
-189
-317
-396
-464
-454
-300
-49
237
523
841
1179
1452
1618
1722
1784
1795
1721
1543
1359
1153
898
719
589
464
385
321
346
430
538
749
1004
1245
1379
1430
1476
1475
1400
1205
897
564
206
-89
-369
-683
-885
-981
-1031
-1082
-1128
-1129
-1120
-1088
-1035
-1049
-1108
-1233
-1388
-1508
-1669
-1845
-1999
-2151
-2308
-2432
-2465
-2375
-2202
-2014
-1799
-1537
-1245
-917
-605
-327
-86
70
234
411
575
774
989
1162
1322
1509
1717
1874
1957
2061
2111
2038
1940
1851
1792
1758
1725
1754
1758
1728
1750
1769
1709
1518
1240
936
528
54
-379
-835
-1282
-1670
-1957
-2148
-2288
-2301
-2235
-2128
-1956
-1795
-1608
-1377
-1183
-1046
-936
-839
-730
-638
-565
-487
-421
-331
-258
-170
-16
107
166
209
254
302
332
278
198
79
-45
-169
-320
-426
-563
-671
-662
-654
-659
-601
-418
-144
97
376
678
953
1247
1466
1637
1800
1854
1831
1794
1702
1570
1391
1247
1076
834
687
552
413
295
173
66
-63
-117
-85
4
238
472
661
830
970
1202
1379
1384
1351
1274
1148
937
631
390
123
-117
-298
-599
-882
-1073
-1261
-1426
-1649
-1890
-2085
-2293
-2439
-2573
-2690
-2673
-2635
-2590
-2449
-2234
-1912
-1537
-1198
-879
-577
-322
-119
77
258
389
481
621
783
906
1076
1251
1385
1499
1590
1668
1661
1607
1549
1391
1193
1008
836
692
584
573
648
727
835
982
1145
1253
1281
1226
1025
697
354
2
-415
-788
-1105
-1395
-1625
-1784
-1843
-1798
-1710
-1591
-1492
-1427
-1377
-1336
-1306
-1300
-1275
-1262
-1216
-1124
-1000
-788
-540
-250
75
391
691
921
1059
1094
1012
831
530
156
-214
-589
-929
-1181
-1342
-1412
-1350
-1126
-780
-368
100
595
1044
1461
1796
2006
2108
2120
2039
1888
1713
1487
1265
1099
958
843
755
699
638
589
544
420
311
180
-22
-192
-300
-391
-399
-273
-26
321
701
1134
1519
1858
2193
2332
2312
2193
1907
1539
1043
425
-123
-630
-1066
-1413
-1717
-1890
-1966
-1963
-1903
-1892
-1862
-1767
-1720
-1694
-1669
-1671
-1678
-1701
-1703
-1701
-1706
-1620
-1490
-1364
-1200
-1032
-842
-607
-383
-174
26
228
428
561
636
671
678
719
705
593
493
418
373
352
363
430
571
780
1003
1228
1506
1833
2099
2293
2363
2277
2138
1881
1460
950
406
-132
-655
-1139
-1555
-1888
-2108
-2194
-2174
-2119
-2025
-1897
-1775
-1640
-1569
-1564
-1539
-1507
-1467
-1373
-1212
-969
-631
-236
197
646
1064
1399
1596
1655
1558
1332
1024
595
63
-457
-884
-1225
-1425
-1425
-1245
-938
-562
-136
324
792
1211
1506
1687
1726
1638
1524
1369
1164
974
796
645
528
454
486
567
676
750
732
668
543
383
215
49
-83
-222
-298
-286
-187
104
508
936
1393
1792
2157
2522
2738
2806
2678
2379
2023
1542
1028
490
-106
-565
-938
-1263
-1445
-1550
-1566
-1519
-1470
-1392
-1328
-1310
-1296
-1360
-1492
-1688
-1899
-2053
-2221
-2370
-2435
-2479
-2461
-2355
-2166
-1893
-1633
-1356
-1098
-909
-689
-476
-313
-148
-47
1
24
30
112
252
436
631
763
938
1173
1426
1708
1931
2102
2242
2366
2505
2573
2545
2448
2241
1946
1554
1075
572
45
-483
-1005
-1495
-1906
-2198
-2340
-2394
-2391
-2297
-2173
-2023
-1854
-1717
-1608
-1555
-1496
-1430
-1348
-1132
-849
-553
-209
156
559
991
1381
1682
1853
1860
1724
1454
1111
740
340
-27
-346
-595
-709
-673
-515
-273
25
303
554
814
1021
1147
1181
1124
989
795
611
446
326
284
283
330
397
462
554
676
759
748
697
625
562
494
400
304
225
189
173
218
366
548
799
1086
1357
1638
1859
2052
2217
2280
2243
2018
1701
1376
966
554
128
-256
-571
-883
-1105
-1262
-1410
-1475
-1508
-1569
-1637
-1765
-1938
-2121
-2354
-2608
-2827
-3004
-3164
-3276
-3286
-3256
-3149
-2927
-2637
-2304
-1956
-1617
-1289
-972
-705
-423
-128
127
299
409
590
812
1024
1311
1612
1876
2121
2266
2374
2449
2465
2446
2311
2128
1900
1610
1401
1215
980
741
471
217
-14
-293
-571
-812
-1022
-1221
-1412
-1538
-1596
-1618
-1562
-1447
-1365
-1278
-1127
-975
-807
-702
-643
-531
-424
-252
-78
90
312
511
740
969
1111
1248
1312
1266
1170
1012
859
675
456
261
38
-160
-270
-332
-295
-215
-174
-93
-17
91
192
220
269
230
160
143
87
101
165
233
351
435
563
716
837
989
1050
1032
991
830
669
501
293
159
-7
-109
-93
-61
83
259
481
823
1180
1580
1963
2267
2557
2740
2751
2582
2281
1928
1469
930
342
-300
-857
-1295
-1627
-1836
-2024
-2132
-2145
-2159
-2161
-2248
-2357
-2440
-2638
-2891
-3132
-3344
-3464
-3519
-3498
-3385
-3162
-2790
-2334
-1877
-1406
-950
-493
-57
278
571
828
1091
1296
1403
1546
1700
1857
2019
2093
2149
2149
2026
1872
1631
1311
965
613
306
17
-190
-238
-261
-221
-132
-61
64
182
261
322
301
219
95
-63
-208
-357
-486
-593
-697
-749
-755
-724
-641
-548
-451
-365
-269
-151
-40
85
210
333
453
544
638
747
842
914
925
916
874
763
627
454
215
-62
-359
-611
-805
-933
-972
-957
-894
-794
-654
-472
-271
-93
84
259
418
556
670
781
845
894
913
854
796
723
615
541
439
277
133
-6
-91
-144
-166
-105
-24
120
333
586
915
1293
1676
2084
2421
2627
2764
2780
2660
2445
2093
1654
1134
584
97
-371
-756
-1045
-1291
-1489
-1678
-1859
-1995
-2124
-2248
-2381
-2561
-2758
-2946
-3130
-3281
-3380
-3401
-3300
-3136
-2925
-2636
-2298
-1854
-1348
-883
-476
-133
182
518
852
1202
1470
1614
1732
1785
1837
1889
1887
1875
1753
1525
1253
920
581
238
-96
-414
-738
-936
-963
-829
-518
-147
230
593
890
1147
1339
1381
1297
1089
764
417
118
-97
-267
-405
-504
-596
-619
-525
-375
-229
-156
-156
-186
-252
-316
-311
-309
-334
-333
-264
-95
137
414
707
942
1099
1162
1114
1006
843
616
278
-149
-582
-931
-1148
-1304
-1390
-1402
-1318
-1080
-715
-318
50
361
584
701
756
766
714
598
454
278
113
16
-32
-15
63
159
255
348
446
588
738
868
917
869
828
810
824
865
922
1078
1289
1517
1728
1886
2044
2156
2198
2129
1932
1647
1331
979
523
18
-439
-820
-1140
-1452
-1768
-2002
-2139
-2215
-2281
-2360
-2468
-2582
-2641
-2693
-2765
-2814
-2844
-2840
-2791
-2678
-2465
-2168
-1783
-1347
-902
-447
-40
324
674
953
1196
1344
1365
1312
1176
1028
841
598
373
145
-93
-309
-535
-714
-804
-772
-642
-500
-301
-3
357
787
1183
1459
1670
1797
1869
1870
1755
1573
1334
1054
717
377
139
-41
-171
-234
-314
-384
-402
-424
-460
-549
-665
-767
-887
-931
-884
-727
-484
-235
73
416
771
1098
1353
1531
1586
1525
1338
1019
628
241
-137
-533
-886
-1144
-1270
-1244
-1106
-881
-661
-440
-226
-74
35
62
27
-56
-203
-338
-431
-436
-349
-183
91
383
653
919
1185
1405
1514
1526
1462
1288
1049
773
475
239
28
-102
-127
-88
76
344
709
1097
1432
1747
2004
2171
2265
2227
2047
1730
1317
893
409
-81
-469
-791
-1029
-1231
-1424
-1518
-1565
-1589
-1609
-1703
-1864
-2020
-2183
-2383
-2566
-2704
-2779
-2816
-2784
-2650
-2430
-2089
-1716
-1328
-922
-549
-211
68
289
431
494
479
380
221
41
-128
-266
-359
-408
-443
-455
-416
-335
-208
-23
152
336
547
759
1009
1247
1490
1729
1902
2022
2112
2143
2101
1972
1768
1521
1207
881
571
257
-54
-338
-581
-805
-995
-1095
-1117
-1103
-1059
-956
-827
-693
-523
-295
-46
167
370
553
704
839
957
1036
1068
1069
1036
1002
933
808
686
522
280
37
-191
-426
-657
-826
-982
-1124
-1230
-1321
-1353
-1333
-1241
-1098
-931
-715
-458
-176
114
392
629
846
998
1071
1092
1011
870
714
492
252
10
-202
-290
-323
-274
-144
-16
157
357
572
808
1023
1257
1444
1593
1746
1851
1913
1945
1942
1878
1718
1465
1156
816
498
198
-107
-443
-790
-1052
-1281
-1512
-1712
-1908
-2119
-2315
-2501
-2646
-2738
-2795
-2756
-2713
-2660
-2530
-2360
-2088
-1772
-1462
-1123
-883
-702
-541
-456
-377
-327
-294
-252
-261
-262
-191
-95
52
219
378
514
608
728
861
949
1015
1082
1173
1292
1417
1608
1815
1992
2150
2224
2229
2149
1985
1784
1518
1192
824
441
80
-223
-459
-604
-709
-771
-738
-678
-600
-527
-473
-436
-448
-472
-487
-472
-383
-251
-110
56
244
458
677
872
1055
1165
1205
1124
916
682
384
17
-380
-799
-1186
-1488
-1692
-1777
-1762
-1679
-1548
-1376
-1154
-882
-632
-407
-223
-78
58
154
190
183
170
167
162
165
217
310
434
540
581
588
571
494
411
320
228
111
-13
-58
-9
180
493
832
1196
1574
1943
2296
2586
2828
2999
3055
2949
2643
2222
1767
1270
797
311
-202
-663
-1049
-1323
-1523
-1652
-1717
-1784
-1862
-1969
-2121
-2269
-2375
-2479
-2591
-2719
-2868
-2927
-2870
-2715
-2467
-2171
-1843
-1569
-1321
-1075
-826
-596
-413
-307
-288
-262
-235
-159
-23
120
302
453
560
702
857
1021
1144
1225
1298
1317
1331
1386
1429
1485
1536
1565
1570
1519
1474
1438
1379
1245
1059
842
605
372
156
-37
-232
-410
-542
-606
-642
-634
-598
-574
-544
-508
-449
-365
-271
-142
15
147
321
523
719
884
974
1000
958
853
675
446
141
-183
-486
-783
-1069
-1302
-1432
-1517
-1556
-1538
-1485
-1405
-1311
-1188
-1084
-1005
-902
-817
-707
-574
-456
-306
-149
40
284
525
726
860
951
997
983
907
769
601
405
240
103
9
16
99
298
626
1046
1548
2030
2485
2919
3232
3458
3561
3514
3369
3112
2735
2254
1736
1264
831
403
11
-342
-653
-915
-1157
-1381
-1580
-1793
-2007
-2251
-2533
-2814
-3044
-3192
-3304
-3392
-3445
-3416
-3272
-3046
-2783
-2519
-2232
-1908
-1589
-1314
-1098
-904
-701
-518
-388
-273
-128
65
284
513
725
897
1042
1166
1252
1272
1248
1184
1085
980
846
735
726
781
868
976
1125
1310
1457
1532
1548
1477
1303
1049
763
473
201
-60
-268
-399
-456
-442
-368
-250
-119
24
108
135
118
69
9
-56
-68
-21
66
193
379
611
846
1019
1103
1112
1046
874
603
264
-115
-497
-881
-1243
-1553
-1801
-1972
-2057
-2064
-2000
-1919
-1773
-1588
-1430
-1253
-1047
-818
-590
-379
-155
60
238
383
486
592
713
808
845
842
821
776
724
681
638
588
560
561
614
782
1079
1464
1831
2170
2506
2830
3094
3242
3294
3237
3084
2845
2522
2134
1712
1307
968
635
283
-34
-320
-602
-922
-1267
-1613
-1965
-2307
-2639
-2936
-3168
-3340
-3427
-3452
-3462
-3450
-3391
-3280
-3113
-2931
-2739
-2540
-2348
-2161
-1994
-1820
-1598
-1328
-1033
-736
-431
-109
232
550
819
1026
1140
1212
1254
1241
1188
1101
1006
894
752
665
630
623
697
808
961
1129
1272
1415
1483
1476
1437
1335
1171
960
751
619
510
403
352
314
317
350
351
346
283
217
170
80
-16
-85
-83
7
130
311
564
834
1092
1312
1438
1477
1449
1303
1043
663
180
-314
-810
-1282
-1690
-2037
-2270
-2386
-2420
-2374
-2279
-2092
-1879
-1726
-1579
-1477
-1361
-1180
-997
-783
-600
-480
-298
-67
201
499
746
982
1160
1269
1355
1381
1383
1321
1187
1046
883
770
779
894
1106
1351
1543
1771
2077
2365
2624
2820
2890
2875
2758
2526
2256
1924
1580
1253
879
524
192
-117
-341
-573
-805
-1056
-1390
-1717
-2061
-2369
-2636
-2881
-3053
-3214
-3367
-3410
-3373
-3311
-3231
-3143
-3041
-2935
-2803
-2625
-2362
-2063
-1730
-1349
-970
-600
-245
90
376
603
781
896
964
995
986
946
890
817
731
654
572
513
507
560
640
733
855
1003
1166
1326
1494
1630
1676
1677
1641
1576
1487
1336
1150
960
752
559
434
331
251
212
152
104
76
61
62
82
142
196
269
354
420
514
576
626
678
660
590
463
284
61
-181
-459
-756
-1050
-1328
-1546
-1746
-1873
-1955
-1993
-1977
-1964
-1925
-1859
-1772
-1667
-1587
-1480
-1376
-1232
-1008
-810
-586
-321
-1
346
615
855
1075
1282
1474
1574
1625
1613
1560
1491
1350
1198
1056
993
1057
1137
1236
1372
1525
1802
2100
2319
2460
2517
2563
2526
2358
2134
1879
1664
1432
1104
797
515
282
110
-112
-387
-718
-1038
-1325
-1636
-1940
-2266
-2548
-2750
-2955
-3143
-3310
-3400
-3389
-3350
-3314
-3257
-3131
-2937
-2715
-2485
-2189
-1828
-1462
-1104
-821
-571
-271
5
218
378
461
494
518
492
480
481
502
551
563
581
642
762
938
1120
1211
1263
1330
1389
1476
1556
1571
1580
1544
1424
1308
1236
1232
1239
1187
1093
979
886
823
736
678
607
494
368
231
111
-1
-47
-57
-79
-87
-90
-46
77
150
198
229
213
203
175
119
33
-81
-246
-462
-711
-959
-1182
-1393
-1591
-1717
-1801
-1855
-1858
-1848
-1794
-1706
-1627
-1551
-1460
-1362
-1215
-1035
-825
-568
-274
50
368
680
961
1184
1376
1553
1670
1706
1676
1576
1458
1308
1158
1120
1143
1200
1268
1321
1464
1664
1833
2002
2090
2113
2111
2010
1895
1761
1620
1497
1283
1040
818
603
453
325
175
2
-236
-519
-829
-1194
-1543
-1878
-2211
-2551
-2896
-3182
-3424
-3586
-3673
-3712
-3711
-3619
-3404
-3117
-2804
-2482
-2122
-1790
-1529
-1307
-1136
-957
-779
-629
-480
-364
-218
-53
102
269
435
655
875
1069
1261
1416
1587
1719
1784
1811
1780
1751
1686
1569
1446
1338
1281
1259
1217
1180
1182
1214
1280
1348
1349
1276
1175
1050
907
748
571
398
230
67
-75
-170
-208
-201
-169
-141
-99
-18
78
181
238
230
208
168
85
-20
-139
-232
-314
-401
-501
-628
-736
-848
-954
-1041
-1136
-1203
-1257
-1341
-1419
-1489
-1544
-1567
-1561
-1516
-1412
-1255
-1047
-743
-401
-66
277
588
877
1128
1307
1432
1447
1413
1341
1192
1049
881
759
727
720
781
833
857
980
1124
1267
1443
1562
1689
1811
1855
1897
1879
1848
1837
1756
1661
1530
1380
1289
1179
1023
811
500
150
-244
-707
-1187
-1717
-2219
-2670
-3131
-3512
-3812
-3991
-3990
-3891
-3727
-3544
-3329
-3077
-2839
-2640
-2511
-2396
-2264
-2142
-2019
-1859
-1644
-1363
-1042
-700
-348
4
362
743
1109
1438
1735
1959
2095
2148
2171
2163
2096
1989
1879
1753
1622
1533
1456
1408
1390
1449
1525
1576
1662
1706
1731
1715
1575
1369
1126
843
585
323
57
-153
-301
-360
-390
-412
-367
-256
-125
-34
9
-2
-38
-82
-124
-173
-261
-349
-425
-485
-488
-445
-386
-338
-313
-297
-357
-437
-526
-684
-829
-985
-1182
-1331
-1469
-1540
-1512
-1508
-1473
-1400
-1299
-1119
-912
-701
-496
-283
-53
147
307
463
618
769
888
949
977
942
896
862
779
719
694
680
703
743
828
1018
1234
1440
1637
1784
1942
2084
2136
2127
2101
2117
2113
2006
1858
1700
1535
1319
1021
675
281
-149
-540
-941
-1401
-1845
-2235
-2564
-2852
-3110
-3256
-3306
-3291
-3213
-3162
-3125
-3099
-3043
-2960
-2944
-2893
-2773
-2644
-2485
-2291
-1955
-1515
-1077
-619
-215
177
593
986
1321
1559
1720
1847
1919
1914
1852
1764
1705
1685
1648
1564
1489
1465
1511
1552
1585
1649
1673
1666
1599
1492
1378
1251
1098
869
603
351
141
2
-78
-114
-126
-100
-46
4
55
104
170
200
199
167
39
-72
-188
-298
-374
-474
-528
-580
-615
-540
-418
-272
-125
-34
50
64
26
5
-103
-246
-388
-542
-697
-905
-1068
-1153
-1243
-1272
-1239
-1196
-1108
-998
-851
-713
-613
-517
-426
-350
-300
-197
-119
-30
67
108
164
212
291
415
533
671
871
1044
1186
1364
1562
1776
1952
2088
2275
2409
2459
2504
2468
2384
2273
2123
1950
1732
1482
1229
954
642
318
-36
-369
-719
-1075
-1408
-1758
-2064
-2318
-2548
-2783
-2956
-3035
-3082
-3123
-3132
-3097
-3068
-3036
-2947
-2814
-2714
-2591
-2394
-2170
-1927
-1657
-1301
-914
-573
-214
90
307
540
764
952
1092
1167
1265
1351
1417
1520
1621
1697
1745
1771
1774
1705
1647
1651
1600
1526
1468
1381
1280
1176
1118
1096
1042
964
881
791
673
536
434
343
236
173
156
110
29
-31
-80
-107
-121
-174
-246
-343
-430
-486
-557
-630
-668
-662
-666
-657
-557
-364
-148
73
282
436
500
473
430
313
146
-66
-322
-594
-874
-1085
-1233
-1338
-1389
-1346
-1242
-1108
-958
-826
-733
-703
-724
-786
-875
-958
-979
-882
-769
-680
-484
-197
152
562
944
1322
1681
2004
2275
2416
2509
2592
2620
2554
2401
2255
2191
2136
2043
1923
1774
1648
1517
1347
1145
876
592
332
59
-244
-575
-892
-1189
-1464
-1720
-1937
-2121
-2244
-2359
-2506
-2623
-2693
-2681
-2646
-2638
-2620
-2575
-2471
-2321
-2171
-1974
-1760
-1572
-1404
-1256
-1077
-860
-665
-475
-277
-92
113
305
475
667
853
1039
1222
1359
1450
1509
1543
1530
1464
1375
1278
1216
1155
1102
1115
1165
1247
1332
1353
1333
1324
1310
1291
1185
995
793
583
390
181
4
-74
-100
-112
-88
-48
18
57
60
59
-3
-142
-286
-441
-619
-753
-838
-829
-765
-655
-455
-199
81
336
559
721
776
692
511
297
30
-264
-590
-923
-1210
-1430
-1524
-1479
-1355
-1201
-992
-795
-671
-572
-549
-612
-715
-896
-1115
-1320
-1453
-1442
-1264
-964
-589
-175
266
748
1187
1611
2019
2300
2427
2401
2268
2130
1972
1827
1718
1572
1447
1378
1345
1370
1446
1529
1555
1497
1362
1182
977
705
370
16
-400
-831
-1175
-1463
-1671
-1811
-1914
-1939
-1945
-1966
-1937
-1901
-1883
-1879
-1905
-1964
-2077
-2138
-2144
-2127
-2075
-1998
-1897
-1774
-1627
-1422
-1140
-872
-600
-361
-161
29
168
293
456
607
727
827
920
1077
1238
1369
1480
1535
1568
1595
1631
1727
1788
1777
1773
1779
1764
1704
1609
1494
1357
1170
943
718
503
338
204
101
29
-50
-77
-33
-3
42
99
115
65
-62
-175
-302
-472
-621
-709
-763
-773
-724
-649
-509
-318
-123
50
154
191
162
77
-28
-156
-340
-560
-742
-893
-1009
-1089
-1120
-1080
-1004
-910
-779
-671
-606
-551
-513
-493
-547
-629
-709
-812
-908
-933
-835
-691
-505
-233
74
375
653
925
1176
1399
1564
1629
1615
1557
1508
1445
1409
1391
1356
1361
1394
1435
1493
1518
1558
1600
1562
1435
1211
936
657
349
34
-279
-577
-794
-928
-995
-1025
-1012
-997
-1007
-1059
-1123
-1218
-1357
-1528
-1719
-1916
-2119
-2269
-2326
-2284
-2195
-2063
-1913
-1746
-1547
-1331
-1095
-882
-710
-559
-440
-367
-299
-213
-117
-32
77
244
441
663
909
1146
1378
1576
1708
1795
1849
1860
1810
1688
1550
1423
1267
1100
956
816
688
588
510
422
336
242
153
107
55
8
-34
-80
-127
-155
-152
-141
-112
-64
-51
-76
-110
-140
-173
-239
-309
-348
-390
-436
-450
-460
-463
-420
-376
-360
-353
-370
-370
-355
-348
-314
-290
-267
-254
-245
-233
-212
-188
-180
-178
-190
-219
-240
-277
-335
-367
-404
-408
-395
-389
-337
-287
-221
-113
-31
68
198
318
489
656
774
877
952
1048
1164
1238
1319
1407
1457
1504
1522
1533
1527
1502
1483
1399
1303
1180
1042
910
739
542
344
133
-54
-218
-395
-549
-729
-876
-1021
-1211
-1379
-1561
-1716
-1839
-1962
-2067
-2164
-2234
-2244
-2210
-2156
-2083
-1978
-1845
-1751
-1669
-1556
-1431
-1296
-1147
-1010
-858
-692
-520
-317
-99
153
402
644
864
1062
1264
1450
1603
1709
1762
1758
1743
1705
1658
1606
1522
1437
1335
1220
1102
976
859
719
590
463
309
175
67
-13
-87
-168
-207
-180
-132
-74
-3
56
109
164
195
195
145
82
16
-77
-154
-244
-320
-367
-438
-473
-493
-504
-489
-488
-466
-442
-414
-343
-253
-157
-62
4
46
79
118
156
158
114
24
-69
-140
-171
-190
-193
-174
-179
-208
-240
-286
-330
-383
-456
-534
-633
-712
-759
-719
-576
-388
-162
111
376
637
851
1016
1188
1308
1372
1399
1369
1290
1249
1213
1201
1185
1134
1101
1061
1029
964
889
768
593
370
98
-169
-439
-684
-898
-1091
-1303
-1510
-1646
-1715
-1767
-1770
-1767
-1783
-1782
-1794
-1814
-1822
-1831
-1844
-1842
-1812
-1740
-1650
-1541
-1374
-1182
-982
-741
-481
-219
61
324
577
833
1057
1231
1363
1456
1538
1630
1696
1717
1664
1587
1519
1459
1404
1334
1293
1234
1144
1026
860
700
544
358
204
70
-49
-90
-106
-89
-38
20
81
133
155
181
214
253
293
268
232
185
121
45
-84
-212
-325
-411
-488
-580
-651
-703
-739
-769
-786
-762
-710
-607
-478
-349
-210
-71
70
188
257
301
337
361
370
331
282
239
191
129
25
-84
-185
-284
-391
-489
-582
-664
-726
-789
-862
-924
-950
-905
-803
-657
-465
-247
-5
224
429
631
813
955
1081
1166
1253
1347
1426
1512
1553
1571
1572
1562
1539
1512
1458
1380
1249
1026
785
518
233
-76
-421
-733
-999
-1227
-1389
-1498
-1559
-1587
-1635
-1688
-1759
-1854
-1934
-2029
-2109
-2175
-2229
-2208
-2150
-2055
-1927
-1740
-1472
-1161
-841
-507
-155
192
504
773
993
1165
1317
1438
1529
1606
1674
1733
1774
1775
1750
1707
1636
1550
1429
1291
1154
979
808
622
409
229
67
-62
-149
-203
-257
-286
-298
-312
-307
-297
-252
-190
-159
-108
-47
-25
7
26
29
18
-21
-79
-164
-265
-364
-494
-608
-725
-880
-973
-1047
-1085
-1056
-988
-879
-730
-571
-384
-191
-10
164
307
427
506
574
652
666
670
647
581
531
476
416
335
245
127
10
-121
-275
-425
-573
-689
-786
-862
-879
-817
-714
-602
-448
-280
-127
62
272
458
630
819
986
1137
1277
1371
1417
1465
1521
1548
1556
1518
1468
1411
1344
1263
1151
988
781
550
310
107
-117
-356
-603
-860
-1112
-1347
-1538
-1705
-1847
-1992
-2119
-2242
-2327
-2352
-2359
-2342
-2296
-2208
-2082
-1881
-1618
-1345
-1063
-766
-472
-187
106
394
649
882
1068
1230
1362
1465
1569
1629
1657
1617
1535
1437
1334
1241
1132
1013
897
787
660
560
457
358
265
167
63
-13
-68
-144
-177
-201
-241
-252
-227
-190
-142
-85
-29
15
58
102
130
149
143
104
22
-75
-215
-372
-524
-654
-748
-861
-946
-994
-1007
-986
-928
-834
-707
-582
-458
-308
-145
20
172
306
441
562
676
791
859
902
886
847
835
794
739
654
542
423
301
165
29
-111
-245
-355
-467
-563
-622
-651
-643
-605
-561
-472
-356
-226
-79
66
223
367
513
653
781
916
1038
1167
1270
1347
1404
1402
1385
1321
1245
1152
1033
913
737
552
354
148
-61
-308
-562
-822
-1065
-1279
-1474
-1641
-1778
-1908
-2022
-2104
-2176
-2176
-2143
-2092
-1976
-1897
-1788
-1630
-1440
-1177
-920
-646
-369
-123
124
347
551
721
842
958
1028
1072
1135
1164
1178
1169
1118
1058
969
876
801
736
663
567
458
343
271
216
143
88
49
4
-31
-78
-114
-148
-193
-215
-211
-192
-154
-110
-73
-48
-51
-61
-61
-85
-119
-155
-209
-272
-345
-395
-437
-485
-491
-485
-472
-450
-406
-326
-262
-192
-115
-22
75
177
321
439
561
678
784
899
997
1099
1169
1210
1233
1199
1160
1099
1010
903
754
612
445
231
20
-152
-313
-454
-536
-596
-646
-668
-674
-648
-645
-624
-551
-486
-426
-363
-302
-204
-85
59
250
447
642
792
902
970
988
984
960
891
812
708
580
424
253
87
-97
-255
-429
-600
-754
-900
-1010
-1108
-1208
-1304
-1390
-1475
-1547
-1614
-1642
-1655
-1665
-1619
-1565
-1485
-1326
-1126
-906
-679
-472
-264
-104
22
148
219
278
334
360
397
436
497
598
703
802
863
908
928
895
822
740
633
516
419
333
298
275
289
358
421
471
518
567
581
550
494
430
347
255
183
139
103
89
98
94
99
88
46
13
-27
-65
-108
-156
-190
-251
-301
-326
-364
-381
-377
-354
-324
-300
-285
-275
-244
-184
-99
-13
85
197
312
448
596
715
799
841
848
832
776
707
629
518
407
311
233
145
50
-50
-186
-314
-436
-542
-625
-693
-739
-756
-750
-729
-721
-717
-681
-651
-590
-485
-376
-273
-153
-1
148
310
477
619
742
816
851
858
838
791
684
547
378
214
93
-2
-60
-104
-134
-159
-187
-235
-318
-431
-567
-719
-887
-1038
-1161
-1250
-1278
-1275
-1235
-1153
-1060
-941
-802
-663
-528
-433
-380
-316
-256
-187
-95
-11
67
145
242
369
506
629
736
808
820
815
799
775
745
704
679
636
580
543
521
514
494
473
447
405
384
350
314
266
169
59
-41
-121
-159
-175
-183
-194
-210
-209
-183
-138
-88
-63
-76
-95
-137
-169
-176
-196
-211
-233
-249
-260
-265
-227
-176
-118
-53
-1
59
137
221
306
398
457
469
486
513
526
543
566
587
584
566
570
557
539
532
502
455
392
319
238
145
28
-115
-273
-439
-586
-692
-764
-827
-869
-882
-892
-871
-817
-706
-565
-432
-294
-191
-79
11
79
165
214
248
283
317
332
339
343
341
341
325
326
328
315
316
285
237
208
174
138
98
28
-80
-242
-426
-598
-761
-894
-997
-1079
-1128
-1155
-1135
-1070
-1005
-931
-849
-772
-703
-631
-541
-459
-385
-308
-246
-195
-137
-58
60
191
301
417
492
506
507
515
538
560
600
635
664
655
608
574
516
450
392
328
271
226
184
141
114
101
90
75
58
52
65
110
166
222
270
295
314
321
300
278
265
258
244
231
211
182
151
123
95
69
42
10
-17
-28
-24
-14
18
55
93
118
137
195
270
349
411
450
486
513
549
586
631
628
594
560
492
396
301
194
65
-79
-252
-412
-584
-758
-903
-1019
-1093
-1126
-1122
-1123
-1114
-1081
-1020
-926
-791
-652
-547
-436
-351
-259
-194
-160
-104
-86
-36
24
98
175
238
338
410
466
504
511
494
449
403
373
350
295
249
184
75
-36
-134
-198
-276
-367
-464
-562
-632
-669
-664
-622
-568
-532
-484
-424
-387
-368
-333
-319
-321
-314
-305
-258
-177
-64
67
181
276
371
451
512
586
627
632
639
633
614
596
569
542
514
458
394
352
288
229
208
171
134
128
131
136
176
226
259
295
310
334
350
352
343
305
250
204
190
185
185
183
172
176
169
146
124
109
74
14
-38
-115
-190
-229
-256
-266
-264
-241
-169
-75
3
100
177
222
264
287
325
370
388
384
335
254
186
121
60
-14
-90
-180
-284
-391
-502
-621
-739
-855
-982
-1102
-1197
-1226
-1228
-1207
-1192
-1166
-1088
-997
-884
-771
-658
-545
-441
-334
-241
-164
-81
-13
48
131
215
331
433
518
640
716
769
815
814
793
758
716
653
564
462
363
273
197
120
53
12
-31
-52
-108
-145
-154
-197
-231
-259
-290
-327
-353
-394
-439
-440
-402
-368
-312
-254
-186
-93
15
129
193
245
299
339
386
449
503
533
546
528
478
444
422
354
300
250
195
184
157
126
100
84
86
104
142
179
235
292
330
363
396
407
404
387
362
357
323
279
218
141
84
34
-2
-29
-61
-83
-121
-145
-182
-232
-285
-360
-402
-451
-453
-397
-338
-262
-198
-134
-55
10
85
166
216
228
240
261
250
242
247
223
167
106
53
5
-72
-153
-275
-408
-540
-684
-841
-1013
-1153
-1269
-1332
-1366
-1365
-1333
-1280
-1182
-1064
-935
-784
-642
-504
-388
-301
-205
-111
-6
111
211
311
441
598
763
942
1095
1169
1192
1201
1184
1159
1130
1037
941
843
727
669
606
561
531
467
415
346
318
308
293
233
105
-27
-175
-270
-341
-386
-377
-401
-398
-353
-265
-142
-54
9
36
38
36
59
69
42
7
-22
-27
-52
-27
-1
9
40
34
39
26
15
9
-15
-60
-99
-110
-156
-176
-159
-146
-113
-74
-27
16
55
72
85
87
77
110
102
108
104
40
9
-51
-126
-189
-235
-270
-312
-304
-302
-300
-288
-290
-272
-272
-270
-247
-215
-186
-165
-123
-101
-66
-19
39
126
190
267
346
380
382
398
391
337
267
186
95
-3
-112
-200
-283
-380
-444
-538
-651
-734
-807
-852
-914
-973
-1023
-1061
-1056
-1013
-934
-868
-809
-706
-599
-481
-345
-200
-45
105
252
416
549
686
846
985
1086
1149
1221
1273
1314
1325
1315
1289
1256
1210
1171
1126
1053
1017
931
858
770
666
571
442
336
209
89
11
-66
-148
-228
-304
-334
-383
-433
-431
-452
-466
-457
-455
-431
-407
-429
-445
-466
-472
-446
-421
-377
-344
-329
-320
-270
-182
-108
-40
21
35
25
6
-9
-3
-44
-99
-146
-199
-209
-185
-136
-97
-80
-53
-55
-31
28
74
119
132
127
102
38
-7
-38
-93
-157
-210
-246
-280
-297
-304
-296
-296
-300
-273
-235
-211
-201
-204
-222
-251
-267
-254
-228
-167
-79
10
104
203
306
391
469
542
580
585
573
542
498
442
368
287
180
92
19
-50
-93
-162
-249
-337
-440
-525
-591
-651
-684
-715
-740
-739
-732
-697
-648
-603
-534
-476
-386
-264
-147
-30
74
179
292
407
548
670
748
798
805
830
878
930
1003
1043
1045
1037
1014
1009
1000
956
895
807
721
652
569
490
407
283
161
56
-30
-91
-165
-244
-329
-423
-475
-515
-550
-586
-617
-654
-686
-690
-690
-666
-647
-644
-644
-644
-583
-520
-467
-414
-385
-359
-334
-303
-283
-274
-271
-296
-314
-319
-304
-270
-262
-259
-264
-256
-251
-244
-205
-179
-151
-130
-91
-31
17
75
113
139
155
171
184
195
229
247
267
240
200
187
162
182
185
139
98
63
28
18
7
0
-4
3
9
14
43
65
126
195
229
270
295
331
386
432
470
507
519
507
502
468
420
366
307
252
174
100
10
-87
-173
-259
-334
-425
-521
-585
-647
-673
-697
-725
-703
-670
-649
-621
-558
-483
-388
-288
-224
-162
-104
-19
92
201
315
388
469
530
595
682
745
812
858
871
870
880
890
926
940
920
876
812
741
674
616
529
416
299
191
109
23
-57
-115
-198
-287
-372
-433
-501
-541
-562
-610
-648
-680
-657
-642
-642
-630
-600
-556
-515
-450
-418
-406
-400
-389
-384
-410
-410
-422
-420
-413
-436
-405
-388
-366
-287
-227
-191
-194
-193
-181
-167
-126
-68
-14
-2
-1
23
47
83
143
188
205
224
282
314
322
333
306
289
264
226
204
173
146
106
43
-25
-92
-111
-92
-59
-30
-25
-8
-11
-40
-39
-19
0
24
41
63
91
135
205
274
332
391
449
478
495
501
469
386
280
193
113
31
-34
-84
-167
-281
-368
-455
-510
-539
-574
-591
-606
-633
-671
-660
-632
-617
-559
-509
-465
-381
-279
-154
2
158
299
453
596
719
833
928
985
1039
1068
1090
1150
1202
1247
1265
1248
1194
1132
1059
961
895
791
675
578
452
329
190
57
-63
-179
-299
-385
-476
-586
-683
-798
-898
-992
-1054
-1088
-1100
-1107
-1091
-1050
-1019
-963
-899
-857
-813
-786
-760
-709
-689
-667
-660
-674
-673
-638
-583
-512
-439
-374
-317
-270
-233
-220
-199
-185
-166
-152
-146
-138
-117
-79
-52
3
70
140
205
304
408
489
574
649
690
695
701
680
654
608
520
481
417
368
346
317
339
367
370
348
316
278
249
233
214
196
161
108
69
40
64
139
231
359
472
567
675
750
779
793
760
690
592
462
352
232
111
0
-129
-265
-395
-499
-584
-638
-695
-743
-795
-889
-971
-1035
-1079
-1070
-1029
-952
-848
-741
-599
-458
-296
-81
135
333
507
679
825
937
1034
1107
1170
1197
1205
1220
1211
1195
1165
1082
977
877
782
703
607
484
351
212
91
-21
-155
-306
-432
-540
-630
-715
-830
-930
-1001
-1050
-1105
-1178
-1212
-1226
-1218
-1200
-1186
-1123
-1064
-1007
-942
-878
-822
-808
-784
-763
-759
-749
-737
-710
-645
-551
-433
-323
-235
-133
-45
25
67
89
92
78
87
81
87
96
115
180
252
338
425
520
616
709
770
796
814
814
805
763
710
639
564
495
415
365
316
293
299
288
297
293
284
271
240
233
208
177
146
115
101
91
103
152
246
367
520
681
832
958
1062
1128
1130
1075
950
787
580
355
150
-44
-212
-367
-495
-611
-696
-757
-822
-882
-952
-1032
-1118
-1196
-1238
-1254
-1248
-1201
-1098
-944
-777
-566
-351
-142
94
320
527
690
812
904
1013
1081
1138
1204
1226
1248
1238
1206
1156
1078
979
870
753
639
509
372
231
79
-50
-195
-363
-506
-649
-780
-867
-959
-1016
-1070
-1139
-1191
-1231
-1243
-1255
-1248
-1221
-1212
-1191
-1168
-1129
-1054
-1012
-976
-948
-910
-844
-778
-705
-658
-628
-595
-580
-542
-485
-410
-290
-191
-83
28
95
143
180
192
187
195
180
210
266
330
448
559
679
812
938
1073
1199
1318
1392
1402
1398
1346
1268
1205
1114
1025
946
847
774
712
663
654
631
619
615
594
585
550
490
402
285
173
54
-12
-25
-19
47
117
235
380
497
640
778
860
875
824
701
561
374
157
-70
-318
-528
-720
-860
-966
-1052
-1104
-1167
-1238
-1295
-1327
-1366
-1394
-1408
-1434
-1430
-1408
-1357
-1248
-1110
-927
-737
-558
-393
-224
-41
124
255
348
446
520
581
654
700
717
710
685
650
607
562
521
472
399
306
231
164
94
33
-67
-201
-338
-468
-546
-624
-705
-743
-789
-807
-815
-814
-816
-834
-837
-854
-850
-829
-779
-683
-600
-498
-392
-324
-263
-222
-214
-236
-265
-287
-310
-295
-233
-166
-78
14
121
244
325
422
511
588
649
685
730
758
770
768
753
738
763
844
920
986
1052
1090
1143
1187
1196
1178
1119
1027
915
820
737
658
607
551
487
460
452
478
513
520
519
500
466
423
382
312
186
69
-41
-154
-224
-256
-239
-182
-106
-10
105
200
270
324
317
232
108
-60
-251
-441
-616
-762
-899
-1008
-1094
-1126
-1141
-1172
-1203
-1254
-1320
-1388
-1442
-1489
-1535
-1553
-1545
-1517
-1425
-1280
-1090
-886
-670
-450
-248
-68
75
188
266
334
413
493
553
625
701
770
835
898
963
991
986
947
913
865
781
690
542
367
209
75
-26
-88
-135
-150
-164
-166
-151
-163
-172
-194
-218
-245
-282
-322
-362
-398
-431
-448
-458
-453
-432
-389
-351
-324
-292
-296
-292
-286
-317
-320
-320
-306
-237
-183
-106
-10
79
195
301
388
470
549
616
670
710
727
717
744
779
793
831
841
854
895
906
906
891
856
805
735
625
496
396
303
222
156
100
81
100
150
189
219
236
238
224
155
57
-59
-179
-286
-382
-457
-519
-544
-539
-525
-480
-408
-335
-255
-191
-160
-161
-199
-262
-358
-460
-561
-636
-685
-719
-743
-750
-748
-750
-744
-754
-779
-809
-858
-918
-961
-1006
-1037
-1044
-1034
-990
-886
-754
-594
-418
-236
-66
92
223
295
350
367
387
413
429
489
552
640
741
818
924
1004
1067
1103
1078
1026
931
812
663
504
362
255
213
224
248
276
313
331
351
340
288
230
126
24
-70
-158
-241
-300
-340
-388
-398
-411
-427
-447
-443
-452
-453
-424
-445
-423
-432
-445
-423
-408
-360
-277
-196
-123
-47
23
96
182
285
354
424
476
503
560
569
557
563
548
562
576
579
594
592
596
567
531
482
424
353
255
164
80
26
4
4
15
27
59
98
155
216
266
310
293
207
87
-72
-213
-336
-438
-499
-548
-534
-489
-417
-295
-186
-92
-34
-26
-58
-114
-190
-266
-315
-363
-415
-425
-422
-418
-381
-349
-315
-302
-326
-390
-471
-568
-669
-763
-847
-891
-918
-909
-867
-802
-710
-589
-480
-379
-304
-258
-207
-142
-70
5
89
177
284
377
484
606
717
839
942
1006
1040
1026
988
939
863
789
729
664
596
538
480
435
397
362
355
364
346
322
275
194
111
1
-129
-252
-385
-513
-620
-709
-754
-762
-734
-692
-652
-639
-631
-610
-586
-541
-501
-469
-439
-451
-452
-402
-332
-237
-132
-20
106
230
343
446
517
557
557
555
545
539
545
547
559
564
568
560
546
534
503
450
370
293
228
170
112
53
6
-14
-23
-21
-12
-6
17
20
38
59
72
79
60
41
-1
-52
-91
-134
-193
-248
-265
-250
-225
-183
-141
-116
-127
-129
-135
-143
-123
-99
-63
-76
-105
-135
-144
-101
-80
-59
-62
-88
-161
-279
-359
-443
-519
-597
-672
-738
-798
-803
-770
-699
-616
-545
-461
-377
-282
-177
-67
44
113
135
138
144
185
268
384
502
590
659
703
756
796
795
807
808
769
728
659
613
597
556
544
502
460
407
332
288
245
180
94
1
-107
-210
-312
-390
-465
-555
-640
-696
-724
-747
-718
-654
-601
-554
-518
-498
-475
-470
-447
-426
-437
-421
-391
-321
-233
-152
-75
-9
55
126
187
251
329
388
463
500
513
528
548
566
561
544
513
469
417
385
357
319
263
229
186
137
104
84
81
90
119
126
143
144
158
201
240
265
238
206
168
105
45
5
-3
10
30
26
-15
-38
-78
-128
-155
-167
-169
-193
-231
-279
-305
-292
-247
-211
-213
-208
-229
-238
-246
-294
-322
-382
-437
-460
-498
-553
-620
-686
-748
-782
-791
-776
-739
-706
-666
-630
-604
-567
-516
-441
-351
-262
-197
-137
-85
-16
77
152
239
323
414
515
603
684
773
858
901
938
957
934
900
875
828
756
672
575
493
390
289
234
189
167
123
41
-44
-145
-227
-274
-305
-321
-314
-330
-356
-395
-447
-449
-436
-396
-356
-340
-316
-327
-308
-259
-205
-121
-48
40
140
222
277
327
340
319
318
309
325
335
377
447
498
539
564
572
548
513
474
416
342
263
179
114
59
12
8
11
5
31
33
43
60
62
48
20
-15
-56
-50
-73
-86
-102
-142
-143
-161
-181
-184
-202
-228
-273
-324
-375
-401
-395
-377
-361
-373
-385
-387
-389
-408
-415
-414
-407
-377
-350
-324
-284
-248
-239
-216
-242
-274
-267
-297
-315
-350
-418
-472
-511
-531
-533
-513
-491
-456
-419
-366
-299
-237
-169
-118
-76
-29
30
109
197
281
367
453
557
656
757
868
941
1033
1097
1081
1059
1012
976
958
925
890
848
798
727
626
504
389
248
129
31
-63
-106
-140
-139
-165
-214
-249
-282
-308
-333
-350
-398
-400
-397
-397
-341
-328
-314
-290
-279
-265
-236
-236
-259
-255
-286
-295
-294
-299
-265
-245
-209
-157
-109
-50
31
102
155
214
249
297
345
363
388
376
328
273
187
104
40
-10
-63
-101
-121
-149
-173
-190
-218
-231
-212
-200
-175
-153
-144
-116
-95
-83
-79
-107
-143
-156
-155
-128
-101
-94
-89
-72
-76
-63
-52
-55
-38
-42
-64
-89
-93
-73
-56
-63
-41
-36
-48
-51
-99
-128
-121
-96
-78
-100
-143
-185
-205
-205
-233
-251
-262
-274
-269
-276
-275
-245
-205
-154
-115
-85
-42
-2
74
152
229
287
318
357
386
442
491
547
607
624
640
648
665
677
687
675
621
563
495
432
380
324
249
177
101
32
-17
-76
-119
-159
-205
-233
-252
-242
-233
-229
-232
-219
-200
-192
-181
-178
-181
-208
-236
-257
-282
-305
-328
-356
-384
-396
-403
-394
-365
-346
-312
-269
-226
-170
-107
-43
10
78
118
153
202
226
273
303
300
298
268
249
238
221
212
197
193
189
203
212
208
198
162
129
90
34
-1
-60
-111
-127
-158
-146
-153
-181
-191
-235
-243
-234
-242
-219
-194
-159
-107
-76
-30
9
10
18
21
23
28
26
34
17
-7
-3
-24
-44
-44
-54
-35
-4
15
46
68
71
73
51
5
-31
-65
-110
-142
-190
-225
-230
-239
-198
-180
-173
-165
-161
-130
-109
-77
-42
-19
15
60
80
108
138
165
200
229
257
255
234
198
180
206
236
267
298
304
306
300
284
269
258
238
217
194
148
131
120
96
84
56
37
19
4
-6
-45
-69
-109
-151
-192
-228
-243
-250
-257
-288
-324
-354
-373
-419
-449
-461
-456
-416
-370
-330
-319
-287
-241
-182
-96
-44
13
39
41
63
52
85
119
152
204
248
308
362
417
460
498
531
547
515
460
413
326
243
163
67
-12
-68
-73
-44
-17
-2
-35
-95
-152
-219
-284
-340
-394
-419
-433
-448
-437
-404
-338
-263
-198
-128
-58
28
81
116
148
152
162
166
165
168
139
123
117
110
118
115
153
168
162
135
84
63
23
-6
-39
-86
-108
-148
-186
-224
-268
-276
-257
-242
-216
-158
-115
-62
-24
-19
-24
-42
-46
-59
-62
-35
10
58
82
104
143
158
180
207
199
209
215
215
226
226
243
279
297
343
384
371
348
304
260
216
159
106
50
25
13
8
-4
-24
-24
-50
-79
-92
-109
-127
-143
-174
-217
-257
-310
-335
-348
-380
-405
-429
-444
-438
-422
-379
-304
-236
-187
-145
-131
-100
-79
-62
-12
35
80
123
178
220
256
312
349
375
382
367
362
331
304
303
271
246
216
183
163
130
111
93
60
-11
-78
-132
-213
-273
-338
-392
-427
-466
-471
-448
-417
-369
-298
-220
-146
-78
-9
29
58
109
167
208
247
288
297
294
266
216
162
90
36
-11
-59
-73
-89
-84
-70
-77
-91
-123
-147
-197
-228
-223
-226
-211
-203
-216
-210
-195
-158
-113
-75
-36
-7
24
51
57
73
88
97
101
125
155
162
205
242
253
287
305
319
336
332
345
328
318
309
286
261
233
243
250
261
264
229
190
144
100
69
24
-16
-22
-12
1
29
46
22
-2
-17
-29
-36
-52
-71
-99
-142
-178
-229
-279
-321
-363
-400
-412
-400
-376
-330
-297
-282
-271
-253
-234
-217
-184
-160
-115
-63
-16
32
54
80
109
120
133
143
161
199
230
249
240
210
157
110
64
4
-67
-137
-189
-224
-223
-230
-242
-276
-319
-375
-431
-448
-455
-471
-495
-512
-519
-480
-374
-259
-159
-42
70
176
275
360
428
449
436
423
398
351
330
316
300
289
284
295
301
303
305
294
254
189
128
70
6
-44
-96
-130
-141
-136
-114
-88
-66
-56
-14
31
67
122
161
196
197
180
191
182
185
194
184
175
173
182
204
214
209
204
182
157
149
175
208
218
241
243
216
196
183
179
176
160
152
110
61
26
-21
-89
-153
-204
-270
-309
-347
-364
-342
-324
-324
-329
-348
-392
-419
-448
-473
-496
-532
-565
-607
-633
-624
-589
-544
-501
-455
-413
-366
-299
-248
-213
-184
-173
-142
-104
-70
-29
7
45
77
124
161
191
235
263
266
261
255
248
235
188
168
168
171
195
191
167
143
107
69
43
6
-22
-64
-98
-126
-181
-206
-222
-224
-212
-199
-136
-58
31
154
248
343
418
477
527
536
555
578
583
586
591
588
583
574
544
510
475
423
355
291
219
144
76
17
-20
-42
-57
-50
-31
-40
-56
-75
-78
-80
-87
-103
-111
-95
-87
-78
-73
-63
-70
-98
-107
-127
-139
-131
-130
-140
-168
-176
-171
-188
-217
-243
-281
-308
-306
-294
-273
-250
-233
-207
-179
-161
-128
-111
-89
-71
-89
-119
-132
-140
-156
-168
-188
-205
-216
-225
-228
-221
-209
-176
-149
-139
-123
-122
-145
-162
-176
-182
-194
-209
-198
-204
-222
-233
-218
-174
-127
-95
-54
-8
35
81
133
189
221
271
316
351
388
406
433
434
423
426
422
416
417
436
459
456
435
427
411
382
344
299
236
173
121
72
32
-13
-72
-124
-172
-215
-249
-271
-273
-267
-251
-229
-191
-150
-108
-79
-54
-18
16
71
129
165
196
230
245
241
234
212
177
127
79
33
-5
-25
-71
-107
-136
-179
-170
-170
-181
-173
-190
-184
-170
-165
-165
-169
-154
-146
-124
-116
-122
-98
-73
-57
-56
-62
-68
-55
-54
-54
-60
-90
-112
-128
-143
-173
-188
-190
-191
-181
-180
-170
-145
-117
-77
-40
-20
16
51
85
121
131
142
148
135
131
113
96
103
120
131
125
117
91
83
61
26
6
-24
-46
-86
-133
-168
-187
-198
-202
-216
-220
-199
-188
-165
-160
-169
-156
-145
-118
-74
-30
4
40
82
101
146
191
208
262
293
308
357
375
385
403
388
380
384
371
350
354
337
287
229
156
95
51
-18
-72
-116
-182
-214
-236
-276
-314
-358
-393
-422
-446
-434
-403
-365
-300
-227
-149
-54
47
153
240
327
416
459
484
487
470
458
427
388
348
296
242
210
164
121
85
28
-19
-77
-128
-171
-191
-183
-169
-134
-122
-134
-132
-125
-115
-100
-107
-115
-121
-136
-133
-127
-123
-110
-109
-123
-146
-163
-201
-255
-292
-330
-351
-350
-357
-323
-275
-216
-143
-98
-69
-49
-36
-36
-45
-45
-35
-30
4
33
55
73
91
132
148
138
123
103
78
63
46
25
25
40
50
50
52
41
49
52
25
8
-25
-52
-47
-49
-46
-36
-30
-19
-6
5
14
38
50
46
58
53
65
101
114
137
173
199
254
296
319
346
339
305
289
260
242
234
210
204
182
176
161
138
111
53
-14
-92
-153
-204
-275
-353
-376
-388
-374
-343
-354
-351
-355
-346
-318
-295
-268
-244
-205
-167
-111
-35
31
126
176
196
231
227
230
230
200
175
164
138
141
131
107
119
99
86
67
28
9
-22
-37
-53
-61
-17
0
13
18
12
39
43
54
38
16
14
-2
-18
-32
-54
-60
-75
-103
-134
-177
-199
-216
-229
-217
-224
-223
-190
-164
-117
-84
-78
-70
-69
-86
-70
-54
-44
7
30
77
127
166
188
198
198
178
179
150
148
154
149
151
116
75
42
26
9
13
12
16
30
28
52
31
9
-22
-89
-126
-160
-178
-184
-188
-187
-177
-165
-132
-78
-39
8
46
64
72
79
99
130
145
168
197
201
212
223
217
209
191
164
155
158
157
160
163
127
71
-10
-96
-156
-226
-256
-271
-329
-351
-366
-359
-323
-299
-272
-224
-180
-137
-71
-34
24
92
133
178
213
252
315
345
364
398
397
393
387
363
359
333
300
281
228
186
151
122
122
91
84
90
85
106
102
78
59
30
1
-33
-85
-131
-178
-216
-258
-312
-355
-377
-378
-401
-421
-417
-421
-390
-362
-362
-349
-363
-372
-377
-390
-394
-409
-428
-450
-432
-400
-373
-330
-307
-278
-222
-155
-56
37
88
138
158
193
246
264
282
295
289
286
280
257
238
214
190
168
137
95
48
15
-8
-22
-33
-44
-67
-75
-49
-3
49
90
117
129
131
122
137
150
163
170
158
166
196
232
262
283
309
330
336
362
382
402
401
363
317
275
254
234
205
173
131
75
20
-19
-56
-99
-141
-199
-250
-286
-321
-339
-358
-361
-354
-338
-296
-251
-192
-126
-90
-68
-37
1
54
103
125
141
171
198
226
275
309
332
334
312
298
261
220
203
184
160
137
79
28
-5
-30
-47
-77
-96
-133
-176
-200
-217
-247
-291
-333
-379
-446
-478
-512
-547
-555
-560
-543
-542
-517
-475
-442
-398
-371
-357
-344
-316
-294
-288
-290
-296
-285
-275
-241
-192
-154
-105
-73
-48
-13
22
57
109
168
241
315
384
456
502
537
561
571
538
537
528
488
466
416
382
322
266
231
201
178
152
156
158
159
159
149
153
171
185
203
203
210
224
200
165
132
111
107
112
127
140
165
188
205
214
191
169
160
175
165
148
152
142
153
126
83
60
38
22
6
-32
-94
-146
-210
-268
-329
-393
-457
-513
-535
-546
-569
-561
-550
-537
-506
-479
-432
-374
-315
-236
-166
-155
-143
-109
-71
-51
-35
-7
15
49
60
75
107
90
69
72
78
83
79
81
92
87
80
52
-2
-33
-46
-53
-78
-120
-153
-202
-250
-296
-338
-384
-398
-384
-390
-388
-383
-353
-302
-267
-214
-175
-156
-106
-59
-39
-32
-21
-7
22
30
32
57
79
127
165
174
189
220
276
321
344
380
422
476
521
533
543
551
556
560
546
513
494
488
468
448
433
397
366
341
302
260
232
208
154
103
58
-4
-30
-45
-75
-71
-67
-72
-48
-42
-46
-48
-49
-39
-49
-62
-66
-58
-22
5
13
39
75
93
83
64
36
3
-29
-76
-97
-101
-108
-120
-140
-149
-182
-246
-299
-352
-416
-472
-516
-564
-612
-636
-644
-641
-609
-580
-558
-497
-409
-335
-267
-206
-154
-131
-109
-80
-71
-49
-10
19
61
111
137
170
218
247
246
234
212
220
255
274
289
291
274
260
237
192
156
131
89
40
12
-12
-35
-40
-65
-114
-124
-122
-127
-108
-108
-136
-159
-171
-154
-117
-71
-38
-14
9
17
56
86
89
84
44
26
21
17
47
73
91
112
150
173
190
232
261
283
309
337
361
408
420
429
437
420
400
352
336
294
258
231
187
176
143
127
96
40
-21
-69
-90
-132
-143
-129
-119
-115
-99
-128
-159
-166
-186
-179
-163
-153
-142
-123
-91
-58
-34
-23
-5
-14
-54
-60
-47
-41
-28
-17
-16
-24
-68
-100
-136
-168
-176
-204
-218
-242
-254
-278
-318
-346
-397
-459
-503
-533
-564
-566
-560
-544
-500
-455
-405
-343
-295
-245
-176
-119
-81
-47
-17
32
52
63
75
74
82
94
105
112
111
108
151
179
196
232
265
281
272
289
287
284
306
309
312
329
332
339
355
336
332
334
324
308
267
225
191
161
127
99
83
84
78
52
41
23
-1
1
0
2
-2
-12
-15
-30
-41
-58
-69
-46
-44
-31
7
23
58
78
97
131
147
173
199
212
226
252
271
288
284
256
238
218
196
173
134
82
33
-16
-57
-88
-120
-147
-164
-181
-209
-242
-259
-256
-237
-218
-198
-186
-187
-208
-228
-250
-275
-271
-259
-234
-216
-191
-168
-148
-149
-165
-156
-152
-143
-148
-148
-134
-123
-106
-111
-122
-143
-175
-196
-220
-235
-235
-237
-225
-220
-217
-202
-189
-176
-174
-184
-185
-183
-181
-160
-104
-34
24
95
161
210
241
277
297
297
298
298
303
306
297
329
371
412
452
455
474
479
483
453
426
408
372
354
321
289
244
183
136
71
15
-38
-60
-62
-85
-85
-102
-140
-169
-212
-262
-279
-294
-297
-311
-324
-335
-345
-315
-309
-300
-298
-287
-263
-245
-220
-200
-174
-137
-114
-109
-103
-101
-97
-73
-34
-1
36
77
137
184
206
201
210
216
209
202
192
214
247
273
281
277
251
230
196
159
119
71
49
21
-10
-21
-29
-11
-18
-64
-96
-130
-140
-149
-174
-177
-170
-146
-133
-145
-134
-128
-130
-111
-92
-79
-51
-15
25
72
82
71
73
66
56
46
32
37
29
24
-1
-29
-48
-62
-57
-60
-65
-80
-80
-86
-101
-136
-181
-201
-215
-200
-190
-181
-133
-80
-28
13
27
40
42
37
42
69
108
147
167
182
198
211
216
202
217
231
234
238
225
246
259
225
185
141
110
77
54
37
24
22
20
16
-18
-50
-77
-95
-99
-113
-136
-171
-197
-205
-211
-225
-214
-187
-185
-180
-196
-198
-199
-186
-157
-138
-100
-100
-82
-80
-115
-120
-113
-107
-77
-61
-35
19
46
67
86
113
140
165
203
229
249
264
272
292
299
305
314
309
336
347
354
360
326
278
226
189
169
153
112
73
21
-43
-90
-164
-225
-245
-281
-299
-305
-299
-266
-236
-231
-245
-219
-209
-196
-175
-159
-125
-104
-91
-78
-83
-79
-66
-73
-59
-67
-69
-21
12
41
46
30
16
1
-25
-70
-89
-96
-115
-118
-139
-146
-170
-203
-196
-193
-197
-206
-172
-175
-172
-140
-129
-102
-86
-44
-19
16
43
52
64
76
126
163
210
243
254
270
285
311
310
293
292
311
325
336
336
338
314
265
219
173
122
79
73
46
6
-16
-50
-72
-96
-117
-132
-148
-136
-148
-167
-192
-220
-247
-261
-247
-257
-285
-283
-270
-258
-209
-186
-173
-137
-90
-28
27
43
59
107
113
115
130
151
167
190
241
271
303
327
354
380
382
365
343
324
300
269
234
191
137
81
38
12
7
21
6
-18
-49
-83
-115
-177
-233
-284
-332
-353
-349
-328
-295
-279
-284
-263
-254
-272
-243
-211
-224
-216
-205
-209
-181
-138
-107
-60
-23
23
85
114
140
132
124
102
84
76
48
56
55
66
45
46
32
-5
-28
-85
-103
-130
-143
-135
-114
-70
-64
-35
-19
-24
-5
8
18
-5
-12
-11
2
30
63
132
179
250
295
309
317
300
294
285
280
281
275
276
272
254
238
204
169
148
116
74
67
62
67
94
81
43
5
-38
-70
-89
-115
-141
-153
-140
-125
-113
-124
-140
-151
-170
-204
-240
-261
-278
-268
-254
-232
-204
-187
-183
-189
-190
-191
-185
-168
-137
-116
-82
-29
15
66
102
126
141
145
143
135
151
172
191
212
243
257
258
242
201
169
134
101
81
55
23
-13
-50
-98
-142
-187
-247
-276
-324
-364
-372
-377
-346
-301
-272
-259
-228
-201
-186
-166
-136
-94
-60
-19
17
42
57
76
98
101
126
157
177
206
228
223
200
178
133
93
56
16
-27
-57
-66
-88
-72
-69
-90
-75
-60
-60
-52
-23
-6
-4
-3
24
29
33
64
81
109
126
153
171
191
224
232
236
229
214
212
221
226
222
207
197
190
166
147
120
91
79
75
65
67
85
80
72
51
20
-18
-58
-80
-100
-126
-164
-168
-165
-160
-153
-158
-157
-188
-228
-249
-258
-264
-267
-251
-204
-141
-102
-76
-59
-59
-61
-53
-51
-39
0
23
15
1
-21
-43
-50
-37
-16
6
25
38
65
66
65
76
81
90
99
104
116
148
169
176
190
160
118
102
38
5
-13
-50
-64
-89
-128
-170
-242
-300
-296
-293
-261
-203
-176
-160
-122
-101
-77
-34
-25
4
60
89
113
164
206
234
253
270
271
245
222
183
158
128
95
74
39
11
-27
-69
-101
-130
-149
-136
-113
-96
-70
-56
-43
-49
-80
-103
-101
-86
-58
-21
28
70
95
103
107
141
170
197
221
223
222
211
197
160
118
96
74
75
91
79
63
45
19
-19
-57
-86
-101
-83
-70
-75
-92
-126
-160
-172
-216
-237
-197
-184
-150
-135
-141
-136
-150
-154
-176
-199
-210
-200
-200
-186
-165
-193
-204
-194
-181
-174
-156
-131
-82
-33
10
44
40
57
63
79
100
85
97
124
134
151
171
175
184
197
207
226
249
246
250
240
211
213
204
200
195
201
201
165
138
96
79
50
-4
-24
-46
-46
-43
-56
-84
-135
-182
-204
-188
-191
-201
-191
-168
-135
-81
-40
-18
15
51
64
86
97
116
137
132
154
135
106
77
44
35
15
-15
-59
-101
-131
-179
-220
-199
-180
-167
-157
-179
-170
-137
-105
-72
-46
-36
-38
-47
-20
5
4
22
35
59
82
93
113
124
112
124
140
145
137
128
126
110
108
92
82
87
62
64
71
68
65
49
43
29
40
50
52
50
27
7
-1
-24
-49
-83
-134
-159
-179
-186
-182
-164
-157
-151
-124
-109
-110
-121
-141
-160
-182
-199
-176
-140
-101
-75
-27
26
21
21
20
5
11
20
73
112
107
102
109
137
160
194
240
237
235
257
249
227
204
161
126
117
136
161
164
163
156
150
121
98
95
71
32
-25
-56
-110
-180
-228
-287
-318
-326
-310
-279
-269
-261
-249
-253
-255
-261
-254
-241
-232
-193
-153
-117
-77
-44
-30
-19
-1
29
66
77
77
68
40
23
34
25
17
42
41
39
45
32
34
36
26
29
30
45
77
94
104
86
59
46
13
-4
-10
1
29
56
113
173
199
203
203
162
128
117
108
121
113
95
84
57
64
74
71
92
86
98
148
147
128
137
102
62
48
0
-20
-48
-95
-85
-97
-89
-45
-45
-44
-56
-92
-102
-142
-186
-191
-206
-214
-213
-210
-185
-163
-151
-138
-139
-143
-124
-119
-99
-71
-75
-37
-17
10
62
71
75
71
57
34
12
6
14
35
91
161
202
223
248
231
181
141
97
77
63
38
29
-7
-35
-27
-38
-55
-74
-116
-143
-178
-223
-226
-234
-228
-209
-210
-175
-154
-156
-132
-106
-97
-88
-72
-88
-87
-58
-40
12
86
151
202
211
188
182
187
178
178
152
121
120
82
48
54
31
39
78
91
96
89
80
88
70
37
44
44
12
18
22
5
37
75
93
123
128
145
145
131
137
136
119
111
107
66
56
66
75
75
60
64
68
86
85
76
42
17
26
15
9
-25
-42
-57
-83
-76
-90
-115
-116
-93
-102
-110
-96
-121
-145
-174
-218
-248
-262
-284
-284
-275
-275
-231
-225
-238
-246
-277
-289
-267
-271
-264
-238
-239
-206
-163
-145
-107
-78
-82
-69
-47
-38
0
47
108
157
162
173
175
172
172
177
160
166
200
191
194
203
210
224
209
183
158
144
148
140
118
105
85
62
56
29
-21
-62
-97
-108
-111
-102
-76
-56
-60
-86
-91
-82
-66
-57
-49
-49
-54
-40
-10
4
16
53
79
85
66
59
64
58
49
56
56
50
77
91
96
110
114
111
102
90
77
78
94
108
145
182
177
166
169
132
74
27
18
20
41
77
86
75
66
66
41
12
-6
-26
-50
-40
-16
-6
-16
-59
-102
-115
-108
-126
-131
-131
-147
-157
-157
-147
-155
-167
-173
-190
-208
-209
-186
-181
-183
-193
-243
-265
-273
-272
-267
-263
-230
-198
-155
-112
-73
-57
-38
3
51
86
105
120
158
191
205
213
199
202
199
185
204
206
176
170
184
175
196
201
179
177
165
168
185
201
204
196
163
127
96
53
49
56
15
-5
-28
-58
-61
-71
-86
-104
-133
-168
-187
-191
-186
-197
-222
-235
-234
-225
-205
-195
-186
-138
-92
-42
5
27
54
63
79
84
97
128
156
168
171
180
148
124
116
87
76
72
65
49
29
1
-24
-24
-45
-58
-53
-43
-17
1
16
26
44
56
66
74
43
10
-11
-27
-32
-30
-31
-22
3
14
18
34
22
-3
-19
-48
-75
-91
-113
-127
-121
-120
-140
-148
-141
-133
-111
-96
-96
-110
-109
-112
-105
-84
-105
-125
-108
-97
-80
-50
-24
-3
13
4
-18
-40
-85
-102
-86
-90
-67
-59
-58
-28
-10
27
48
41
35
20
13
22
42
67
109
157
184
231
268
294
321
311
323
321
301
297
287
278
258
232
222
198
168
133
84
42
7
-21
-49
-71
-86
-98
-108
-133
-168
-216
-267
-278
-313
-323
-299
-275
-205
-146
-84
-50
-34
-13
-8
-1
-4
-12
4
36
67
112
143
176
190
184
180
148
122
73
23
2
-21
-18
-45
-69
-76
-113
-124
-117
-135
-161
-164
-172
-183
-194
-200
-196
-196
-184
-137
-70
-25
7
38
56
53
56
57
47
24
20
15
2
27
53
59
55
48
69
74
43
39
60
72
85
72
54
50
50
70
67
54
55
80
100
104
120
134
140
124
120
122
116
114
107
93
67
33
6
-6
-51
-87
-118
-160
-167
-154
-136
-131
-141
-135
-127
-133
-136
-139
-117
-77
-62
-31
8
28
56
53
47
60
73
111
128
140
166
170
162
163
149
129
113
89
83
69
55
75
90
88
52
3
-29
-86
-131
-143
-181
-196
-207
-201
-170
-159
-156
-148
-149
-145
-141
-164
-180
-212
-230
-239
-219
-182
-152
-80
-31
10
52
67
64
73
61
12
-33
-80
-89
-68
-47
-13
25
40
89
157
195
217
215
203
165
134
111
88
66
41
33
62
77
92
121
119
129
118
107
94
71
67
65
67
69
69
65
64
47
14
-30
-48
-89
-128
-136
-169
-164
-160
-147
-131
-128
-96
-38
29
59
62
79
78
69
71
54
44
30
48
81
103
118
116
126
105
58
-21
-85
-138
-162
-177
-168
-144
-147
-93
-62
-51
-67
-80
-62
-59
-74
-107
-114
-104
-100
-74
-71
-72
-24
14
56
83
84
102
99
74
51
41
74
113
139
167
172
170
153
137
110
60
24
3
-7
-17
-31
-59
-68
-78
-97
-111
-133
-130
-121
-108
-94
-91
-92
-112
-114
-109
-75
-46
-42
-15
-5
8
33
35
25
38
23
25
46
34
33
24
33
51
73
79
78
104
113
136
161
165
178
191
193
200
199
200
197
169
137
107
90
75
72
84
50
16
12
0
11
1
-35
-44
-42
-65
-81
-118
-155
-165
-213
-230
-214
-173
-140
-123
-113
-121
-122
-127
-110
-102
-100
-84
-69
-17
31
38
45
45
34
40
42
40
49
53
51
31
12
-27
-58
-89
-136
-137
-145
-164
-177
-207
-241
-247
-246
-258
-269
-275
-266
-235
-189
-155
-119
-96
-90
-46
-9
16
57
68
93
129
160
191
202
215
216
207
215
224
238
241
223
227
218
193
182
142
113
88
54
43
21
-3
-30
-42
-28
-5
5
-7
-16
-29
-30
-25
-42
-25
9
37
53
39
73
77
84
91
82
72
67
91
86
86
120
123
111
124
108
89
56
42
30
5
-15
-27
-14
-8
7
6
6
6
13
29
16
-9
-31
-59
-61
-64
-82
-73
-82
-73
-61
-62
-65
-86
-100
-121
-150
-177
-198
-205
-180
-159
-155
-164
-156
-162
-181
-200
-209
-203
-196
-162
-141
-117
-92
-69
-38
-22
-10
6
8
31
80
91
102
118
121
132
132
141
119
99
125
145
148
135
123
117
107
72
37
-1
-30
-32
-49
-58
-53
-42
-28
-22
-32
-37
-42
-34
-27
-34
-8
12
39
70
96
116
140
164
191
244
254
261
238
225
213
192
200
186
175
163
137
105
76
47
35
-20
-75
-113
-161
-156
-135
-101
-98
-146
-154
-144
-137
-119
-118
-120
-113
-106
-94
-98
-79
-52
-47
-23
-5
15
56
96
123
91
46
18
2
-7
-41
-47
-40
-53
-56
-55
-61
-92
-110
-103
-112
-120
-107
-96
-79
-48
-27
-24
-8
7
13
36
39
18
26
44
52
59
56
39
25
6
-13
-21
-9
-1
4
11
-10
-9
-10
-18
-34
-70
-90
-110
-120
-121
-104
-77
-54
-52
-69
-90
-82
-73
-64
-46
-52
-14
10
25
62
78
94
94
92
90
69
55
55
53
55
61
34
6
-11
-23
-17
-32
-36
-26
-23
-17
-18
-8
11
20
37
42
43
58
61
101
114
129
157
162
170
169
194
231
284
300
277
242
207
186
159
145
117
62
14
-28
-42
-52
-87
-123
-183
-237
-273
-315
-316
-283
-260
-237
-223
-217
-194
-161
-130
-125
-103
-72
-55
-29
0
5
12
28
16
-6
-12
-16
-33
-30
-32
-9
-17
-28
-33
-56
-59
-79
-76
-71
-43
-3
7
15
6
4
25
31
26
34
33
32
28
44
64
54
46
56
68
78
82
65
47
33
21
2
-4
-3
-11
5
9
19
12
-6
9
28
55
55
57
55
55
79
69
38
29
39
68
100
134
150
159
183
167
133
69
34
47
72
95
99
101
117
124
106
85
47
28
21
33
33
-3
-10
-20
-34
-51
-79
-86
-83
-62
-45
-52
-56
-81
-97
-107
-137
-151
-165
-150
-126
-110
-83
-51
-44
-49
-42
-57
-62
-52
-50
-62
-73
-86
-74
-52
-75
-112
-148
-182
-171
-161
-170
-148
-157
-174
-162
-144
-155
-129
-95
-75
-23
11
19
54
86
93
99
93
110
142
146
110
91
71
72
97
107
96
61
39
16
20
14
8
20
41
60
56
53
37
27
29
37
57
62
46
62
60
56
62
60
74
103
123
119
121
100
106
108
88
82
69
39
21
32
-7
-14
2
2
22
29
11
-1
1
-16
-22
-46
-71
-58
-53
-25
1
27
60
55
48
21
13
6
-23
-32
-54
-59
-41
-39
-30
-25
-45
-46
-82
-109
-109
-124
-130
-139
-145
-151
-156
-143
-154
-172
-141
-120
-100
-79
-66
-62
-46
-35
-45
-42
-56
-52
-47
-36
-34
-11
29
67
94
59
58
68
73
88
74
74
86
98
105
101
79
59
32
12
11
-3
-24
-36
-64
-82
-63
-53
-60
-41
-5
24
28
22
49
65
71
69
60
77
101
120
125
131
134
145
168
162
130
97
74
88
109
121
128
105
88
120
152
150
135
101
70
63
54
33
14
-10
-14
0
18
28
24
26
27
48
47
63
64
51
28
-5
-40
-61
-72
-108
-124
-154
-157
-149
-148
-169
-195
-234
-296
-309
-308
-291
-262
-235
-215
-182
-132
-75
-36
-34
-28
-35
-43
-40
-32
-8
4
-14
-24
-17
7
39
37
37
20
5
-10
-38
-33
-51
-76
-111
-128
-111
-74
-33
0
3
10
6
-38
-73
-122
-138
-135
-104
-78
-63
-14
43
83
123
126
102
113
111
114
112
106
98
105
134
140
153
192
233
244
246
223
204
187
165
150
123
111
104
101
89
46
6
-3
-16
-35
-36
-33
-28
-26
-12
-3
19
63
74
57
45
43
48
76
96
93
66
61
62
56
88
98
99
76
47
34
24
18
5
-21
-63
-87
-125
-144
-126
-113
-84
-50
-51
-61
-73
-110
-114
-118
-136
-145
-191
-214
-218
-214
-185
-138
-109
-106
-111
-153
-195
-224
-248
-251
-252
-271
-260
-248
-224
-176
-165
-141
-141
-181
-175
-149
-133
-79
-18
27
54
50
48
58
82
113
145
170
184
183
176
160
127
119
115
114
122
122
154
194
207
209
186
174
184
174
191
212
200
205
198
188
204
207
222
226
206
204
182
166
154
127
102
84
59
38
50
70
94
99
68
48
27
18
6
-16
-3
19
22
15
8
-16
-23
-31
-33
-23
-49
-60
-84
-118
-134
-141
-135
-117
-109
-152
-187
-196
-191
-156
-123
-84
-53
-28
-34
-33
-24
-24
-4
5
27
25
4
-11
-10
-16
-24
-35
-60
-72
-104
-128
-134
-135
-142
-138
-140
-171
-170
-183
-196
-158
-126
-112
-107
-132
-130
-131
-168
-163
-163
-157
-138
-125
-107
-112
-106
-76
-58
-59
-70
-74
-68
-80
-74
-68
-58
-23
-11
8
9
-25
-25
3
34
75
80
123
149
158
198
174
178
192
197
225
241
233
231
252
249
255
247
229
200
183
172
162
178
160
157
141
129
128
129
136
126
133
120
103
86
59
33
3
-20
-37
-68
-62
-44
-61
-31
-8
0
8
2
3
-6
-16
-9
-10
-19
7
14
22
67
65
75
74
60
47
21
-3
-53
-80
-109
-117
-132
-145
-129
-143
-139
-139
-140
-137
-145
-153
-169
-181
-190
-196
-202
-208
-180
-153
-153
-126
-119
-108
-88
-86
-79
-84
-72
-69
-87
-80
-70
-87
-85
-92
-120
-117
-129
-137
-116
-105
-100
-80
-71
-66
-26
-12
-12
13
15
28
48
59
73
100
127
117
104
106
116
112
109
114
106
113
116
123
126
117
117
122
124
106
112
121
125
123
120
133
150
175
186
206
224
202
210
219
192
195
182
155
131
102
87
94
92
77
96
81
72
96
92
76
45
23
26
39
52
47
38
16
6
-17
-43
-39
-39
-43
-61
-60
-62
-59
-57
-101
-114
-136
-163
-142
-139
-148
-139
-129
-131
-124
-129
-138
-141
-175
-184
-177
-174
-159
-144
-138
-146
-157
-175
-187
-191
-188
-164
-165
-178
-175
-180
-192
-211
-192
-177
-155
-111
-100
-75
-58
-62
-70
-57
-57
-67
-48
-40
-22
-9
-8
-13
-22
-4
3
16
29
45
60
55
80
97
126
177
193
210
213
205
220
226
216
214
207
182
170
165
148
170
164
138
144
135
122
113
115
109
91
73
74
66
62
84
74
61
77
56
32
14
-38
-30
-21
-55
-63
-47
-53
-78
-75
-76
-63
-37
-18
16
24
38
50
32
36
17
-10
-9
6
44
78
73
53
25
-15
-39
-62
-90
-85
-79
-80
-71
-63
-42
-30
-44
-71
-85
-111
-128
-143
-143
-101
-82
-66
-45
-64
-65
-92
-133
-145
-144
-138
-134
-118
-99
-56
-17
2
18
24
10
1
-11
4
33
40
69
78
104
123
100
72
29
22
4
0
35
56
87
100
118
136
108
82
61
13
-23
-15
6
22
64
75
94
116
107
109
111
74
37
12
-39
-56
-44
-25
-26
-19
-4
7
22
37
58
39
35
25
-9
-41
-63
-75
-77
-72
-71
-55
-51
-28
1
15
9
19
34
-11
-31
-26
-22
-7
-4
-7
-23
-28
-27
-20
-16
-26
-30
-28
-33
-35
-50
-54
-57
-74
-69
-96
-89
-67
-77
-57
-61
-53
-16
3
7
-1
3
8
27
43
33
13
5
19
36
41
32
40
67
71
31
20
10
11
23
33
65
67
81
97
82
66
21
7
5
-19
-8
-8
-2
3
-1
-5
-28
-35
-34
-54
-59
-59
-58
-29
-22
-7
-17
-18
-2
2
34
36
36
20
-5
-12
-24
-24
-5
29
56
78
78
76
47
3
-31
-61
-49
-35
-22
-18
-19
-17
-11
7
25
58
83
85
54
21
2
-17
-23
-45
-59
-55
-42
-9
12
8
-4
-15
-48
-71
-102
-124
-96
-58
-25
-3
14
12
-19
-45
-49
-77
-113
-131
-134
-134
-117
-78
-63
-87
-98
-81
-53
-9
32
61
68
52
33
24
10
-1
16
33
39
43
60
62
33
30
33
29
26
38
73
85
94
110
112
113
124
138
144
124
147
153
125
107
78
75
59
69
73
75
114
118
136
160
151
147
110
72
57
45
47
26
8
4
-1
-7
-15
-11
-16
-40
-67
-87
-82
-70
-49
-33
-47
-44
-40
-31
-27
-38
-47
-73
-100
-103
-94
-89
-92
-96
-84
-67
-45
-6
26
46
44
32
9
-35
-39
-36
-42
-38
-47
-33
-34
-30
-18
-33
-60
-107
-138
-165
-189
-187
-190
-198
-185
-153
-111
-93
-59
-36
-22
-7
-32
-42
-63
-82
-80
-86
-67
-53
-29
12
41
75
69
43
7
-46
-80
-97
-77
-52
-29
6
16
30
49
48
66
59
42
38
49
64
64
73
70
71
59
67
85
95
93
98
92
69
63
58
61
46
34
10
5
27
61
111
137
140
118
110
111
117
117
104
111
114
124
145
159
162
151
152
151
135
112
71
26
13
-8
-21
-8
-23
-44
-59
-66
-54
-45
-35
-50
-63
-72
-88
-76
-97
-96
-71
-66
-58
-49
-54
-65
-60
-77
-115
-119
-120
-137
-150
-162
-170
-171
-145
-138
-145
-140
-149
-120
-78
-69
-60
-64
-74
-77
-79
-63
-35
6
36
48
61
83
57
16
4
-17
-11
8
8
18
35
18
4
1
5
2
-8
-9
-25
-43
-48
-39
-28
-28
-43
-54
-58
-66
-56
-46
-44
-46
-48
-36
-34
-33
-12
-9
-25
-43
-48
-44
-33
-11
12
39
68
85
106
125
128
136
159
167
179
216
234
267
300
293
292
284
275
262
275
269
257
270
266
272
265
252
205
155
127
115
114
130
128
111
123
106
108
108
84
56
26
4
-27
-49
-60
-42
-57
-80
-88
-102
-103
-118
-141
-184
-226
-242
-243
-247
-250
-250
-261
-288
-305
-289
-279
-265
-267
-263
-238
-234
-209
-187
-183
-177
-217
-242
-248
-248
-208
-181
-170
-178
-164
-138
-134
-123
-131
-147
-164
-151
-138
-133
-130
-133
-119
-119
-99
-68
-36
-8
5
29
37
45
57
58
34
2
-14
-11
25
37
63
102
112
140
127
105
88
89
109
115
145
141
149
193
213
227
227
211
210
216
213
209
202
200
187
185
206
229
241
248
265
252
226
198
178
176
146
137
150
152
157
132
109
83
58
48
38
49
44
38
50
53
40
16
5
-9
-19
4
11
15
4
-29
-50
-110
-173
-198
-223
-227
-203
-180
-157
-129
-108
-99
-104
-130
-144
-130
-135
-126
-99
-86
-54
-44
-55
-60
-72
-85
-98
-106
-114
-120
-111
-100
-97
-95
-92
-104
-123
-145
-156
-167
-173
-183
-200
-195
-183
-196
-210
-204
-194
-180
-168
-148
-115
-83
-78
-66
-56
-79
-88
-92
-93
-61
-34
-29
23
76
118
156
155
180
197
206
238
261
280
286
300
299
270
250
233
209
219
218
220
231
215
220
211
176
147
128
126
121
128
154
151
141
145
131
114
83
34
27
30
39
43
40
55
38
13
-5
-23
-36
-47
-50
-55
-68
-68
-65
-62
-49
-51
-52
-51
-65
-71
-70
-88
-100
-97
-106
-110
-104
-109
-106
-80
-68
-77
-75
-75
-75
-60
-55
-50
-49
-60
-66
-69
-66
-76
-85
-72
-61
-51
-52
-53
-41
-47
-50
-48
-74
-97
-108
-108
-95
-68
-39
-32
-49
-68
-74
-79
-97
-94
-83
-79
-44
0
16
25
28
5
-21
-67
-93
-93
-78
-35
8
36
45
59
60
35
2
0
-10
-36
-46
-52
-42
-12
8
33
71
87
95
102
99
100
106
89
82
77
85
103
105
98
75
72
62
59
67
88
112
98
71
43
40
13
5
19
-5
9
26
28
29
5
8
12
18
39
33
12
-18
-37
-38
-17
-14
-13
9
37
63
58
36
-10
-45
-61
-91
-94
-74
-66
-49
-38
-70
-94
-77
-70
-55
-56
-64
-51
-19
19
5
8
23
22
35
30
33
54
82
83
82
90
87
76
42
16
-21
-39
-22
-15
2
14
32
38
22
3
-40
-50
-57
-56
-37
-32
-8
6
13
26
60
65
36
22
32
48
42
32
7
-2
5
9
34
50
50
50
48
34
2
-24
-34
-38
-56
-80
-87
-101
-108
-97
-76
-51
-26
-1
2
17
7
-40
-69
-83
-100
-109
-97
-100
-77
-24
-1
6
-1
-3
-15
-35
-44
-63
-61
-51
-37
-42
-76
-78
-78
-63
-34
-5
47
65
81
72
39
27
3
-32
-29
-10
1
23
40
77
87
79
90
88
113
130
143
134
103
103
97
97
83
37
20
26
26
44
65
78
83
76
52
15
2
22
42
39
29
14
6
13
1
-41
-72
-58
-57
-39
4
30
30
21
3
-9
-11
-30
-58
-90
-112
-121
-105
-66
-37
-16
6
-9
-51
-72
-69
-48
-54
-52
-20
2
39
70
72
46
12
-16
-18
-9
-12
-17
-12
3
37
79
86
94
73
38
6
-28
-28
-16
20
24
0
-9
-23
-39
-60
-64
-87
-97
-90
-64
-32
-13
4
-19
-47
-56
-73
-91
-94
-105
-105
-88
-71
-53
-39
5
21
7
3
4
18
9
-11
-43
-33
6
13
24
52
93
117
118
109
110
111
141
148
103
82
52
33
21
15
8
-1
2
-25
-64
-103
-122
-119
-105
-89
-89
-66
-33
-8
10
14
15
40
70
77
92
111
117
137
136
105
94
63
59
80
81
68
64
52
16
-22
-50
-53
-62
-51
-32
-26
-6
8
17
5
-22
-34
-36
-18
-12
-28
-27
-18
-10
-24
-12
16
38
43
36
53
60
57
54
59
54
54
73
86
125
125
114
110
98
66
23
0
-45
-55
-82
-127
-129
-120
-109
-92
-88
-79
-74
-87
-87
-109
-107
-106
-115
-85
-96
-76
-82
-127
-145
-172
-158
-164
-159
-138
-161
-146
-139
-124
-115
-138
-114
-111
-110
-131
-172
-163
-158
-154
-133
-125
-112
-75
-70
-72
-74
-73
-50
-35
-23
-24
-15
-13
-20
11
32
40
68
89
102
131
159
187
195
192
200
197
203
216
208
201
195
190
210
227
233
220
228
254
280
291
272
263
248
245
245
241
240
245
266
258
244
226
209
186
163
134
133
143
131
148
135
121
95
47
36
30
11
-22
-54
-84
-76
-77
-87
-97
-125
-130
-143
-145
-150
-142
-128
-167
-195
-200
-236
-267
-284
-295
-296
-295
-284
-272
-278
-296
-313
-318
-324
-334
-342
-366
-376
-373
-354
-348
-338
-317
-287
-243
-231
-223
-211
-193
-166
-152
-136
-107
-109
-103
-103
-113
-84
-68
-45
-18
-7
-1
17
43
62
70
76
96
104
126
148
168
199
212
209
195
182
168
180
192
193
217
230
242
258
284
306
322
351
353
340
359
361
365
358
334
329
326
322
324
333
340
341
335
324
303
275
244
189
148
113
76
86
90
106
123
120
104
53
26
-23
-58
-50
-67
-89
-96
-97
-110
-106
-129
-151
-124
-140
-168
-180
-216
-240
-254
-268
-269
-256
-247
-240
-201
-185
-189
-205
-222
-245
-266
-291
-307
-298
-305
-326
-332
-326
-338
-338
-333
-306
-294
-262
-199
-158
-106
-103
-103
-106
-106
-114
-111
-67
-43
-22
-19
-23
-24
-39
-43
-29
-26
-10
14
24
50
59
51
58
57
54
94
138
182
214
212
237
246
232
234
216
206
205
176
157
148
126
108
96
106
120
127
129
133
134
101
75
60
51
34
15
-1
14
33
39
53
26
-2
-20
-23
-27
-50
-77
-88
-71
-56
-21
9
31
62
104
126
138
152
152
149
142
148
157
183
169
163
158
116
107
87
66
51
39
41
52
28
6
-11
-37
-34
-65
-85
-91
-109
-115
-101
-98
-109
-101
-99
-100
-102
-100
-102
-102
-122
-135
-120
-113
-113
-93
-73
-66
-40
-36
-38
-22
-32
-43
-60
-79
-87
-89
-86
-86
-81
-71
-73
-75
-83
-104
-123
-128
-118
-114
-105
-96
-80
-59
-42
-37
-26
-11
-30
-49
-58
-59
-54
-39
-1
26
11
-10
-18
-6
2
-14
-17
-26
-8
25
37
54
61
82
94
73
65
49
35
46
59
60
65
67
71
87
80
77
102
121
123
110
96
106
124
131
124
119
121
131
118
86
71
53
62
90
104
101
86
84
81
89
83
51
52
60
56
52
39
40
51
54
39
17
-5
-35
-19
6
5
18
29
55
90
98
109
94
80
61
15
3
4
-1
-1
-14
-36
-32
-40
-60
-73
-87
-113
-138
-125
-115
-103
-99
-118
-128
-137
-154
-148
-145
-161
-169
-185
-178
-173
-175
-161
-151
-129
-104
-89
-70
-62
-60
-74
-106
-111
-99
-88
-71
-46
-30
-27
-17
-10
-34
-46
-33
-39
-45
-23
-15
-11
8
-1
-8
-33
-39
-43
-59
-44
-22
21
53
73
91
73
61
58
37
44
51
68
91
90
81
32
19
27
21
50
84
119
156
167
174
148
114
82
45
41
18
11
12
30
55
46
54
61
53
66
60
38
39
50
69
57
62
64
29
17
-5
-52
-87
-110
-119
-107
-112
-76
-56
-41
-8
-9
7
10
20
27
-4
-15
-8
22
59
91
105
70
39
3
-23
9
14
13
33
22
17
15
21
57
63
64
86
83
62
42
28
12
1
-10
-19
-27
-50
-60
-83
-96
-96
-85
-61
-61
-68
-74
-60
-47
-32
-8
-11
-32
-68
-86
-95
-111
-94
-84
-75
-52
-41
-14
-1
-6
-9
-8
-22
-36
-26
-25
-18
-9
3
36
50
63
61
42
14
-13
-3
14
25
0
-13
9
26
63
94
106
118
104
77
91
87
78
104
83
53
44
36
43
65
56
27
-2
-45
-69
-95
-107
-91
-78
-54
-29
-20
-30
-44
-52
-59
-39
-25
-19
-31
-56
-37
-35
-33
-17
-17
-8
-16
-8
10
26
38
30
19
26
42
50
65
60
37
34
46
36
24
3
-33
-46
-47
-41
-35
-21
-6
4
0
-16
-7
12
7
1
-16
-8
0
2
23
22
20
5
-11
-13
-17
-12
-14
-29
-25
0
29
52
63
61
47
53
61
77
80
75
80
54
28
25
7
-6
-8
-22
-28
-33
-31
-31
-24
-20
-39
-45
-65
-75
-68
-57
-36
-38
-40
-47
-59
-70
-98
-109
-125
-128
-123
-123
-107
-112
-104
-103
-115
-91
-83
-77
-52
-44
-31
-27
-29
-31
-37
-45
-55
-59
-66
-60
-45
-34
-20
-19
-17
5
27
41
46
38
40
35
23
41
60
63
69
64
53
46
54
55
44
44
43
41
29
39
42
47
68
95
102
90
100
86
86
83
75
102
117
120
119
105
78
80
71
86
132
148
181
207
219
203
198
204
173
179
172
167
176
169
172
164
150
134
119
89
88
94
87
85
81
92
97
76
52
14
-10
-26
-39
-53
-93
-95
-86
-92
-114
-138
-166
-187
-199
-225
-230
-231
-238
-257
-265
-256
-254
-247
-261
-263
-255
-257
-234
-216
-233
-262
-282
-276
-290
-310
-303
-278
-234
-208
-215
-225
-236
-226
-204
-189
-163
-144
-126
-89
-78
-50
-38
-42
-22
-23
-10
12
27
67
68
52
61
63
83
97
124
155
175
192
213
235
254
285
297
291
296
278
243
210
190
192
182
146
106
101
117
142
179
212
238
262
251
215
179
130
133
137
128
130
97
105
120
132
146
145
126
131
147
115
106
104
92
102
94
64
50
11
-22
-10
16
38
45
46
18
-6
-19
-65
-104
-138
-174
-185
-207
-219
-211
-207
-199
-187
-159
-142
-130
-134
-162
-194
-218
-217
-198
-179
-178
-171
-168
-158
-137
-121
-105
-100
-107
-104
-108
-108
-103
-138
-136
-144
-160
-149
-176
-189
-161
-137
-110
-61
-37
-35
-28
-29
-39
-44
-54
-42
-50
-69
-50
-30
-3
9
25
42
38
53
58
83
119
111
109
119
98
75
53
41
51
50
64
81
108
132
136
137
122
126
112
90
79
75
75
65
70
93
109
104
118
127
127
123
132
138
132
136
133
135
116
141
141
103
86
54
37
1
-21
-49
-81
-70
-27
31
80
119
146
192
195
161
126
86
60
18
-4
5
19
19
16
6
-14
-10
4
5
12
38
29
1
-18
-34
-32
-25
-25
-35
-29
-29
-51
-58
-64
-85
-101
-109
-126
-149
-160
-135
-97
-76
-56
-41
-42
-58
-81
-102
-128
-140
-137
-147
-136
-116
-108
-105
-120
-112
-103
-103
-105
-129
-144
-162
-189
-199
-220
-219
-182
-149
-110
-88
-75
-55
-58
