SAMPLES:	21722
BITSPERSAMPLE:	16
CHANNELS:	1
SAMPLERATE:	16000
NORMALIZED:	FALSE
-37
-38
-40
-40
-40
-39
-35
-36
-35
-36
-39
-39
-37
-37
-38
-36
-35
-33
-29
-27
-25
-24
-24
-25
-25
-27
-28
-28
-28
-28
-25
-22
-18
-14
-8
-4
0
1
0
-1
-2
-1
2
4
7
11
12
18
22
25
27
27
27
28
29
32
35
39
43
46
49
51
52
51
49
49
46
43
42
39
39
40
39
39
37
35
33
33
33
31
32
31
32
33
33
34
35
34
34
32
31
28
27
24
20
17
14
11
7
2
-3
-10
-14
-18
-21
-25
-28
-32
-37
-38
-36
-33
-30
-29
-28
-32
-34
-37
-40
-43
-47
-49
-51
-51
-46
-43
-39
-39
-42
-45
-51
-55
-57
-54
-54
-52
-48
-45
-39
-34
-29
-26
-24
-24
-23
-23
-22
-19
-17
-16
-15
-12
-11
-8
-8
-6
-5
-5
-4
-4
-1
1
6
11
15
18
22
26
28
28
28
26
27
29
30
31
35
35
39
42
42
40
36
31
27
27
28
28
28
29
28
30
30
31
34
33
32
31
29
27
24
20
18
15
11
9
8
10
11
11
7
4
0
-3
-5
-6
-8
-7
-6
-5
-2
-3
-3
-4
-5
-5
-4
-7
-8
-11
-10
-10
-8
-6
-4
-1
-2
-5
-5
-10
-14
-17
-24
-28
-28
-30
-26
-20
-15
-9
-3
-2
-5
-7
-12
-19
-19
-22
-20
-16
-13
-7
-2
-2
-3
-7
-12
-14
-17
-18
-20
-15
-13
-7
-3
-2
-2
-1
-2
-1
0
0
1
0
-1
-1
-3
-2
2
4
10
10
11
8
4
3
-1
-5
-6
-6
-3
3
8
11
16
14
13
11
8
7
4
2
3
6
9
12
15
14
14
12
8
7
6
6
5
6
6
6
8
6
8
8
9
11
10
8
9
8
8
6
4
4
5
8
9
10
10
11
8
6
2
0
-1
-3
-4
-3
0
1
3
2
0
-3
-9
-12
-15
-19
-18
-16
-14
-10
-7
-4
-2
-3
-3
-4
-7
-12
-15
-17
-19
-17
-18
-15
-12
-11
-8
-5
-4
-6
-6
-8
-11
-12
-11
-11
-10
-7
-3
-1
-1
1
0
-3
-3
-4
-5
-5
-6
-3
0
0
3
3
3
4
4
5
2
-1
-3
-3
-2
-3
-2
-1
2
6
7
9
10
11
13
12
11
10
7
6
6
6
10
12
11
11
9
9
7
6
4
4
5
8
9
10
9
10
12
11
12
8
8
6
5
6
6
7
8
10
12
12
10
5
2
0
-4
-4
-6
-7
-7
-7
-3
0
1
1
1
0
0
-4
-6
-8
-7
-8
-6
-5
-3
-3
-4
-4
-4
-6
-7
-7
-9
-8
-8
-9
-8
-7
-7
-9
-10
-12
-13
-10
-8
-9
-9
-10
-8
-4
0
2
2
1
-3
-4
-6
-7
-6
-5
-6
-7
-6
-5
-3
-2
-5
-6
-6
-6
-6
-2
0
1
2
2
4
8
11
11
9
5
4
6
7
8
8
7
5
0
-1
-1
-1
-1
-1
-1
2
3
2
6
7
6
6
6
8
9
9
10
11
10
8
11
12
10
6
2
0
-3
-4
-4
-2
-1
-6
-6
-4
-1
-1
1
4
4
5
6
4
5
4
4
2
3
1
-1
0
-3
-4
-7
-5
-5
-4
-3
-5
-3
-4
-4
-2
-1
0
-1
-1
-2
-1
-1
-3
-1
-1
0
-2
-2
-3
-3
-3
-4
-2
-2
-3
-3
-4
-3
-3
-2
-2
-1
-1
-3
-2
-2
-3
-4
-3
-2
-2
-2
0
2
3
2
4
4
4
2
1
0
-4
-3
-6
-3
-2
-4
-3
-4
-3
-2
0
1
0
1
0
0
1
0
0
-3
-3
-3
-2
-2
-1
0
2
3
4
2
2
3
2
1
3
3
2
6
4
3
5
5
5
4
3
2
2
3
5
5
6
5
5
5
7
6
7
7
9
10
8
9
7
7
5
2
-1
-3
-3
-3
-2
-2
-3
-3
-3
-5
-6
-5
-4
-2
-1
0
2
0
-1
-2
-3
-2
-3
-2
-5
-7
-7
-8
-7
-8
-9
-9
-7
-7
-4
-1
-2
1
2
2
1
-1
-1
0
0
-1
-2
0
1
1
2
0
-1
-3
-4
-1
-1
0
1
2
1
0
1
1
2
3
2
2
1
1
1
0
2
1
-1
-1
-1
1
-1
-1
-4
-6
-7
-7
-8
-6
-4
-3
-1
0
1
1
2
2
4
3
4
7
7
7
7
7
7
6
6
4
2
1
0
0
-1
-1
-2
-5
-5
-6
-4
-2
-3
-1
2
6
6
7
7
6
4
3
2
1
0
1
2
1
1
1
0
0
-3
-4
-5
-7
-8
-6
-7
-9
-9
-11
-10
-8
-5
-2
2
1
4
7
8
8
7
5
4
2
2
1
1
2
2
1
1
-2
-1
-3
-6
-6
-7
-4
-3
-2
3
6
7
9
9
9
8
6
5
4
2
1
2
0
0
-2
-2
-2
-3
-3
-3
-3
-3
-2
-2
-1
-1
-2
-2
-3
-2
0
2
1
2
2
2
1
-1
-2
-5
-7
-11
-13
-15
-16
-16
-17
-16
-16
-13
-10
-7
-3
-1
3
5
7
9
9
10
10
10
9
6
8
8
9
10
12
11
9
8
6
4
2
-1
-1
-4
-5
-5
-4
-3
0
4
5
10
12
11
13
15
15
13
13
10
7
4
0
-1
-3
-5
-5
-5
-5
-8
-9
-11
-11
-12
-11
-9
-8
-7
-3
-4
-3
-1
-2
1
0
-1
-1
0
2
5
7
9
9
8
5
4
3
0
-1
-2
-2
-1
-2
-2
-1
-2
-3
-2
-4
-5
-6
-9
-7
-7
-5
-3
-2
0
1
2
1
1
-2
-4
-5
-7
-7
-5
-3
-2
0
0
1
0
0
-2
-6
-7
-8
-9
-7
-5
-5
-3
-4
-4
-1
-1
-2
-5
-6
-6
-3
0
3
5
7
7
8
10
9
9
8
8
8
7
8
11
10
11
10
8
7
5
5
6
4
1
1
2
1
3
3
3
5
4
7
7
8
9
8
7
7
6
7
6
5
6
3
3
2
0
-1
-4
-5
-4
-6
-6
-4
-5
-6
-9
-11
-10
-9
-7
-7
-9
-8
-7
-9
-11
-12
-13
-16
-17
-18
-19
-17
-17
-17
-14
-16
-15
-12
-11
-11
-10
-11
-9
-7
-6
-6
-4
-3
-2
0
0
1
3
2
3
1
1
0
1
2
3
3
5
8
11
12
12
14
15
14
14
14
16
19
20
21
22
23
22
19
16
14
9
6
6
5
6
5
4
5
5
6
7
7
6
5
5
5
5
1
0
1
1
1
0
-1
-2
-3
-4
-4
-2
-3
-7
-6
-6
-4
-4
-6
-7
-7
-8
-8
-9
-10
-9
-7
-4
-1
-1
1
1
1
4
4
2
2
0
-3
-4
-7
-9
-10
-7
-5
-5
-4
-5
-7
-5
-5
-4
-5
-3
-1
1
2
4
3
2
2
1
0
-1
-3
-6
-7
-6
-6
-5
-5
-7
-7
-5
-5
-4
-3
-3
-2
-2
-1
0
-1
2
4
7
6
7
7
5
6
4
3
0
-4
-6
-7
-8
-8
-6
-3
-1
1
3
6
8
11
10
10
10
9
11
9
10
11
11
11
9
7
4
0
-1
-1
2
5
8
9
8
8
7
7
6
8
11
13
16
17
16
15
11
8
5
2
1
-1
-1
-2
-3
-5
-7
-11
-13
-16
-18
-17
-14
-13
-12
-8
-4
-3
-3
-4
-6
-11
-16
-17
-18
-16
-13
-11
-9
-8
-10
-15
-18
-22
-28
-28
-25
-20
-14
-8
-5
-3
-3
-5
-8
-10
-11
-11
-9
-7
-5
-1
3
3
5
2
3
5
1
0
-1
-4
-5
-6
-4
-2
-1
1
4
8
13
15
17
16
13
9
9
7
4
5
7
12
16
21
25
25
21
19
18
17
16
16
17
17
17
19
20
21
20
18
18
18
19
23
23
24
26
25
25
24
21
18
14
11
8
7
7
6
3
3
3
1
-2
-2
-3
-1
-1
0
1
-2
-3
-9
-11
-12
-14
-16
-16
-17
-19
-21
-23
-26
-30
-32
-33
-31
-27
-24
-22
-22
-21
-22
-24
-25
-26
-30
-33
-36
-36
-35
-34
-33
-31
-29
-28
-26
-27
-25
-25
-25
-26
-27
-25
-23
-21
-18
-16
-13
-11
-8
-7
-6
-6
-6
-6
-3
2
5
7
8
10
11
7
4
3
2
4
10
14
23
28
32
40
42
43
42
40
40
37
35
34
33
31
30
27
25
23
24
26
30
34
35
36
36
34
32
28
21
20
17
17
20
19
20
16
15
12
10
8
8
9
11
11
9
7
1
-8
-13
-19
-23
-24
-22
-16
-13
-11
-9
-9
-9
-11
-12
-15
-17
-15
-15
-15
-15
-16
-16
-17
-20
-22
-24
-25
-24
-21
-19
-17
-17
-16
-19
-23
-24
-27
-28
-28
-27
-26
-23
-19
-17
-14
-11
-10
-8
-5
-5
-4
-4
-5
-7
-13
-18
-25
-30
-30
-30
-26
-22
-15
-5
-1
4
5
7
8
9
13
15
13
14
15
15
12
9
7
8
7
7
8
8
11
12
19
21
23
24
27
33
35
36
37
38
39
38
36
34
32
32
35
34
30
29
26
22
20
16
11
8
8
12
15
12
14
21
23
24
25
26
23
18
16
14
10
7
5
5
0
-3
-7
-13
-18
-22
-22
-23
-25
-24
-24
-24
-24
-23
-20
-19
-19
-18
-18
-18
-21
-24
-30
-37
-43
-46
-49
-49
-49
-52
-51
-51
-54
-54
-56
-58
-56
-52
-45
-41
-35
-31
-27
-23
-21
-19
-19
-19
-20
-20
-18
-19
-17
-15
-12
-5
-2
0
2
5
7
9
15
19
24
31
40
49
54
56
60
62
59
58
59
58
57
54
54
53
50
47
44
42
36
34
35
31
26
23
23
21
17
14
12
10
9
11
9
5
0
-1
1
0
-1
-1
-2
-3
-3
-3
-5
-3
-5
-8
-11
-11
-9
-6
-8
-12
-16
-11
-4
-5
-12
-18
-13
-9
-13
-28
-42
-40
-30
-24
-28
-39
-41
-33
-30
-40
-45
-42
-36
-38
-39
-37
-36
-40
-38
-18
-6
-10
-12
-8
-4
-4
6
25
34
32
37
50
53
47
50
54
52
44
46
50
45
39
43
50
47
45
47
40
30
26
30
25
10
5
16
18
14
14
15
5
-17
-26
-27
-41
-62
-77
-85
-101
-118
-115
-97
-96
-106
-99
-76
-55
-43
-34
-26
-17
-11
8
18
10
5
18
36
41
36
38
51
70
86
93
80
53
49
65
74
60
27
3
-7
-10
-17
-27
-27
-44
-83
-117
-127
-103
-83
-106
-165
-222
-214
-117
-32
-66
-144
-118
32
145
100
1
50
257
450
473
334
238
363
579
626
499
450
577
667
589
487
492
504
455
434
423
306
88
-65
-89
-137
-254
-316
-319
-408
-617
-755
-749
-747
-829
-900
-930
-981
-1033
-1035
-1012
-1020
-1026
-946
-789
-678
-624
-557
-483
-408
-278
-81
84
181
250
368
513
591
654
719
794
895
1001
1035
925
821
891
1042
1009
794
731
861
826
493
250
310
324
103
-85
-95
-180
-434
-570
-530
-595
-784
-803
-704
-819
-1015
-1007
-880
-870
-887
-754
-660
-706
-699
-546
-439
-467
-389
-176
-73
-131
-134
1
115
175
263
364
377
343
374
425
434
416
447
499
500
481
474
500
531
557
592
617
624
591
608
714
783
736
668
802
1022
1045
897
855
1027
1137
1079
993
998
1023
988
939
864
744
628
606
604
468
246
70
-50
-233
-459
-616
-763
-958
-1174
-1316
-1443
-1645
-1794
-1827
-1876
-2022
-2125
-2073
-2046
-2186
-2246
-2093
-1896
-1831
-1771
-1569
-1397
-1312
-1152
-852
-597
-458
-255
44
256
348
539
867
1077
1158
1313
1586
1740
1674
1606
1651
1732
1743
1678
1602
1544
1468
1363
1221
1100
1016
890
693
496
318
84
-152
-322
-412
-526
-691
-798
-904
-1034
-1144
-1192
-1187
-1233
-1276
-1271
-1264
-1248
-1192
-1100
-1006
-888
-724
-599
-570
-523
-395
-268
-191
-121
-31
37
67
120
208
274
311
347
388
393
362
333
328
329
341
384
498
603
566
477
553
830
1041
1007
915
999
1237
1449
1484
1395
1403
1624
1934
2021
1816
1649
1745
1922
1886
1653
1493
1458
1362
1147
894
691
519
317
89
-165
-449
-723
-986
-1268
-1549
-1781
-1927
-2081
-2293
-2500
-2650
-2746
-2789
-2805
-2843
-2900
-2924
-2843
-2694
-2582
-2526
-2420
-2189
-1908
-1649
-1404
-1159
-928
-700
-439
-134
211
548
805
975
1160
1433
1724
1884
1893
1932
2130
2322
2255
1985
1817
1824
1807
1691
1571
1425
1148
826
675
620
443
155
-68
-204
-375
-586
-776
-919
-1005
-1014
-996
-1043
-1122
-1118
-1076
-1088
-1082
-964
-780
-728
-788
-752
-580
-407
-331
-275
-172
-101
-83
-36
75
203
237
209
234
319
403
409
350
315
342
397
407
307
164
146
268
388
402
386
444
549
626
706
822
912
1006
1187
1359
1380
1316
1447
1797
2034
1967
1827
1913
2160
2220
2008
1802
1802
1899
1850
1597
1270
1013
877
760
515
178
-106
-317
-578
-937
-1287
-1535
-1739
-1961
-2179
-2369
-2562
-2756
-2900
-2965
-2994
-3034
-3071
-3077
-3041
-2959
-2859
-2737
-2574
-2358
-2069
-1796
-1636
-1481
-1181
-749
-371
-166
-32
162
453
747
909
960
1050
1319
1634
1690
1488
1344
1429
1563
1556
1459
1326
1125
931
882
877
720
470
341
306
170
-59
-231
-335
-451
-532
-539
-564
-686
-760
-696
-624
-579
-498
-404
-394
-426
-341
-173
-97
-83
21
235
394
395
380
463
606
701
724
710
693
681
666
680
672
652
605
522
455
351
263
202
132
74
77
134
138
41
-15
121
367
502
432
344
478
747
920
912
835
919
1243
1568
1576
1325
1245
1526
1831
1812
1575
1415
1426
1460
1385
1219
1007
831
714
550
235
-122
-333
-494
-753
-1045
-1246
-1389
-1628
-1908
-2111
-2236
-2306
-2403
-2524
-2657
-2777
-2801
-2746
-2712
-2712
-2661
-2516
-2320
-2102
-1892
-1794
-1769
-1589
-1144
-681
-488
-460
-292
85
450
581
522
606
991
1415
1488
1194
1005
1152
1354
1392
1321
1234
1063
860
806
801
613
375
330
361
201
-105
-289
-357
-438
-461
-411
-452
-653
-796
-779
-820
-891
-758
-499
-421
-578
-624
-390
-136
-2
115
246
356
450
546
608
580
587
732
905
949
876
809
782
767
764
796
869
860
701
545
500
554
612
567
446
346
344
432
468
382
320
421
613
651
532
482
625
874
995
940
947
1171
1455
1434
1133
1058
1375
1754
1806
1576
1416
1482
1607
1542
1244
966
905
915
745
351
-24
-261
-483
-729
-913
-1058
-1281
-1628
-1956
-2158
-2285
-2356
-2422
-2515
-2638
-2764
-2821
-2807
-2802
-2797
-2704
-2493
-2261
-2150
-2134
-2062
-1846
-1539
-1266
-1152
-1074
-852
-583
-477
-516
-384
69
492
541
376
397
676
895
945
966
1001
954
905
955
967
796
572
560
574
429
236
50
-115
-268
-313
-257
-373
-625
-721
-641
-614
-716
-708
-552
-460
-463
-413
-289
-203
-129
0
181
293
328
409
527
635
697
779
898
913
871
878
974
1111
1168
1158
1163
1228
1269
1240
1180
1094
1105
1225
1277
1086
838
866
1105
1186
953
768
873
1132
1275
1120
869
806
1020
1295
1281
1059
1013
1290
1572
1538
1334
1303
1511
1763
1807
1581
1351
1374
1478
1346
973
659
564
465
158
-316
-733
-976
-1122
-1291
-1560
-1883
-2124
-2253
-2422
-2677
-2873
-2917
-2869
-2887
-3029
-3196
-3265
-3195
-3115
-3093
-3040
-2923
-2797
-2755
-2772
-2634
-2325
-2038
-1899
-1856
-1674
-1291
-963
-861
-757
-373
119
356
359
439
664
893
1032
1163
1255
1197
1120
1155
1195
1093
960
997
1085
980
763
632
588
490
396
390
346
214
97
-6
-174
-285
-213
-62
-96
-305
-408
-342
-251
-234
-211
-77
97
172
178
259
428
527
555
696
957
1086
1022
944
923
959
1139
1392
1387
1124
1103
1349
1315
999
892
1104
1182
1016
965
1011
914
813
919
1017
908
840
1011
1097
952
875
1020
1233
1301
1228
1186
1351
1638
1792
1650
1441
1515
1839
2035
1808
1426
1303
1438
1507
1272
942
804
702
425
86
-190
-469
-849
-1152
-1273
-1447
-1795
-2176
-2419
-2625
-2879
-3011
-3042
-3183
-3441
-3601
-3559
-3502
-3577
-3646
-3595
-3489
-3400
-3325
-3247
-3142
-2950
-2727
-2586
-2464
-2222
-1822
-1518
-1457
-1345
-893
-320
-78
-115
-52
280
667
895
1016
1069
1107
1210
1388
1467
1343
1223
1229
1257
1156
988
901
772
529
381
439
492
299
57
-3
9
-29
-26
46
46
-37
-20
119
213
229
274
404
529
621
768
894
881
872
1005
1264
1448
1436
1378
1345
1370
1443
1555
1593
1497
1491
1573
1594
1445
1244
1248
1421
1528
1373
1157
1083
1126
1115
917
782
876
1084
1054
755
574
735
1062
1173
1046
947
1114
1470
1627
1420
1159
1300
1796
2050
1784
1414
1403
1557
1506
1287
1120
985
726
396
108
-150
-511
-867
-1069
-1270
-1611
-2040
-2349
-2616
-2987
-3334
-3517
-3559
-3715
-4036
-4354
-4532
-4526
-4459
-4442
-4557
-4663
-4522
-4231
-4112
-4186
-4132
-3754
-3256
-2928
-2756
-2570
-2280
-1894
-1402
-992
-831
-666
-230
345
614
581
734
1201
1636
1804
1886
2010
1993
1908
2026
2238
2182
1918
1876
1984
1859
1564
1403
1386
1282
1093
989
925
701
443
366
408
406
389
452
442
340
362
556
732
775
867
1072
1237
1289
1365
1565
1717
1794
1893
2040
2091
2014
1983
1998
1957
1871
1860
1848
1673
1436
1351
1321
1222
1093
893
669
532
523
475
260
86
124
251
252
52
-169
-175
20
252
328
267
315
542
804
859
710
706
994
1321
1426
1303
1183
1222
1276
1210
1069
915
712
483
322
133
-193
-519
-727
-882
-1149
-1553
-1947
-2268
-2549
-2830
-3106
-3339
-3541
-3785
-4112
-4444
-4665
-4746
-4760
-4802
-4906
-4958
-4909
-4809
-4650
-4495
-4326
-4050
-3620
-3171
-2886
-2690
-2342
-1803
-1272
-893
-630
-312
123
569
914
1115
1341
1728
2125
2285
2270
2324
2421
2438
2486
2619
2565
2243
2066
2171
2111
1751
1497
1555
1559
1279
1017
962
925
801
753
793
755
670
716
795
730
700
890
1084
1110
1169
1354
1538
1621
1705
1893
2090
2165
2164
2229
2345
2458
2496
2413
2284
2177
2150
2180
2058
1699
1422
1464
1491
1106
507
241
362
422
218
-58
-222
-188
-63
-88
-392
-689
-552
-215
-161
-379
-419
-92
278
347
98
-28
301
737
786
542
483
798
1064
960
705
560
545
484
239
-141
-402
-536
-769
-1151
-1514
-1754
-2032
-2426
-2786
-2999
-3202
-3505
-3772
-3975
-4181
-4426
-4648
-4724
-4740
-4762
-4786
-4807
-4774
-4680
-4544
-4391
-4169
-3833
-3523
-3346
-3157
-2715
-2084
-1570
-1254
-1011
-585
28
480
619
684
1078
1764
2220
2238
2170
2413
2776
2895
2905
2968
2943
2739
2635
2781
2790
2446
2166
2183
2145
1847
1507
1331
1214
1116
1087
1000
773
615
708
829
781
739
915
1137
1137
1098
1272
1497
1603
1682
1819
1952
2002
2095
2282
2325
2198
2125
2247
2361
2215
1941
1720
1699
1721
1567
1314
1011
756
618
498
275
-77
-278
-200
-175
-316
-543
-576
-516
-601
-688
-609
-360
-217
-275
-309
-133
117
288
287
185
222
472
755
715
439
313
506
790
734
410
217
196
109
-140
-408
-600
-869
-1208
-1438
-1595
-1863
-2285
-2622
-2833
-3055
-3333
-3612
-3859
-4160
-4435
-4555
-4587
-4712
-4842
-4866
-4886
-4912
-4763
-4463
-4272
-4201
-4032
-3582
-3143
-2961
-2767
-2286
-1647
-1167
-868
-541
-113
324
665
962
1319
1794
2272
2468
2428
2535
2873
3138
3193
3208
3280
3233
3047
2930
2932
2850
2654
2581
2577
2388
2028
1732
1574
1500
1487
1491
1353
1092
953
967
987
1002
1115
1278
1345
1267
1273
1406
1493
1572
1739
1939
1989
1922
1914
1960
1968
1921
1880
1904
1872
1699
1520
1371
1249
1120
982
843
612
327
161
53
-159
-334
-350
-340
-513
-759
-754
-581
-612
-887
-1013
-792
-492
-356
-436
-586
-514
-155
193
188
-15
44
408
633
500
327
430
675
703
479
295
273
180
-134
-503
-721
-892
-1170
-1502
-1819
-2130
-2464
-2730
-2904
-3164
-3545
-3800
-3896
-4020
-4279
-4518
-4606
-4624
-4618
-4609
-4592
-4600
-4531
-4310
-4117
-4008
-3788
-3398
-3086
-2934
-2721
-2201
-1531
-1103
-847
-476
16
499
862
1168
1498
1886
2381
2756
2829
2796
3009
3428
3584
3434
3325
3385
3426
3276
3097
2983
2797
2626
2567
2446
2129
1790
1691
1657
1492
1293
1209
1160
1018
942
965
999
1019
1078
1213
1271
1283
1385
1528
1561
1645
1839
1950
1976
1979
2016
1979
1887
1831
1846
1843
1619
1306
1084
935
820
662
436
209
-32
-222
-384
-582
-721
-761
-807
-985
-1092
-1000
-875
-953
-1168
-1171
-903
-557
-491
-751
-873
-565
-76
35
-172
-184
90
418
532
424
332
408
604
698
538
392
388
299
17
-246
-316
-438
-749
-1068
-1283
-1528
-1865
-2158
-2339
-2567
-2962
-3242
-3366
-3523
-3775
-4033
-4146
-4192
-4243
-4244
-4208
-4192
-4098
-3901
-3685
-3537
-3373
-3029
-2678
-2463
-2305
-1957
-1441
-1022
-810
-642
-238
380
912
1080
1153
1526
2129
2553
2627
2671
2851
3026
3128
3192
3208
3116
2977
2972
2993
2773
2443
2272
2236
2110
1895
1748
1593
1404
1282
1161
1008
905
926
988
892
749
828
1030
1076
1024
1072
1211
1267
1258
1337
1422
1413
1427
1520
1545
1386
1208
1175
1206
1140
960
859
784
525
231
115
118
16
-224
-353
-422
-605
-770
-801
-750
-796
-950
-976
-875
-814
-853
-907
-771
-454
-239
-213
-258
-118
146
284
351
448
658
889
961
874
768
787
874
905
901
851
714
478
209
45
-63
-296
-539
-716
-947
-1291
-1658
-1885
-2037
-2284
-2539
-2676
-2822
-3072
-3346
-3474
-3512
-3598
-3604
-3515
-3500
-3595
-3627
-3442
-3258
-3212
-3088
-2776
-2394
-2242
-2221
-2001
-1637
-1219
-877
-713
-565
-227
239
484
515
756
1268
1567
1487
1493
1822
2067
2025
2062
2245
2236
2051
2029
2125
1961
1689
1737
1859
1638
1264
1195
1332
1244
1033
1016
1083
1014
981
1078
1118
1062
1104
1327
1464
1467
1539
1642
1684
1719
1863
1993
1936
1852
1926
2000
1920
1776
1712
1664
1493
1314
1160
1056
971
799
629
547
454
245
-29
-166
-186
-330
-439
-350
-301
-420
-527
-425
-360
-495
-499
-279
-96
-81
-26
176
257
181
212
364
527
619
637
568
479
592
753
650
358
197
237
202
-55
-349
-554
-708
-833
-952
-1157
-1524
-1911
-2104
-2179
-2336
-2629
-2893
-3018
-3096
-3230
-3397
-3484
-3500
-3526
-3556
-3533
-3440
-3320
-3233
-3201
-3201
-3125
-2838
-2476
-2230
-2185
-2141
-1851
-1368
-946
-829
-858
-630
-32
529
604
372
401
833
1287
1445
1433
1424
1370
1381
1597
1773
1673
1497
1582
1763
1688
1457
1399
1468
1421
1330
1381
1467
1341
1140
1089
1135
1229
1343
1392
1294
1172
1277
1540
1664
1604
1592
1704
1805
1863
1957
1981
1927
1889
1923
1979
1899
1742
1685
1646
1514
1338
1214
1129
949
710
579
556
423
150
-37
-82
-124
-224
-296
-339
-413
-466
-409
-297
-301
-334
-223
-42
82
165
303
403
392
424
641
901
921
767
750
883
939
838
673
557
540
520
352
40
-261
-431
-603
-864
-1054
-1165
-1406
-1775
-2040
-2180
-2310
-2501
-2719
-2863
-2976
-3120
-3240
-3321
-3411
-3434
-3397
-3356
-3326
-3319
-3256
-3236
-3208
-3054
-2804
-2580
-2516
-2416
-2192
-1906
-1591
-1348
-1182
-1029
-712
-320
-147
-127
103
486
643
625
820
1220
1275
1007
1013
1310
1371
1088
1008
1214
1182
951
906
1006
957
796
793
839
797
819
886
825
766
944
1197
1208
1107
1323
1637
1644
1564
1747
2059
2061
1903
1964
2179
2268
2179
2111
2144
2175
2103
1976
1835
1754
1677
1528
1364
1243
1219
1097
832
590
527
556
472
307
201
212
277
326
329
310
245
263
413
612
737
644
571
726
1033
1176
1026
892
1059
1381
1460
1276
1114
1174
1297
1265
1063
777
558
449
337
96
-228
-482
-680
-965
-1287
-1547
-1787
-2032
-2314
-2558
-2810
-3079
-3253
-3364
-3565
-3858
-4011
-3987
-3938
-4076
-4210
-4140
-3977
-3804
-3721
-3675
-3489
-3212
-3031
-2971
-2899
-2536
-2042
-1812
-1788
-1685
-1239
-766
-638
-744
-709
-216
419
561
226
82
434
865
919
772
707
637
628
854
1102
935
528
622
1137
1201
775
560
750
951
996
1069
1117
1009
973
1153
1271
1239
1416
1807
1945
1739
1740
2185
2497
2428
2384
2626
2902
2902
2791
2809
2860
2823
2799
2802
2693
2445
2248
2214
2177
2019
1792
1542
1310
1090
902
757
580
427
404
400
239
-62
-226
-105
48
92
112
199
280
260
342
579
728
718
655
685
883
1056
1002
791
654
765
904
765
422
155
60
-20
-185
-409
-672
-996
-1321
-1549
-1715
-1977
-2305
-2567
-2743
-2883
-3082
-3320
-3494
-3579
-3666
-3802
-3933
-3939
-3856
-3821
-3888
-3953
-3836
-3552
-3275
-3261
-3389
-3365
-3023
-2493
-2244
-2317
-2305
-1945
-1373
-1042
-1170
-1314
-944
-74
506
264
-161
-2
572
868
840
843
803
625
665
973
991
562
422
944
1228
784
367
544
814
741
780
1066
1113
850
784
1038
1160
1157
1426
1749
1685
1561
1878
2308
2335
2262
2609
2995
2895
2652
2761
3013
3037
2983
3081
3083
2807
2564
2530
2528
2342
2113
2058
2000
1736
1337
1061
977
923
863
740
513
299
194
195
207
151
17
-27
62
143
117
69
193
418
593
628
593
556
583
730
820
738
627
686
778
592
222
133
260
108
-308
-587
-619
-722
-984
-1187
-1358
-1677
-1998
-2125
-2222
-2540
-2968
-3136
-3164
-3344
-3605
-3758
-3761
-3808
-3955
-4051
-4040
-3950
-3829
-3726
-3577
-3310
-3114
-3100
-3165
-2952
-2388
-1988
-1916
-1928
-1647
-1119
-796
-869
-1004
-688
-33
272
37
-176
7
361
506
544
620
492
199
154
381
426
125
22
344
447
91
-251
-177
52
129
229
386
449
451
566
705
721
915
1380
1698
1649
1592
1871
2267
2485
2627
2895
3043
2998
3028
3269
3505
3484
3415
3529
3693
3659
3430
3167
3048
3067
3068
2981
2694
2290
1996
1842
1784
1599
1260
1040
935
841
630
405
330
285
225
232
234
117
51
239
448
372
189
305
647
712
471
357
519
654
560
419
408
376
246
101
-78
-305
-594
-806
-914
-1066
-1303
-1595
-1843
-2069
-2331
-2573
-2761
-2937
-3105
-3239
-3382
-3533
-3660
-3764
-3817
-3876
-3861
-3725
-3700
-3734
-3672
-3444
-3219
-3176
-3135
-2931
-2647
-2484
-2353
-2070
-1692
-1413
-1237
-1079
-869
-622
-484
-325
-131
-1
39
25
165
384
411
305
246
192
60
-80
-15
75
-59
-250
-263
-142
-212
-356
-345
-259
-194
-144
-30
14
-6
143
454
741
881
993
1248
1521
1715
1948
2218
2445
2651
2890
3105
3217
3319
3517
3744
3818
3747
3706
3787
3819
3598
3365
3378
3404
3194
2836
2577
2513
2404
2229
2007
1699
1458
1258
1152
1008
709
563
587
559
349
147
255
461
416
165
24
115
258
309
332
333
340
436
445
313
137
29
84
53
-140
-359
-569
-731
-878
-1010
-1207
-1517
-1747
-1800
-1859
-2150
-2531
-2690
-2637
-2697
-2974
-3166
-3181
-3213
-3384
-3549
-3552
-3508
-3509
-3572
-3624
-3577
-3379
-3084
-2868
-2835
-2851
-2653
-2284
-1943
-1835
-1870
-1657
-1166
-769
-827
-1097
-923
-283
115
-70
-398
-431
-196
34
216
266
21
-179
-120
21
-52
-334
-343
-110
-11
-75
-221
-351
-426
-355
-126
16
-8
7
85
134
225
474
813
917
884
1068
1443
1758
1881
2002
2266
2571
2830
3002
3056
3073
3175
3390
3630
3698
3610
3506
3480
3543
3535
3418
3275
3155
3096
3018
2916
2766
2510
2344
2264
2098
1744
1355
1269
1357
1313
1051
771
710
751
702
518
302
244
383
493
373
139
62
214
206
-89
-375
-414
-312
-439
-728
-919
-995
-1101
-1258
-1412
-1620
-1881
-2028
-1980
-2022
-2287
-2544
-2620
-2588
-2715
-2942
-3064
-3081
-3081
-3121
-3142
-3150
-3177
-3142
-3060
-3046
-3025
-2923
-2761
-2642
-2569
-2370
-2122
-1944
-1851
-1750
-1555
-1366
-1167
-960
-886
-927
-861
-566
-303
-308
-439
-407
-247
-138
-101
-106
-191
-299
-261
-128
-133
-333
-441
-303
-161
-205
-339
-382
-378
-376
-343
-300
-271
-226
-119
-10
68
192
423
573
587
687
966
1248
1348
1402
1568
1839
2116
2323
2459
2501
2527
2705
2942
3030
2968
2996
3137
3186
3160
3147
3169
3162
3133
3153
3219
3147
2988
2890
2841
2746
2554
2387
2253
2165
2071
1925
1773
1675
1609
1477
1247
1101
1089
955
628
284
221
329
229
-72
-346
-476
-581
-791
-996
-1122
-1249
-1418
-1587
-1692
-1818
-2055
-2249
-2334
-2340
-2354
-2425
-2483
-2602
-2730
-2767
-2723
-2640
-2661
-2725
-2660
-2524
-2411
-2408
-2444
-2373
-2178
-1937
-1826
-1913
-2004
-1885
-1584
-1336
-1364
-1437
-1297
-1080
-920
-916
-1015
-1027
-817
-529
-567
-879
-878
-468
-297
-625
-762
-426
-339
-668
-796
-608
-700
-1084
-1009
-555
-600
-1032
-952
-483
-433
-724
-660
-397
-416
-460
-227
-90
-281
-264
160
338
68
73
512
735
594
683
1119
1265
1167
1401
1867
2016
1862
1985
2405
2630
2533
2440
2574
2829
3033
3010
2857
2850
3062
3306
3355
3239
3169
3285
3481
3495
3252
3048
3076
3169
3002
2711
2616
2623
2516
2244
2046
1911
1700
1457
1178
936
738
643
572
276
-122
-383
-461
-585
-923
-1269
-1460
-1598
-1773
-1956
-2183
-2392
-2502
-2572
-2651
-2730
-2789
-2803
-2779
-2782
-2777
-2734
-2687
-2670
-2679
-2609
-2379
-2113
-2015
-2067
-2047
-1794
-1517
-1482
-1589
-1472
-1040
-801
-1003
-1276
-1204
-855
-765
-1023
-1220
-1148
-861
-745
-1108
-1612
-1628
-1107
-840
-1295
-1795
-1725
-1464
-1465
-1527
-1421
-1524
-1855
-1724
-1206
-1073
-1466
-1547
-956
-549
-695
-768
-461
-250
-276
-41
358
437
316
448
638
572
618
971
1140
870
740
1148
1489
1315
1175
1457
1770
1710
1576
1726
1895
1890
1959
2151
2326
2356
2380
2497
2505
2487
2589
2840
3058
3031
2995
3111
3244
3302
3305
3423
3573
3525
3419
3464
3612
3616
3385
3149
3074
3030
2873
2543
2148
1759
1483
1395
1155
590
-61
-492
-656
-902
-1367
-1793
-2061
-2273
-2512
-2695
-2886
-3202
-3456
-3471
-3376
-3477
-3686
-3706
-3625
-3632
-3630
-3434
-3176
-3062
-2994
-2803
-2556
-2322
-2044
-1767
-1567
-1309
-939
-617
-532
-589
-289
176
220
6
-53
241
540
327
-75
-235
-84
155
-53
-665
-1048
-876
-593
-824
-1416
-1691
-1605
-1591
-1720
-1828
-1931
-2150
-2198
-1913
-1696
-1828
-1978
-1727
-1370
-1271
-1163
-881
-678
-601
-362
86
341
353
514
848
975
974
1186
1409
1324
1078
1131
1403
1388
1172
1146
1253
1198
1061
1081
1151
1132
1042
1091
1215
1239
1286
1306
1296
1340
1519
1804
1959
1975
2118
2448
2652
2653
2732
3094
3474
3491
3359
3486
3770
3858
3652
3516
3679
3747
3504
3091
2772
2664
2523
2190
1699
1223
888
548
50
-493
-912
-1201
-1463
-1755
-2071
-2505
-3000
-3294
-3363
-3425
-3593
-3774
-3888
-3915
-3919
-3899
-3774
-3672
-3502
-3209
-2983
-2762
-2467
-2123
-1821
-1595
-1204
-596
-171
-80
-25
308
902
1279
1266
1102
1080
1365
1660
1557
1052
664
774
977
587
-244
-638
-468
-553
-1175
-1701
-1825
-2040
-2512
-2704
-2525
-2690
-3229
-3313
-2920
-2802
-3099
-3069
-2617
-2432
-2453
-2144
-1691
-1589
-1517
-972
-385
-260
-170
276
709
712
737
1214
1596
1500
1406
1606
1752
1626
1486
1496
1438
1310
1331
1389
1174
831
772
937
906
700
582
719
989
1075
1017
1020
1266
1597
1797
1967
2158
2361
2605
2917
3253
3380
3353
3571
4003
4161
3943
3823
4066
4266
4023
3668
3621
3723
3508
2958
2478
2170
1880
1514
1072
555
11
-359
-654
-1104
-1668
-2112
-2280
-2458
-2890
-3328
-3495
-3607
-3854
-4039
-3959
-3779
-3819
-3857
-3628
-3319
-3176
-3130
-2872
-2448
-2096
-1824
-1461
-1077
-806
-495
-163
200
506
659
795
911
1115
1379
1439
1262
1042
997
1029
732
108
-210
-128
-254
-863
-1496
-1724
-1888
-2265
-2619
-2805
-3047
-3495
-3759
-3614
-3526
-3674
-3743
-3496
-3225
-3207
-3100
-2739
-2341
-2040
-1687
-1182
-757
-536
-198
237
549
900
1317
1667
1826
1894
2116
2378
2471
2440
2407
2303
2129
2040
1981
1796
1465
1243
1191
1073
802
528
420
500
627
658
709
791
877
1004
1211
1514
1815
2061
2248
2459
2756
3033
3272
3476
3606
3846
4092
4135
4024
3913
3992
4103
4011
3751
3460
3192
2851
2447
2016
1571
1134
678
256
-180
-700
-1237
-1660
-1943
-2217
-2648
-3128
-3430
-3606
-3799
-4062
-4207
-4135
-4047
-4072
-4119
-3998
-3701
-3419
-3184
-2849
-2408
-2014
-1716
-1432
-1036
-569
-163
194
535
886
1185
1442
1614
1735
1871
1942
1970
1906
1762
1518
1226
1053
866
481
-64
-523
-854
-1240
-1702
-2130
-2526
-2888
-3187
-3372
-3561
-3884
-4074
-4002
-3807
-3730
-3744
-3600
-3316
-3020
-2695
-2362
-2027
-1630
-1213
-781
-393
-21
414
782
1024
1290
1664
1960
2012
2005
2216
2477
2450
2281
2219
2188
2032
1815
1668
1525
1294
1023
835
737
669
592
484
377
371
469
560
647
854
1174
1371
1386
1564
1982
2294
2373
2517
2958
3394
3501
3346
3350
3662
3892
3808
3555
3388
3364
3204
2770
2357
2126
1982
1618
1038
646
395
-17
-601
-1037
-1177
-1325
-1746
-2246
-2603
-2869
-3148
-3345
-3413
-3476
-3560
-3601
-3604
-3592
-3455
-3190
-2879
-2586
-2235
-1736
-1340
-1222
-1097
-620
65
595
782
832
1027
1355
1728
1872
1717
1638
1870
2059
1796
1238
885
844
757
575
316
-246
-1007
-1383
-1259
-1416
-2123
-2737
-2833
-2836
-3288
-3786
-3917
-3944
-3923
-3782
-3672
-3739
-3789
-3501
-3158
-2989
-2619
-1942
-1484
-1508
-1404
-738
-74
185
382
725
1103
1357
1556
1795
1878
1886
2093
2337
2349
2208
2091
1970
1865
1749
1572
1361
1180
1125
1081
939
808
778
742
683
742
878
989
1122
1298
1439
1547
1737
2055
2318
2455
2762
3118
3141
2992
3073
3473
3632
3385
3248
3294
3211
2846
2472
2347
2202
1865
1518
1185
736
225
-136
-326
-648
-1072
-1351
-1535
-1895
-2452
-2713
-2667
-2706
-2870
-3049
-3116
-3159
-3240
-3124
-2891
-2797
-2722
-2450
-2039
-1723
-1603
-1433
-1047
-513
44
330
336
413
815
1357
1555
1376
1240
1519
1876
1649
1049
808
1106
1234
693
45
-157
-312
-784
-1193
-1311
-1562
-2179
-2657
-2660
-2755
-3257
-3577
-3440
-3366
-3634
-3760
-3524
-3384
-3458
-3282
-2824
-2517
-2400
-2120
-1699
-1512
-1296
-705
-105
115
190
540
943
1177
1390
1684
1889
1881
1973
2238
2303
2119
2057
2155
2140
1976
1807
1738
1688
1587
1468
1323
1210
1237
1279
1168
1108
1263
1413
1324
1300
1533
1678
1633
1729
2147
2425
2242
2043
2286
2699
2801
2668
2511
2450
2489
2520
2372
2029
1751
1669
1575
1177
714
467
273
-71
-477
-669
-829
-1179
-1569
-1807
-1913
-2105
-2353
-2484
-2502
-2568
-2706
-2755
-2706
-2646
-2610
-2534
-2333
-2058
-1791
-1552
-1308
-1132
-914
-446
109
494
564
565
845
1349
1672
1507
1291
1532
1988
2079
1582
1034
901
976
946
671
200
-372
-831
-985
-1101
-1512
-2015
-2302
-2391
-2538
-2926
-3225
-3322
-3434
-3409
-3294
-3268
-3321
-3332
-3201
-2994
-2683
-2271
-1938
-1862
-1825
-1472
-931
-550
-351
-114
266
591
719
945
1297
1519
1629
1720
1913
2104
2079
1950
1856
1865
1889
1809
1731
1760
1791
1636
1399
1351
1447
1461
1406
1381
1462
1590
1609
1628
1643
1623
1713
1831
2031
2223
2184
2055
1958
2083
2405
2504
2277
2021
1964
2070
1973
1639
1384
1256
1186
950
564
199
-132
-348
-505
-705
-969
-1262
-1538
-1824
-2103
-2260
-2283
-2338
-2470
-2623
-2710
-2660
-2600
-2489
-2337
-2167
-1993
-1809
-1490
-1270
-1168
-1039
-661
-78
224
340
436
708
1182
1418
1374
1270
1411
1819
1918
1520
1197
1337
1548
1265
769
619
479
-11
-486
-644
-784
-1354
-1860
-1833
-1928
-2516
-3025
-2978
-2870
-3157
-3347
-3144
-3045
-3220
-3208
-2879
-2658
-2618
-2285
-1784
-1633
-1593
-1188
-649
-470
-392
34
471
543
534
877
1242
1205
1142
1436
1772
1719
1493
1500
1614
1633
1577
1522
1601
1699
1631
1454
1340
1480
1672
1549
1381
1521
1780
1790
1607
1668
1917
2066
2101
2118
2239
2321
2241
2157
2146
2236
2360
2274
1969
1749
1739
1723
1425
1056
992
997
703
235
-75
-167
-384
-742
-885
-911
-1151
-1664
-2067
-2100
-2108
-2373
-2658
-2706
-2651
-2767
-2941
-2990
-2930
-2777
-2528
-2256
-2080
-1933
-1643
-1265
-956
-729
-443
18
365
521
649
827
1179
1517
1683
1640
1464
1534
1816
1878
1580
1260
1334
1480
1253
794
418
247
59
-316
-667
-980
-1348
-1671
-1878
-1962
-2149
-2447
-2607
-2626
-2656
-2732
-2713
-2603
-2490
-2392
-2203
-1907
-1704
-1571
-1391
-1103
-791
-510
-220
-9
125
317
622
899
1034
1090
1208
1354
1439
1463
1419
1407
1421
1430
1384
1216
1075
1121
1272
1299
1143
971
1031
1249
1301
1175
1156
1380
1595
1542
1469
1664
1885
1919
1881
1991
2216
2214
2008
1904
2024
2165
2113
1947
1747
1571
1435
1249
930
683
548
350
67
-285
-578
-814
-1031
-1176
-1289
-1542
-1874
-2152
-2327
-2436
-2606
-2768
-2840
-2805
-2771
-2895
-3065
-3036
-2788
-2518
-2385
-2252
-1913
-1537
-1320
-1216
-907
-287
290
544
572
718
1111
1534
1746
1716
1679
1949
2358
2296
1774
1439
1572
1850
1802
1389
915
518
199
51
-44
-356
-869
-1224
-1304
-1458
-1917
-2348
-2428
-2341
-2315
-2417
-2499
-2481
-2470
-2427
-2231
-1937
-1714
-1578
-1469
-1360
-1176
-836
-402
-58
79
170
431
736
942
1113
1320
1446
1457
1487
1606
1662
1454
1262
1322
1418
1293
902
633
702
877
929
786
653
717
871
940
921
1007
1326
1603
1575
1517
1653
1942
2116
2066
2101
2336
2489
2360
2220
2286
2431
2450
2230
2000
1913
1763
1449
1127
965
849
575
187
-198
-557
-875
-1098
-1277
-1499
-1808
-2101
-2253
-2413
-2622
-2820
-2980
-3002
-2982
-3055
-3176
-3239
-3162
-2949
-2722
-2575
-2423
-2217
-1900
-1518
-1204
-894
-543
-160
201
386
449
710
1225
1578
1557
1395
1438
1739
1892
1596
1163
1191
1550
1477
870
378
299
173
-212
-451
-574
-1017
-1630
-1800
-1601
-1768
-2311
-2439
-2114
-2089
-2443
-2504
-2209
-2079
-2050
-1789
-1457
-1368
-1320
-995
-672
-591
-340
235
560
451
495
938
1348
1392
1453
1743
1843
1683
1634
1778
1808
1657
1603
1642
1520
1240
978
905
975
1024
1004
889
764
764
925
1023
981
1066
1314
1550
1592
1546
1689
1924
2073
2119
2233
2476
2548
2373
2263
2400
2604
2555
2272
2047
1934
1753
1391
1028
881
758
418
-52
-410
-668
-1054
-1501
-1787
-1904
-2079
-2398
-2687
-2939
-3270
-3546
-3562
-3460
-3495
-3716
-3896
-3871
-3724
-3558
-3419
-3244
-3024
-2747
-2337
-1875
-1571
-1407
-1129
-582
120
521
516
532
899
1481
1750
1522
1353
1720
2133
1916
1276
1050
1367
1509
1155
717
485
179
-163
-242
-206
-487
-1071
-1339
-1249
-1385
-1769
-1968
-1948
-1964
-2027
-1930
-1770
-1821
-1850
-1547
-1186
-998
-811
-525
-288
-147
139
597
958
1120
1242
1468
1694
1875
2128
2255
2138
1996
2074
2329
2296
1960
1744
1715
1718
1541
1267
1123
1054
1001
946
865
740
615
572
599
758
988
1081
1023
920
1003
1298
1556
1656
1687
1826
2100
2220
2092
2041
2270
2511
2461
2210
2016
1918
1674
1311
1073
925
716
330
-149
-494
-791
-1120
-1470
-1809
-2068
-2295
-2549
-2900
-3265
-3539
-3666
-3687
-3792
-3972
-4126
-4154
-4104
-4005
-3867
-3729
-3507
-3279
-2964
-2554
-2199
-1865
-1571
-1161
-593
-70
221
318
540
995
1465
1563
1429
1582
1934
2061
1734
1320
1336
1566
1554
1238
793
395
148
17
-99
-336
-699
-966
-1103
-1325
-1605
-1729
-1771
-1850
-1840
-1773
-1716
-1701
-1701
-1536
-1317
-1125
-858
-618
-461
-307
-72
264
570
767
1028
1298
1468
1675
1982
2246
2274
2204
2296
2509
2579
2424
2249
2164
2108
1991
1723
1435
1323
1324
1254
1024
843
857
834
664
582
803
1101
1164
1053
1014
1148
1370
1599
1817
1973
2029
2089
2100
2060
2162
2393
2529
2397
2130
1965
1832
1562
1272
1103
987
719
301
-58
-390
-786
-1160
-1409
-1569
-1830
-2206
-2587
-2974
-3256
-3410
-3489
-3605
-3834
-3963
-3955
-4002
-4098
-4060
-3820
-3571
-3447
-3280
-2956
-2602
-2328
-2057
-1730
-1339
-938
-487
-83
102
143
263
664
1102
1199
1040
959
1152
1341
1098
626
402
543
684
409
-133
-571
-812
-891
-939
-1077
-1292
-1561
-1719
-1794
-1894
-1927
-1919
-1862
-1720
-1528
-1406
-1403
-1368
-1150
-786
-464
-280
-65
269
492
640
905
1274
1647
1903
2051
2189
2338
2490
2620
2697
2777
2893
2944
2830
2602
2487
2509
2471
2297
2112
2067
2029
1835
1612
1513
1554
1583
1524
1504
1554
1617
1618
1571
1615
1784
1973
2086
2162
2292
2376
2251
2097
2165
2458
2624
2380
2019
1897
1911
1741
1363
1071
926
739
379
-74
-449
-812
-1155
-1474
-1773
-2026
-2322
-2708
-3127
-3468
-3674
-3741
-3866
-4106
-4286
-4348
-4404
-4505
-4507
-4350
-4164
-4019
-3878
-3594
-3257
-3024
-2816
-2529
-2040
-1560
-1210
-920
-725
-461
-178
75
376
537
638
746
791
831
713
469
249
172
305
304
-56
-595
-937
-946
-967
-1191
-1406
-1551
-1621
-1704
-1860
-1891
-1872
-1814
-1626
-1478
-1381
-1238
-1037
-807
-594
-319
34
359
621
811
1018
1332
1713
2103
2294
2315
2437
2699
2933
2950
2952
3080
3134
3074
3005
2945
2836
2662
2588
2638
2577
2367
2133
2012
1993
1952
1862
1667
1598
1770
1946
1867
1590
1579
1829
1927
1896
1964
2135
2296
2266
2142
2109
2198
2389
2418
2206
1976
1853
1789
1630
1329
1077
874
608
251
-142
-508
-956
-1366
-1562
-1722
-2073
-2598
-3024
-3260
-3496
-3756
-3955
-4064
-4174
-4339
-4417
-4408
-4408
-4398
-4259
-3999
-3787
-3616
-3322
-2903
-2631
-2527
-2311
-1840
-1213
-742
-621
-706
-581
-82
426
493
121
35
555
985
759
141
-187
-50
141
135
-66
-506
-1073
-1367
-1301
-1292
-1620
-2010
-2125
-2127
-2276
-2452
-2488
-2443
-2321
-2037
-1710
-1594
-1622
-1464
-1100
-742
-354
168
597
674
654
933
1451
1931
2278
2512
2605
2654
2819
3039
3146
3163
3249
3383
3408
3283
3055
2863
2820
2872
2865
2730
2537
2371
2260
2124
2014
2023
2136
2236
2187
2035
1860
1878
2176
2390
2306
2118
2201
2575
2768
2560
2322
2365
2602
2739
2578
2294
2101
1998
1881
1661
1383
1112
906
705
383
-4
-436
-817
-1106
-1400
-1700
-2037
-2388
-2771
-3177
-3465
-3601
-3719
-3918
-4145
-4317
-4416
-4456
-4413
-4379
-4362
-4212
-3954
-3699
-3518
-3310
-3001
-2649
-2287
-1960
-1572
-1230
-1071
-945
-705
-311
-24
18
-16
18
149
245
196
-4
-191
-217
-198
-352
-668
-936
-1095
-1300
-1636
-1889
-1983
-2176
-2464
-2622
-2590
-2583
-2764
-2851
-2690
-2469
-2297
-2089
-1793
-1504
-1220
-858
-473
-67
354
730
1060
1354
1716
2170
2535
2692
2828
3124
3426
3540
3516
3542
3638
3734
3764
3695
3546
3409
3399
3401
3235
2940
2721
2708
2731
2533
2175
1967
2098
2315
2209
1841
1648
1854
2141
2149
2022
2021
2154
2281
2262
2184
2227
2371
2460
2366
2182
2111
2121
1978
1635
1351
1256
1174
944
582
218
-126
-416
-545
-675
-1011
-1478
-1876
-2138
-2341
-2608
-2883
-3089
-3300
-3537
-3771
-3919
-4013
-4090
-4134
-4152
-4052
-3898
-3750
-3597
-3460
-3297
-3073
-2677
-2157
-1780
-1646
-1542
-1278
-848
-500
-396
-345
-187
123
324
173
-74
-91
88
73
-167
-366
-545
-837
-1164
-1281
-1343
-1680
-2045
-2139
-2238
-2587
-2875
-2798
-2696
-2923
-3098
-2821
-2470
-2485
-2556
-2317
-1940
-1677
-1378
-935
-641
-491
-140
424
858
1108
1489
1959
2238
2402
2718
3107
3242
3263
3497
3776
3792
3653
3618
3736
3799
3719
3573
3383
3296
3307
3245
2999
2713
2631
2711
2774
2704
2462
2166
2103
2372
2636
2506
2168
2161
2442
2488
2183
2013
2245
2456
2307
2045
1931
1901
1805
1689
1641
1539
1336
1174
1045
843
522
249
150
13
-257
-560
-853
-1190
-1590
-1902
-2073
-2230
-2502
-2829
-3126
-3420
-3646
-3723
-3755
-3896
-4022
-3936
-3770
-3774
-3862
-3699
-3273
-2975
-2902
-2719
-2296
-1891
-1718
-1590
-1289
-1014
-889
-691
-369
-210
-377
-543
-322
-48
-210
-576
-678
-558
-632
-997
-1296
-1413
-1646
-1941
-2016
-2001
-2291
-2778
-2899
-2701
-2685
-2925
-3036
-2854
-2696
-2699
-2592
-2380
-2226
-2002
-1630
-1272
-1089
-873
-427
-17
184
440
983
1448
1537
1677
2199
2763
2945
2912
3109
3461
3662
3700
3754
3868
3945
4027
4106
4016
3806
3714
3769
3748
3501
3215
3215
3396
3378
3040
2657
2565
2741
2914
2813
2543
2452
2547
2668
2580
2272
2123
2314
2497
2295
1921
1773
1840
1795
1554
1384
1376
1250
855
508
399
325
141
-68
-219
-443
-787
-1115
-1341
-1553
-1807
-1984
-2106
-2317
-2691
-3053
-3211
-3225
-3256
-3414
-3620
-3687
-3609
-3476
-3419
-3426
-3318
-3101
-2868
-2709
-2534
-2305
-2130
-1999
-1849
-1551
-1291
-1308
-1339
-1147
-867
-810
-927
-901
-811
-883
-994
-962
-897
-1103
-1492
-1609
-1517
-1595
-1826
-1952
-2006
-2189
-2367
-2376
-2370
-2484
-2537
-2379
-2208
-2241
-2292
-2109
-1842
-1660
-1463
-1177
-926
-752
-478
-120
145
363
721
1095
1290
1457
1729
2074
2323
2436
2600
2776
2930
3093
3183
3179
3210
3429
3665
3614
3389
3301
3452
3617
3552
3356
3246
3317
3467
3466
3207
2934
2938
3106
3150
2970
2710
2598
2654
2643
2449
2215
2161
2208
2063
1747
1488
1429
1422
1244
1045
935
825
658
435
227
47
-69
-69
-112
-369
-728
-991
-1126
-1265
-1420
-1495
-1576
-1804
-2110
-2284
-2346
-2472
-2600
-2596
-2565
-2669
-2827
-2887
-2783
-2613
-2495
-2442
-2437
-2332
-2100
-1832
-1732
-1767
-1639
-1355
-1129
-1180
-1346
-1325
-1092
-887
-906
-1033
-1132
-1225
-1393
-1415
-1199
-1240
-1696
-2096
-2018
-1772
-1981
-2385
-2418
-2323
-2478
-2665
-2552
-2369
-2429
-2446
-2172
-1970
-2051
-2021
-1689
-1427
-1383
-1184
-769
-570
-651
-528
-99
225
337
528
796
951
1049
1295
1583
1681
1821
2089
2305
2304
2224
2387
2570
2701
2851
2979
3034
2938
2889
3003
3115
3170
3228
3317
3456
3509
3344
3094
3049
3292
3506
3392
3155
3089
3139
3037
2770
2663
2742
2767
2599
2363
2146
1923
1744
1625
1574
1446
1189
893
595
385
260
124
-21
-147
-277
-458
-772
-1078
-1202
-1201
-1248
-1362
-1456
-1576
-1797
-2076
-2233
-2184
-2058
-2105
-2296
-2392
-2332
-2236
-2258
-2283
-2196
-2055
-1874
-1668
-1557
-1595
-1661
-1455
-1049
-916
-1148
-1399
-1302
-1027
-1031
-1328
-1508
-1417
-1315
-1489
-1898
-2124
-2065
-1998
-2141
-2430
-2624
-2760
-2873
-2855
-2780
-2834
-3102
-3210
-2909
-2632
-2651
-2754
-2578
-2218
-2037
-1938
-1770
-1549
-1308
-1082
-837
-604
-451
-229
28
220
419
647
879
1019
1127
1323
1512
1641
1820
2058
2159
2042
1990
2191
2449
2532
2501
2589
2759
2826
2769
2755
2890
3092
3237
3324
3440
3503
3441
3320
3332
3565
3796
3803
3577
3415
3456
3470
3320
3113
3065
3141
3021
2712
2390
2165
2032
1897
1770
1626
1385
1059
721
455
252
78
-30
-164
-397
-698
-1016
-1248
-1407
-1518
-1613
-1744
-1882
-2019
-2183
-2344
-2440
-2443
-2400
-2389
-2370
-2290
-2232
-2171
-2056
-1879
-1673
-1611
-1579
-1418
-1211
-1036
-966
-930
-831
-746
-756
-812
-910
-970
-936
-895
-945
-1253
-1724
-1973
-1912
-1796
-1971
-2421
-2760
-2868
-2902
-3033
-3221
-3274
-3261
-3292
-3325
-3324
-3237
-3134
-3000
-2779
-2535
-2269
-2015
-1844
-1688
-1442
-1039
-608
-357
-223
-59
181
528
870
1104
1208
1298
1498
1691
1738
1753
1920
2150
2216
2075
1957
2028
2111
2061
2021
2129
2394
2507
2282
2039
2072
2339
2553
2593
2693
2888
2918
2726
2597
2813
3176
3281
3125
3050
3229
3418
3338
3096
3010
3162
3325
3245
2936
2586
2351
2215
2081
2002
1969
1783
1374
920
624
465
257
52
-32
-115
-404
-876
-1243
-1397
-1549
-1783
-1933
-1913
-1927
-2180
-2514
-2645
-2581
-2497
-2444
-2367
-2266
-2177
-2071
-1926
-1744
-1532
-1277
-1025
-857
-731
-616
-505
-398
-394
-462
-484
-426
-376
-498
-761
-949
-1031
-1160
-1429
-1700
-1884
-2028
-2163
-2373
-2681
-3044
-3317
-3394
-3419
-3532
-3667
-3761
-3826
-3834
-3679
-3422
-3289
-3216
-2938
-2525
-2260
-2112
-1861
-1485
-1122
-746
-340
-64
56
231
584
944
1106
1232
1542
1854
1939
1854
1878
2079
2244
2243
2083
1917
1907
1979
1968
1863
1849
1982
2032
1847
1611
1614
1796
1948
2073
2255
2433
2427
2262
2217
2478
2893
3151
3151
3131
3250
3410
3465
3424
3423
3504
3586
3562
3408
3175
2905
2685
2620
2624
2508
2199
1819
1468
1166
916
705
531
345
92
-270
-655
-961
-1223
-1495
-1753
-1905
-1915
-1965
-2251
-2608
-2745
-2709
-2612
-2481
-2365
-2323
-2316
-2220
-2016
-1804
-1605
-1292
-1020
-914
-908
-827
-571
-396
-372
-385
-340
-238
-249
-447
-749
-934
-886
-919
-1247
-1647
-1889
-2070
-2384
-2674
-2762
-2913
-3253
-3467
-3490
-3614
-3953
-4147
-3966
-3798
-3867
-3834
-3547
-3302
-3222
-3024
-2610
-2278
-2038
-1655
-1255
-1031
-769
-264
261
493
635
976
1314
1493
1652
1916
2124
2195
2333
2534
2569
2406
2282
2263
2167
2041
2006
1999
1925
1852
1841
1820
1701
1606
1687
1793
1870
1934
1982
2070
2144
2186
2224
2411
2761
2986
2924
2823
3010
3316
3321
3130
3142
3344
3469
3338
3075
2872
2751
2695
2672
2584
2367
2068
1754
1510
1293
1069
843
563
274
-59
-466
-863
-1212
-1474
-1680
-1907
-2130
-2332
-2547
-2762
-2920
-2969
-2890
-2755
-2636
-2599
-2579
-2420
-2179
-1943
-1764
-1527
-1255
-1028
-808
-631
-511
-438
-277
-12
102
-65
-269
-289
-179
-251
-533
-745
-836
-919
-1218
-1662
-1967
-2102
-2208
-2476
-2854
-3096
-3269
-3466
-3584
-3589
-3591
-3773
-3890
-3719
-3503
-3392
-3293
-2986
-2585
-2385
-2198
-1870
-1549
-1240
-839
-347
30
265
627
987
1154
1290
1629
2073
2222
2181
2276
2445
2553
2523
2480
2488
2328
2210
2208
2133
1975
1817
1865
1946
1767
1532
1457
1511
1581
1535
1547
1724
1874
1826
1645
1747
2110
2380
2419
2315
2397
2655
2810
2830
2807
2890
3067
3145
3081
2882
2681
2624
2634
2614
2485
2300
2067
1700
1345
1132
996
839
526
157
-192
-589
-948
-1271
-1526
-1757
-1983
-2094
-2239
-2590
-2907
-2916
-2723
-2615
-2633
-2543
-2353
-2236
-2235
-2125
-1771
-1418
-1197
-1091
-1013
-930
-883
-704
-438
-210
-60
-118
-190
-166
-240
-436
-611
-554
-344
-527
-1145
-1634
-1779
-1803
-1949
-2153
-2419
-2806
-3105
-3188
-3240
-3495
-3690
-3480
-3259
-3413
-3607
-3506
-3248
-3135
-2978
-2449
-1956
-1798
-1722
-1436
-1053
-774
-327
275
633
659
726
1042
1341
1518
1794
2121
2245
2241
2305
2439
2423
2315
2357
2449
2469
2321
2094
1904
1750
1754
1854
1807
1628
1491
1434
1413
1378
1485
1722
1800
1661
1564
1805
2167
2290
2219
2222
2490
2850
2928
2746
2631
2787
3081
3181
3053
2883
2816
2764
2638
2539
2419
2218
1877
1502
1310
1187
926
524
136
-138
-356
-655
-1011
-1340
-1628
-1855
-2059
-2222
-2341
-2477
-2639
-2756
-2747
-2616
-2451
-2402
-2461
-2360
-2037
-1667
-1464
-1504
-1447
-1104
-757
-657
-740
-662
-360
-162
-227
-414
-427
-230
-150
-392
-744
-884
-825
-887
-1232
-1567
-1720
-1909
-2237
-2489
-2559
-2718
-3069
-3323
-3258
-3093
-3210
-3423
-3409
-3215
-3035
-2952
-2856
-2733
-2548
-2243
-1903
-1635
-1378
-1027
-689
-458
-183
287
736
941
1026
1283
1676
1899
1984
2085
2215
2270
2287
2412
2534
2518
2385
2295
2279
2230
2136
2048
1955
1839
1775
1722
1654
1536
1418
1396
1467
1635
1761
1690
1500
1491
1810
2145
2165
2043
2120
2395
2543
2434
2344
2491
2707
2794
2755
2700
2650
2533
2402
2296
2210
2076
1809
1460
1146
902
633
318
85
-77
-310
-702
-1147
-1415
-1519
-1676
-1897
-2064
-2167
-2328
-2550
-2672
-2618
-2501
-2452
-2413
-2273
-2087
-1961
-1845
-1655
-1404
-1199
-1037
-848
-670
-573
-594
-558
-324
-75
-63
-259
-371
-254
-148
-302
-585
-723
-676
-761
-1114
-1474
-1694
-1847
-2020
-2212
-2424
-2705
-2933
-2984
-2937
-2954
-3120
-3211
-3051
-2856
-2804
-2811
-2661
-2398
-2164
-1962
-1771
-1504
-1188
-914
-669
-359
33
422
685
812
960
1257
1604
1770
1802
1887
2031
2128
2109
2075
2141
2255
2305
2234
2081
1907
1857
1952
2034
1905
1606
1500
1643
1727
1545
1266
1350
1777
2025
1828
1489
1548
1974
2327
2321
2142
2165
2421
2672
2674
2512
2437
2561
2729
2744
2609
2455
2390
2283
2088
1933
1807
1669
1426
1051
688
391
220
87
-195
-634
-1054
-1269
-1339
-1504
-1798
-2009
-2097
-2107
-2114
-2165
-2218
-2291
-2325
-2212
-2020
-1860
-1785
-1702
-1507
-1291
-1131
-1031
-880
-630
-434
-362
-395
-379
-250
-142
-161
-321
-484
-555
-542
-609
-863
-1174
-1370
-1418
-1511
-1814
-2230
-2519
-2638
-2656
-2723
-2935
-3231
-3407
-3365
-3293
-3277
-3314
-3279
-3131
-2973
-2804
-2618
-2430
-2236
-1924
-1563
-1298
-1083
-842
-536
-220
100
447
797
1031
1152
1328
1575
1833
2013
2092
2136
2197
2229
2189
2141
2192
2345
2360
2167
1942
1936
2105
2121
1927
1674
1621
1800
1911
1792
1529
1458
1790
2212
2241
1920
1773
2092
2582
2695
2501
2432
2621
2865
2895
2820
2817
2916
2947
2826
2721
2655
2540
2272
1946
1793
1726
1553
1199
778
419
130
-116
-368
-621
-938
-1317
-1624
-1816
-1921
-2074
-2293
-2483
-2552
-2509
-2467
-2482
-2533
-2494
-2346
-2159
-1973
-1863
-1777
-1631
-1412
-1131
-931
-801
-619
-373
-216
-255
-285
-149
-2
-37
-176
-273
-314
-374
-498
-720
-1109
-1380
-1358
-1386
-1756
-2232
-2432
-2476
-2662
-2869
-2927
-3055
-3357
-3456
-3218
-3133
-3368
-3419
-3027
-2700
-2728
-2633
-2242
-1945
-1806
-1468
-922
-574
-435
-124
284
473
655
1135
1577
1559
1445
1784
2257
2316
2187
2306
2517
2481
2311
2273
2295
2211
2094
2053
1967
1805
1815
1926
1880
1715
1566
1497
1490
1511
1557
1530
1489
1699
2092
2214
1927
1709
2018
2533
2668
2520
2492
2674
2823
2797
2792
2865
2891
2789
2621
2457
2284
2079
1826
1560
1359
1189
943
551
58
-341
-612
-827
-1033
-1301
-1626
-1982
-2288
-2452
-2534
-2648
-2774
-2818
-2770
-2733
-2727
-2677
-2549
-2409
-2296
-2105
-1848
-1647
-1509
-1336
-1095
-877
-710
-473
-202
-43
9
60
139
164
183
265
267
33
-273
-341
-219
-357
-828
-1205
-1262
-1233
-1462
-1924
-2331
-2514
-2528
-2521
-2651
-2895
-3028
-2970
-2866
-2851
-2856
-2769
-2675
-2563
-2298
-1958
-1743
-1678
-1483
-1043
-622
-391
-176
129
433
683
930
1171
1382
1565
1703
1828
1920
2042
2201
2274
2214
2125
2070
2020
1943
1859
1777
1617
1458
1421
1490
1504
1368
1184
1031
1054
1259
1417
1390
1226
1240
1618
2015
2037
1815
1852
2281
2731
2848
2704
2676
2887
3072
3023
2926
2959
3057
3013
2802
2566
2328
2093
1878
1668
1414
1087
685
273
-108
-488
-814
-1019
-1179
-1436
-1840
-2260
-2506
-2525
-2526
-2671
-2814
-2792
-2671
-2695
-2824
-2769
-2500
-2283
-2227
-2105
-1798
-1491
-1392
-1400
-1266
-920
-572
-402
-333
-268
-110
5
-90
-161
-24
192
165
-199
-594
-651
-461
-568
-1111
-1576
-1508
-1289
-1672
-2388
-2601
-2320
-2313
-2676
-2784
-2676
-2845
-3175
-3030
-2566
-2540
-2769
-2482
-1917
-1867
-2079
-1762
-1142
-907
-833
-364
144
170
178
641
1059
1123
1330
1870
2099
1786
1747
2258
2571
2366
2212
2422
2476
2108
1931
2147
2239
1998
1756
1706
1549
1343
1391
1539
1464
1205
1139
1326
1460
1437
1372
1407
1634
2014
2323
2220
1923
2027
2595
3064
2957
2687
2736
2993
3067
2920
2833
2804
2739
2568
2366
2127
1822
1504
1217
976
672
332
-49
-511
-887
-1149
-1380
-1654
-1915
-2121
-2417
-2756
-2984
-3019
-2989
-3074
-3173
-3163
-3089
-3042
-2968
-2789
-2597
-2493
-2334
-1943
-1555
-1399
-1359
-1163
-817
-589
-456
-249
11
37
-130
-117
85
292
285
26
-224
-275
-223
-330
-665
-944
-926
-947
-1295
-1728
-1918
-2007
-2213
-2289
-2243
-2365
-2684
-2815
-2552
-2380
-2504
-2423
-2076
-1968
-2043
-1851
-1393
-1156
-1207
-931
-346
-21
46
235
606
854
1085
1505
1785
1743
1728
2012
2300
2246
2186
2370
2392
2170
2037
2124
2167
1942
1761
1786
1747
1537
1365
1305
1264
1262
1282
1195
1006
971
1166
1330
1247
1165
1438
1855
2047
2009
1958
2110
2466
2803
2937
2864
2787
2848
2908
2822
2701
2706
2715
2574
2323
2006
1659
1327
1070
857
561
128
-283
-587
-897
-1238
-1576
-1832
-2002
-2213
-2503
-2804
-3020
-3109
-3129
-3129
-3185
-3304
-3280
-3095
-2956
-2923
-2891
-2597
-2120
-1826
-1723
-1581
-1239
-880
-714
-554
-269
31
101
-62
-100
90
363
476
283
-5
-134
-60
-60
-387
-782
-824
-649
-804
-1270
-1591
-1649
-1743
-1980
-2122
-2126
-2217
-2441
-2472
-2283
-2256
-2380
-2351
-2079
-1836
-1802
-1714
-1444
-1170
-930
-599
-225
18
224
543
821
950
1136
1541
1927
1974
1901
2039
2231
2261
2168
2162
2217
2217
2150
1990
1815
1704
1727
1841
1749
1434
1157
999
959
963
954
917
777
706
887
1128
1181
1108
1230
1593
1987
2171
2084
2023
2316
2802
3001
2855
2695
2845
3029
2872
2607
2551
2679
2631
2267
1915
1661
1342
915
477
162
-150
-511
-817
-1148
-1574
-1980
-2228
-2295
-2389
-2609
-2878
-3142
-3217
-3179
-3209
-3271
-3293
-3180
-3089
-3087
-3018
-2764
-2403
-2125
-1925
-1616
-1206
-977
-921
-808
-541
-263
-75
109
229
215
136
165
344
457
341
105
-23
63
134
-156
-671
-849
-607
-582
-1060
-1574
-1726
-1745
-1907
-2007
-1883
-1936
-2293
-2402
-2102
-1937
-2163
-2166
-1704
-1368
-1403
-1376
-1011
-687
-559
-243
250
485
538
807
1203
1357
1421
1776
2096
2023
1909
2041
2204
2097
1995
2150
2201
1968
1743
1773
1785
1554
1353
1311
1267
1066
852
835
962
1011
995
936
856
981
1232
1398
1399
1420
1695
2080
2273
2153
1938
2041
2498
2882
2844
2518
2417
2630
2693
2522
2333
2218
2104
1829
1483
1151
750
446
277
2
-429
-888
-1140
-1382
-1828
-2243
-2336
-2221
-2335
-2719
-3068
-3212
-3187
-3081
-3005
-2946
-2941
-2946
-2810
-2683
-2575
-2411
-2177
-1907
-1694
-1428
-1165
-992
-861
-738
-445
-186
-119
1
199
280
228
174
303
512
403
82
-115
-77
-14
-217
-559
-832
-926
-946
-1072
-1256
-1546
-1862
-1981
-1909
-1815
-1895
-2122
-2216
-2074
-1902
-1820
-1735
-1510
-1207
-1001
-890
-754
-488
-160
129
323
485
800
1193
1431
1455
1460
1682
1977
2048
1964
1905
1936
1926
1886
1932
1903
1782
1607
1471
1444
1392
1296
1162
1012
886
822
829
897
991
995
919
848
945
1245
1527
1593
1580
1811
2173
2349
2207
1992
2157
2698
3083
2951
2571
2406
2534
2562
2328
2131
2074
1980
1686
1286
946
576
211
-45
-275
-608
-1062
-1425
-1675
-2017
-2382
-2532
-2436
-2410
-2642
-2933
-3090
-3086
-3020
-2899
-2718
-2663
-2710
-2662
-2506
-2308
-2147
-1983
-1723
-1449
-1183
-989
-942
-867
-627
-244
-33
-69
21
294
412
173
-64
76
330
294
-15
-239
-273
-300
-458
-754
-1020
-1197
-1250
-1223
-1347
-1704
-2112
-2351
-2311
-2098
-1971
-2055
-2212
-2125
-1787
-1546
-1497
-1403
-1090
-693
-541
-522
-330
-35
201
310
504
904
1272
1424
1419
1467
1709
2035
2244
2271
2170
2078
2048
2024
1984
1900
1811
1744
1663
1598
1497
1398
1348
1234
1067
958
1031
1188
1169
1055
1105
1282
1437
1497
1573
1736
1890
2066
2294
2494
2524
2399
2294
2413
2714
2859
2685
2339
2068
1985
1949
1808
1597
1364
1099
768
475
181
-136
-447
-773
-1024
-1312
-1664
-2004
-2341
-2540
-2607
-2650
-2655
-2747
-2904
-3002
-3032
-2948
-2785
-2616
-2535
-2563
-2594
-2529
-2389
-2259
-2153
-1994
-1743
-1391
-1067
-921
-860
-692
-339
-68
-81
-145
-11
262
424
311
82
9
117
139
-120
-473
-585
-410
-363
-748
-1304
-1531
-1400
-1387
-1654
-1873
-1878
-1869
-1970
-1997
-1882
-1773
-1692
-1517
-1248
-1130
-1090
-824
-450
-240
-132
128
482
669
764
959
1241
1503
1728
1966
2074
2047
2123
2334
2364
2119
2004
2109
2111
1876
1661
1631
1576
1371
1215
1262
1315
1217
1059
960
934
963
1046
1082
1115
1279
1510
1593
1456
1423
1707
1998
2046
1988
2096
2398
2519
2357
2176
2170
2358
2436
2216
1868
1628
1504
1340
1138
975
806
533
206
-47
-314
-707
-1101
-1289
-1359
-1601
-2029
-2383
-2515
-2635
-2799
-2912
-2910
-2821
-2805
-2861
-2929
-2920
-2766
-2585
-2512
-2507
-2408
-2144
-1908
-1886
-1884
-1672
-1269
-913
-775
-689
-460
-183
-24
8
20
115
219
280
272
137
-57
-239
-305
-280
-349
-523
-682
-726
-762
-957
-1276
-1492
-1420
-1232
-1221
-1428
-1708
-1874
-1782
-1490
-1237
-1168
-1181
-1044
-838
-742
-648
-393
-8
267
385
536
768
995
1149
1299
1461
1590
1761
1945
1991
1913
1863
1928
2046
2030
1929
1832
1668
1522
1475
1493
1437
1250
1154
1225
1259
1120
906
844
952
1062
1036
982
1041
1174
1276
1267
1302
1523
1791
1917
1883
1915
2145
2386
2380
2078
1898
2082
2354
2336
1919
1495
1360
1329
1189
960
738
512
139
-246
-430
-568
-817
-1153
-1414
-1601
-1823
-2048
-2253
-2415
-2580
-2678
-2667
-2686
-2728
-2792
-2827
-2812
-2755
-2552
-2345
-2300
-2298
-2186
-1927
-1721
-1676
-1574
-1313
-987
-780
-696
-542
-397
-305
-229
-150
3
85
95
88
13
-123
-301
-401
-386
-380
-501
-805
-1032
-966
-897
-1084
-1433
-1563
-1347
-1177
-1284
-1530
-1617
-1438
-1227
-1114
-1067
-1057
-996
-827
-570
-334
-156
79
273
374
511
738
1036
1228
1245
1327
1572
1775
1884
1917
1837
1711
1667
1796
1879
1777
1629
1597
1628
1532
1400
1330
1275
1251
1256
1363
1522
1429
1227
1202
1326
1470
1446
1345
1364
1504
1650
1701
1626
1571
1668
1778
1733
1643
1741
1952
2049
1910
1636
1460
1451
1585
1638
1394
987
673
533
438
309
124
-132
-425
-685
-867
-1093
-1424
-1697
-1741
-1655
-1759
-2048
-2282
-2386
-2478
-2572
-2517
-2399
-2363
-2426
-2548
-2607
-2572
-2433
-2260
-2146
-2086
-1998
-1812
-1651
-1601
-1498
-1221
-899
-665
-565
-532
-495
-507
-494
-407
-267
-127
-136
-301
-567
-743
-683
-561
-557
-756
-946
-854
-668
-701
-949
-1175
-1142
-917
-755
-730
-862
-1029
-1056
-860
-538
-399
-447
-476
-366
-137
101
318
512
669
825
1051
1240
1325
1390
1469
1624
1798
1883
1882
1802
1662
1590
1658
1734
1726
1608
1435
1319
1288
1331
1409
1451
1416
1428
1449
1356
1278
1272
1345
1486
1565
1528
1361
1203
1244
1377
1479
1478
1419
1405
1359
1263
1216
1317
1475
1536
1448
1184
906
822
939
1045
895
559
402
337
115
-176
-409
-394
-343
-499
-724
-961
-1202
-1366
-1402
-1383
-1449
-1613
-1766
-1918
-2132
-2333
-2363
-2224
-2107
-2130
-2264
-2333
-2294
-2248
-2112
-1935
-1779
-1628
-1543
-1498
-1487
-1437
-1289
-1096
-945
-893
-851
-776
-694
-638
-621
-606
-548
-427
-368
-467
-618
-648
-499
-390
-523
-741
-786
-631
-491
-623
-899
-965
-765
-578
-585
-649
-666
-658
-573
-342
-101
-61
-111
31
312
463
451
549
791
928
898
898
1060
1204
1187
1152
1230
1374
1453
1429
1358
1248
1228
1370
1503
1463
1328
1305
1390
1418
1428
1527
1578
1515
1482
1605
1728
1628
1451
1423
1535
1583
1478
1323
1211
1138
1131
1226
1358
1389
1262
1089
1001
1057
1185
1195
1024
856
846
832
588
254
172
356
417
175
-134
-253
-259
-325
-361
-277
-227
-363
-626
-804
-891
-993
-1048
-1043
-1064
-1176
-1360
-1563
-1750
-1849
-1819
-1702
-1606
-1622
-1694
-1751
-1793
-1806
-1732
-1554
-1373
-1309
-1374
-1488
-1560
-1544
-1468
-1371
-1292
-1230
-1229
-1319
-1432
-1416
-1216
-1030
-1004
-1080
-1047
-935
-927
-1007
-1021
-918
-791
-737
-729
-749
-825
-880
-831
-693
-584
-530
-511
-491
-415
-315
-192
-73
68
256
384
425
443
486
608
765
896
945
930
951
976
997
1055
1195
1364
1393
1311
1248
1310
1440
1505
1535
1590
1678
1713
1648
1593
1598
1627
1648
1667
1729
1782
1780
1708
1613
1589
1627
1675
1639
1555
1531
1520
1487
1388
1285
1236
1166
1089
1025
1019
1080
1116
994
701
465
437
531
513
299
107
65
65
-71
-290
-396
-413
-484
-639
-819
-961
-1093
-1206
-1246
-1253
-1254
-1318
-1501
-1695
-1786
-1744
-1621
-1564
-1567
-1571
-1669
-1853
-1954
-1856
-1621
-1513
-1548
-1537
-1516
-1527
-1587
-1631
-1526
-1346
-1200
-1113
-1088
-1151
-1211
-1197
-1072
-858
-707
-666
-797
-949
-899
-748
-651
-710
-809
-764
-670
-683
-824
-908
-776
-570
-480
-488
-444
-413
-467
-497
-344
-42
121
98
98
170
221
291
448
642
738
732
800
897
902
899
986
1155
1260
1288
1351
1368
1324
1363
1529
1687
1705
1671
1700
1729
1720
1772
1878
1888
1790
1795
1846
1795
1715
1676
1675
1636
1596
1573
1537
1384
1189
1165
1277
1301
1218
1125
987
833
760
889
985
818
572
478
550
512
230
-20
7
194
213
-99
-412
-486
-475
-530
-617
-666
-689
-748
-887
-1058
-1192
-1206
-1133
-1131
-1270
-1420
-1469
-1446
-1494
-1641
-1699
-1568
-1378
-1394
-1613
-1749
-1690
-1550
-1447
-1421
-1453
-1441
-1356
-1300
-1337
-1366
-1215
-943
-841
-964
-1113
-1097
-890
-691
-675
-764
-791
-694
-598
-692
-859
-840
-582
-385
-523
-756
-768
-585
-444
-426
-384
-333
-374
-446
-434
-320
-320
-374
-233
-46
-68
-267
-287
43
287
249
278
475
654
662
605
664
792
912
1037
1113
1093
1069
1091
1153
1254
1396
1562
1632
1564
1557
1673
1724
1694
1710
1835
1925
1811
1673
1657
1667
1613
1559
1547
1534
1474
1346
1224
1140
1098
1123
1145
1122
1095
1083
1030
948
870
873
905
800
635
570
619
564
346
148
69
72
40
-88
-254
-383
-483
-589
-699
-798
-903
-1017
-1155
-1314
-1405
-1413
-1485
-1691
-1860
-1851
-1757
-1728
-1843
-1972
-1960
-1908
-1921
-1919
-1808
-1624
-1479
-1441
-1415
-1329
-1265
-1233
-1186
-1100
-947
-752
-640
-617
-586
-576
-514
-396
-282
-206
-304
-428
-388
-271
-176
-279
-498
-527
-455
-475
-623
-724
-626
-536
-528
-534
-577
-668
-820
-809
-598
-427
-369
-342
-252
-197
-268
-302
-109
137
186
177
297
512
651
614
655
882
1068
1229
1360
1411
1448
1513
1673
1818
1872
1884
1839
1808
1845
1943
2031
1944
1793
1773
1780
1704
1580
1517
1526
1444
1294
1210
1169
1087
931
905
1041
1096
1021
823
618
557
656
801
775
573
496
622
638
389
83
88
306
346
126
-138
-179
-164
-277
-374
-373
-380
-534
-728
-795
-868
-1025
-1147
-1131
-1038
-1147
-1379
-1540
-1617
-1635
-1653
-1655
-1656
-1640
-1626
-1672
-1735
-1736
-1641
-1420
-1269
-1297
-1289
-1178
-1068
-1016
-972
-836
-668
-580
-515
-457
-410
-362
-338
-341
-324
-230
-162
-240
-386
-414
-272
-144
-219
-450
-533
-469
-528
-686
-692
-567
-620
-784
-771
-639
-688
-965
-1061
-815
-588
-578
-658
-639
-542
-424
-271
-115
-14
15
147
356
508
652
794
941
1021
1149
1370
1501
1519
1457
1575
1829
1918
1908
1928
1991
1975
1929
1954
2011
1983
1859
1778
1693
1604
1563
1527
1398
1224
1155
1188
1172
1046
931
833
727
744
855
937
865
677
673
851
896
702
460
432
606
686
574
405
263
138
20
-14
31
-9
-196
-426
-583
-644
-723
-875
-961
-992
-1074
-1174
-1259
-1348
-1459
-1598
-1686
-1666
-1632
-1670
-1778
-1916
-1988
-1886
-1701
-1614
-1611
-1566
-1466
-1347
-1304
-1263
-1156
-1015
-795
-640
-571
-571
-568
-491
-378
-238
-131
-85
-87
-118
-170
-233
-290
-247
-149
-142
-274
-466
-550
-536
-564
-681
-831
-931
-960
-939
-974
-1131
-1209
-1114
-969
-934
-990
-993
-895
-829
-779
-616
-385
-218
-195
-118
74
321
555
742
956
1147
1286
1416
1590
1775
1929
2059
2211
2369
2488
2513
2438
2380
2407
2491
2469
2324
2249
2187
2045
1840
1696
1703
1674
1510
1316
1157
1043
949
894
915
896
759
596
487
481
509
503
439
395
490
523
333
54
-54
90
231
126
-90
-159
-159
-248
-428
-562
-561
-526
-635
-832
-969
-1080
-1176
-1298
-1420
-1414
-1361
-1423
-1619
-1871
-2013
-1970
-1866
-1807
-1834
-1906
-1908
-1893
-1875
-1776
-1573
-1307
-1155
-1166
-1182
-1083
-944
-855
-736
-568
-403
-260
-183
-184
-142
-32
36
64
149
293
385
284
31
-44
109
209
145
0
-106
-203
-369
-560
-701
-736
-712
-728
-845
-1032
-1183
-1197
-1080
-976
-894
-789
-710
-692
-702
-660
-478
-163
76
214
321
389
462
592
845
1164
1477
1672
1739
1791
1914
2069
2190
2275
2342
2443
2487
2360
2184
2109
2056
1986
1935
1850
1735
1553
1296
1143
1163
1246
1243
1089
873
738
696
668
699
760
799
843
779
599
434
363
396
469
499
375
183
63
19
-4
-9
-10
-70
-190
-357
-562
-777
-879
-871
-881
-1036
-1240
-1338
-1415
-1544
-1754
-1868
-1708
-1545
-1575
-1725
-1888
-1937
-1916
-1852
-1777
-1690
-1561
-1444
-1353
-1299
-1183
-1032
-971
-909
-770
-582
-465
-521
-559
-425
-231
-63
47
105
154
200
234
265
283
322
420
446
310
138
20
-84
-228
-377
-425
-458
-651
-954
-1135
-1162
-1200
-1306
-1404
-1403
-1371
-1373
-1334
-1243
-1101
-983
-883
-707
-535
-399
-244
-72
122
319
508
740
1001
1211
1333
1424
1540
1757
2034
2203
2259
2271
2317
2395
2397
2327
2279
2261
2235
2126
1977
1887
1789
1620
1473
1410
1399
1370
1255
1150
1122
1102
1074
976
797
664
631
667
680
570
484
543
539
395
277
308
433
402
186
54
38
13
-73
-192
-282
-353
-436
-549
-678
-834
-989
-1111
-1198
-1238
-1272
-1363
-1499
-1620
-1663
-1634
-1611
-1620
-1672
-1755
-1789
-1770
-1771
-1733
-1631
-1502
-1372
-1282
-1220
-1152
-1118
-1109
-1068
-934
-714
-488
-366
-380
-401
-348
-236
-91
-11
-24
-73
-160
-211
-206
-171
-85
-17
-72
-219
-348
-419
-495
-635
-747
-725
-705
-789
-915
-1046
-1047
-975
-958
-922
-863
-764
-687
-720
-742
-578
-299
-117
-41
81
349
607
691
760
974
1235
1389
1442
1509
1638
1748
1868
2027
2166
2278
2281
2243
2272
2285
2289
2236
2076
1927
1873
1833
1685
1456
1314
1356
1437
1343
1151
1146
1313
1378
1183
952
984
1184
1189
909
717
735
782
698
535
439
390
322
167
61
-33
-224
-391
-565
-699
-832
-1052
-1304
-1520
-1639
-1692
-1764
-1878
-1981
-2028
-2055
-2115
-2176
-2203
-2144
-2063
-2003
-1942
-1898
-1823
-1711
-1609
-1486
-1365
-1253
-1094
-987
-912
-809
-708
-601
-527
-414
-235
-80
-9
27
138
266
337
357
418
523
557
501
449
404
303
194
172
237
160
-59
-192
-245
-291
-461
-641
-688
-778
-953
-1116
-1212
-1260
-1289
-1227
-1083
-995
-957
-839
-664
-535
-459
-321
-88
115
262
439
680
898
1014
1091
1211
1389
1543
1680
1757
1796
1883
1969
2045
2014
1984
1998
1983
1889
1712
1645
1637
1580
1479
1426
1365
1254
1168
1080
1042
1003
931
920
871
793
744
687
634
602
612
662
643
533
493
522
484
289
131
115
64
-41
-176
-238
-322
-497
-639
-765
-861
-1039
-1231
-1323
-1374
-1398
-1449
-1475
-1518
-1587
-1607
-1596
-1640
-1718
-1659
-1535
-1452
-1411
-1340
-1230
-1203
-1260
-1273
-1182
-1106
-1037
-952
-815
-659
-603
-547
-446
-321
-248
-212
-138
-41
64
74
79
165
262
301
237
210
216
176
114
75
55
52
58
-28
-174
-272
-302
-326
-409
-511
-564
-539
-546
-657
-704
-650
-576
-570
-605
-537
-439
-420
-389
-268
-129
-54
-13
21
90
235
348
435
571
705
822
902
926
994
1128
1272
1409
1525
1586
1580
1578
1657
1836
1952
1910
1880
1938
1939
1780
1640
1689
1854
1908
1777
1604
1480
1388
1275
1196
1240
1227
1074
897
730
558
344
203
179
141
-40
-331
-578
-740
-876
-988
-1041
-1070
-1109
-1227
-1439
-1614
-1719
-1731
-1655
-1633
-1633
-1602
-1624
-1681
-1691
-1640
-1535
-1378
-1224
-1155
-1131
-1100
-990
-834
-775
-716
-603
-444
-371
-399
-419
-337
-143
-31
21
23
-9
-51
-78
-65
-45
-15
8
26
-13
-119
-224
-214
-144
-120
-150
-199
-239
-312
-424
-481
-456
-412
-399
-469
-543
-586
-639
-665
-641
-564
-508
-518
-568
-569
-534
-506
-405
-285
-135
14
101
167
211
236
288
435
627
793
912
1014
1118
1211
1280
1342
1435
1509
1541
1544
1544
1584
1621
1600
1553
1508
1495
1441
1352
1321
1322
1347
1291
1190
1133
1068
1020
903
769
760
810
792
652
521
530
585
520
369
282
282
241
103
-69
-158
-185
-307
-454
-526
-558
-599
-788
-962
-999
-1015
-1021
-1111
-1195
-1181
-1203
-1286
-1378
-1390
-1301
-1269
-1264
-1232
-1133
-1028
-1072
-1143
-1140
-1001
-854
-859
-926
-925
-826
-707
-692
-688
-612
-533
-446
-448
-475
-426
-344
-236
-219
-254
-227
-181
-181
-234
-275
-231
-104
-12
-2
-38
-85
-135
-162
-181
-150
-113
-161
-231
-270
-238
-223
-259
-301
-268
-209
-178
-201
-231
-212
-147
-33
51
65
37
48
95
243
448
586
629
620
709
886
994
996
1017
1177
1417
1484
1376
1270
1319
1506
1597
1586
1591
1625
1654
1608
1538
1559
1607
1609
1526
1380
1225
1055
916
856
827
757
707
653
492
260
99
69
70
-4
-122
-253
-422
-590
-752
-840
-825
-786
-780
-874
-1029
-1153
-1205
-1166
-1099
-1107
-1147
-1127
-1101
-1143
-1209
-1219
-1110
-963
-908
-917
-903
-836
-771
-746
-721
-648
-576
-571
-602
-606
-550
-461
-378
-285
-232
-231
-245
-310
-371
-393
-406
-396
-390
-414
-493
-585
-598
-504
-419
-456
-488
-394
-292
-304
-410
-460
-358
-283
-303
-336
-332
-310
-264
-160
-56
27
92
95
88
161
242
279
302
323
377
415
371
322
338
431
525
546
609
723
797
814
832
950
1069
1086
1082
1083
1072
1065
1085
1127
1120
1079
1054
1005
926
869
877
897
889
900
923
895
816
702
689
799
848
825
775
682
550
427
374
386
402
363
232
112
21
-47
-37
-67
-118
-146
-205
-276
-422
-559
-600
-696
-755
-743
-793
-869
-960
-1047
-1073
-1055
-992
-985
-1059
-1063
-1052
-1061
-1092
-1110
-1047
-1041
-1050
-993
-972
-948
-882
-822
-748
-696
-666
-647
-645
-619
-578
-561
-528
-490
-466
-435
-423
-391
-332
-237
-124
-71
-71
-94
-83
-25
-37
-36
60
113
106
81
102
99
50
61
100
143
143
120
103
71
55
91
152
207
230
246
289
290
282
294
344
395
412
420
403
381
402
437
493
625
742
872
1007
1049
1045
1048
1085
1090
1086
1129
1104
1031
938
866
885
853
744
692
708
721
671
626
628
565
425
360
419
478
425
304
210
156
118
78
35
8
-32
-68
-120
-251
-337
-329
-319
-365
-455
-472
-448
-481
-555
-574
-477
-407
-442
-474
-461
-471
-602
-717
-717
-706
-754
-851
-883
-834
-760
-729
-799
-839
-789
-774
-804
-864
-930
-926
-918
-970
-1005
-943
-851
-838
-858
-774
-580
-439
-465
-505
-407
-298
-258
-266
-274
-211
-116
-54
-34
3
63
125
164
159
200
289
343
357
333
369
479
482
424
402
472
593
601
616
711
747
689
629
589
540
510
450
379
326
270
274
292
239
217
242
275
309
325
366
411
401
351
352
386
368
314
308
348
349
306
271
284
301
271
267
311
322
330
346
385
453
478
507
550
556
550
564
578
586
586
545
511
467
413
399
374
324
246
161
117
82
15
-34
-59
-112
-174
-239
-311
-387
-461
-525
-566
-588
-665
-758
-840
-924
-985
-1034
-1061
-1071
-1101
-1135
-1134
-1146
-1184
-1201
-1175
-1106
-1060
-1043
-1017
-974
-927
-866
-793
-711
-652
-603
-513
-432
-354
-298
-246
-176
-123
-60
11
76
135
209
282
317
346
366
386
413
393
387
435
496
529
535
529
518
498
485
495
495
477
467
497
533
536
534
546
598
625
601
559
531
506
465
439
416
395
354
305
270
277
320
369
392
365
336
301
251
165
85
43
8
-24
-44
-55
-67
-55
-16
40
82
88
89
83
90
115
141
204
271
312
356
399
437
503
582
655
707
689
642
611
567
484
382
283
177
84
-13
-105
-185
-249
-286
-347
-429
-521
-602
-680
-773
-860
-932
-1014
-1109
-1210
-1277
-1319
-1366
-1377
-1349
-1305
-1262
-1214
-1160
-1099
-1009
-923
-861
-773
-693
-629
-545
-487
-425
-347
-268
-183
-105
-34
34
128
213
293
374
443
474
478
532
568
588
613
630
622
585
564
509
433
372
331
297
246
196
170
140
114
125
117
130
164
187
207
207
213
200
221
228
208
220
239
258
276
294
315
358
363
341
355
371
394
418
393
378
406
370
309
283
280
286
266
208
150
128
108
68
68
66
74
95
74
110
177
220
255
259
250
279
277
229
221
240
296
340
349
362
412
447
424
398
370
364
325
214
119
39
-60
-177
-306
-406
-451
-503
-576
-652
-748
-834
-899
-943
-994
-1049
-1090
-1117
-1140
-1192
-1211
-1193
-1194
-1157
-1109
-1081
-1027
-975
-885
-751
-642
-518
-395
-300
-183
-66
57
185
275
363
449
513
595
680
749
811
838
847
836
810
808
838
827
790
759
713
667
599
533
481
425
329
217
137
65
3
-79
-167
-230
-286
-345
-397
-437
-455
-455
-460
-460
-460
-419
-397
-401
-387
-376
-309
-263
-245
-162
-84
-30
17
23
33
87
151
208
248
262
257
239
212
220
264
306
313
281
252
229
218
236
262
301
321
310
306
304
330
386
443
477
499
511
495
488
492
539
582
588
572
537
490
423
386
401
412
381
323
221
118
43
-15
-26
-33
-89
-167
-242
-332
-393
-429
-481
-529
-610
-700
-758
-808
-799
-783
-755
-733
-745
-759
-840
-898
-891
-852
-779
-700
-653
-596
-554
-524
-435
-344
-259
-205
-184
-169
-142
-104
-76
-50
-17
13
32
59
67
90
110
137
155
144
131
98
64
10
-46
-94
-137
-141
-147
-137
-120
-144
-144
-159
-166
-124
-66
-11
42
96
117
149
146
162
175
185
242
276
334
367
367
380
400
407
442
441
418
416
391
370
368
374
357
326
307
272
232
232
227
244
296
323
352
376
374
385
391
397
465
563
634
697
768
825
879
895
884
867
861
903
933
912
845
787
717
643
539
439
370
266
163
54
-46
-125
-189
-302
-422
-542
-734
-919
-1093
-1241
-1346
-1412
-1465
-1499
-1508
-1500
-1465
-1429
-1366
-1288
-1182
-1127
-1128
-1112
-1085
-1044
-985
-912
-835
-738
-614
-502
-376
-231
-115
-5
81
125
157
209
244
242
235
201
157
135
111
55
39
49
48
56
24
-21
-50
-90
-144
-199
-259
-292
-314
-347
-358
-347
-331
-280
-185
-87
47
173
240
303
346
384
418
449
503
549
602
657
716
793
876
950
977
977
985
988
999
996
959
934
873
746
619
500
411
401
403
413
453
430
385
349
278
206
154
101
45
27
26
32
80
136
196
270
330
400
448
472
554
642
699
763
786
757
708
623
531
483
448
420
407
370
310
242
132
-39
-194
-343
-524
-684
-837
-980
-1076
-1171
-1289
-1397
-1514
-1618
-1716
-1799
-1827
-1827
-1817
-1810
-1771
-1770
-1782
-1750
-1711
-1640
-1539
-1407
-1241
-1055
-851
-638
-476
-349
-222
-114
-31
41
138
254
378
501
605
698
740
752
762
743
744
724
649
599
559
513
451
359
287
248
192
133
94
86
128
153
181
208
209
219
202
212
232
230
262
291
347
432
493
565
658
743
789
796
789
808
833
841
871
904
902
878
853
807
755
719
683
682
674
639
604
553
528
511
446
363
280
177
116
69
20
30
28
26
12
-2
10
7
12
35
70
93
110
117
99
48
-3
-47
-82
-102
-143
-160
-178
-204
-216
-255
-314
-412
-537
-622
-713
-817
-881
-942
-986
-1055
-1170
-1266
-1363
-1446
-1512
-1548
-1565
-1553
-1531
-1517
-1474
-1449
-1400
-1350
-1302
-1222
-1130
-1028
-897
-746
-610
-468
-324
-186
-76
51
167
253
360
435
532
629
666
682
708
732
741
751
749
728
714
693
669
694
674
624
604
583
576
569
572
554
543
526
516
544
536
557
583
602
611
604
615
594
583
559
533
527
510
493
493
494
470
467
463
429
419
406
384
383
368
348
334
288
247
235
212
201
171
138
145
155
171
167
164
173
178
181
171
159
144
148
147
138
135
132
134
135
144
151
136
151
129
93
57
-23
-77
-167
-286
-383
-484
-588
-663
-749
-849
-917
-995
-1084
-1158
-1232
-1321
-1377
-1437
-1522
-1557
-1603
-1646
-1650
-1639
-1606
-1568
-1488
-1412
-1325
-1213
-1110
-993
-890
-787
-680
-547
-413
-309
-191
-65
38
173
319
427
544
658
747
854
936
988
1052
1100
1122
1113
1092
1046
1005
976
939
893
830
783
758
723
679
656
625
605
561
490
430
372
337
336
341
346
412
469
522
592
594
622
627
607
621
617
600
570
550
525
497
459
415
384
352
310
259
227
184
122
50
-40
-133
-232
-323
-423
-501
-540
-582
-571
-542
-517
-459
-421
-397
-359
-324
-286
-252
-222
-191
-164
-134
-120
-105
-89
-44
31
89
171
234
281
322
336
313
284
227
157
106
34
-7
-50
-102
-159
-237
-328
-433
-525
-629
-726
-810
-911
-1022
-1131
-1258
-1381
-1479
-1559
-1614
-1639
-1622
-1582
-1524
-1431
-1310
-1166
-1038
-907
-780
-672
-559
-451
-315
-172
0
187
369
554
736
906
1056
1190
1292
1366
1402
1413
1383
1326
1273
1211
1149
1101
1047
1000
950
886
842
765
689
630
559
500
434
394
371
346
335
309
283
245
198
146
121
125
127
158
176
191
203
198
212
208
202
181
137
105
53
39
36
51
69
75
91
62
24
-7
-41
-76
-117
-154
-196
-230
-281
-351
-374
-410
-423
-439
-466
-470
-469
-468
-480
-473
-454
-410
-370
-334
-313
-296
-269
-253
-226
-182
-135
-119
-113
-109
-100
-83
-75
-72
-64
-48
-61
-105
-170
-219
-248
-291
-355
-434
-491
-545
-584
-629
-670
-683
-705
-721
-744
-737
-700
-675
-634
-574
-520
-451
-398
-357
-275
-197
-121
-59
-27
39
118
172
216
252
332
420
485
558
631
737
837
893
930
961
985
990
963
931
924
914
900
887
866
826
770
707
638
587
555
514
476
415
362
324
262
213
163
134
98
35
-21
-79
-113
-160
-210
-260
-307
-339
-396
-448
-485
-501
-484
-467
-442
-423
-408
-389
-386
-383
-376
-351
-314
-288
-274
-248
-224
-198
-185
-174
-136
-114
-82
-42
1
47
84
114
165
221
265
305
335
353
349
327
291
261
209
173
158
132
118
90
76
61
31
-1
-38
-74
-133
-201
-267
-339
-412
-481
-539
-590
-633
-667
-679
-690
-686
-675
-670
-652
-652
-638
-628
-620
-597
-582
-530
-479
-431
-360
-283
-196
-115
-33
62
143
208
275
339
396
457
512
553
590
612
646
670
675
693
716
728
735
730
720
720
682
656
631
593
563
505
461
404
331
269
219
172
124
79
39
17
-9
-33
-61
-102
-129
-159
-191
-217
-241
-253
-251
-244
-228
-219
-214
-229
-247
-269
-290
-291
-300
-321
-337
-348
-353
-347
-347
-337
-315
-288
-249
-219
-196
-163
-140
-121
-106
-106
-110
-110
-111
-91
-54
-24
26
77
129
177
210
255
296
344
394
446
504
562
610
634
636
602
545
467
397
328
266
232
203
188
156
127
83
23
-59
-153
-249
-344
-427
-508
-566
-623
-676
-736
-776
-811
-844
-861
-864
-842
-826
-789
-742
-703
-650
-586
-511
-437
-364
-266
-154
-47
56
162
252
322
387
441
495
537
590
646
697
737
776
825
839
848
835
797
739
660
589
521
455
387
331
268
204
140
79
29
-26
-84
-150
-192
-241
-280
-308
-345
-348
-348
-359
-379
-391
-375
-347
-324
-297
-251
-213
-180
-167
-161
-151
-145
-135
-134
-126
-119
-114
-99
-82
-53
-29
-3
15
30
56
76
88
81
78
86
77
43
17
12
50
78
75
110
145
196
249
271
287
274
244
229
222
229
257
270
269
290
321
346
330
272
203
134
51
-34
-97
-139
-174
-231
-273
-296
-329
-360
-405
-437
-451
-454
-458
-466
-469
-482
-480
-486
-491
-474
-473
-479
-480
-462
-387
-299
-236
-175
-127
-54
30
89
153
209
274
336
362
389
387
361
334
315
325
338
330
335
365
404
458
481
491
498
477
439
381
317
255
200
151
132
132
133
129
105
81
63
29
-8
-54
-101
-147
-201
-240
-265
-270
-279
-307
-333
-362
-382
-392
-418
-452
-470
-456
-407
-366
-336
-322
-306
-286
-268
-239
-210
-182
-147
-99
-48
-1
35
76
105
144
187
221
248
276
322
349
354
363
398
436
451
454
464
471
461
448
425
393
352
317
303
300
285
245
202
172
144
99
44
-13
-62
-101
-153
-211
-249
-285
-323
-364
-430
-488
-531
-569
-591
-608
-619
-613
-583
-535
-483
-436
-400
-368
-314
-263
-230
-217
-194
-140
-65
6
60
135
205
256
300
344
380
389
385
380
384
392
383
357
334
303
284
269
243
219
198
196
180
166
152
127
112
85
56
40
19
3
-15
-27
-20
-6
0
5
16
10
6
1
4
8
-9
-39
-91
-149
-187
-215
-254
-282
-293
-278
-261
-263
-276
-280
-270
-266
-255
-257
-257
-238
-207
-164
-135
-112
-112
-115
-104
-75
-32
12
54
80
117
165
212
252
276
287
304
349
410
470
515
550
574
582
573
551
522
485
451
418
388
354
310
261
217
169
120
82
38
-10
-71
-131
-176
-234
-310
-420
-534
-621
-694
-728
-745
-751
-742
-728
-707
-700
-697
-678
-637
-567
-492
-418
-350
-305
-266
-230
-196
-168
-128
-93
-57
-4
43
116
183
215
236
239
252
272
281
287
292
294
291
284
274
264
260
267
268
270
281
267
244
213
165
127
92
63
56
58
74
94
106
123
144
157
162
161
157
128
97
63
20
-20
-60
-96
-123
-134
-138
-123
-85
-43
15
54
78
92
82
71
49
25
9
-4
-8
8
31
60
105
125
136
146
137
149
163
170
190
210
231
253
260
266
273
280
292
300
322
346
357
356
341
306
261
206
140
83
29
-25
-67
-103
-128
-147
-168
-201
-239
-291
-363
-441
-515
-582
-640
-681
-713
-742
-754
-762
-770
-775
-777
-767
-748
-719
-680
-629
-568
-492
-421
-351
-291
-247
-190
-132
-59
19
91
159
208
252
294
311
311
299
288
289
289
305
330
347
366
369
370
374
363
345
319
299
281
256
235
217
181
142
114
81
73
72
68
80
98
118
139
158
164
173
172
143
127
119
103
86
48
18
6
-4
-16
-3
11
25
44
56
76
91
97
90
82
65
49
48
61
77
93
98
100
105
105
105
106
103
99
103
106
111
138
175
188
202
209
224
233
235
234
221
202
160
126
98
70
54
39
21
-7
-37
-65
-93
-125
-161
-195
-228
-274
-315
-358
-407
-466
-524
-571
-616
-661
-697
-723
-736
-725
-697
-640
-587
-556
-509
-453
-404
-353
-311
-276
-256
-254
-232
-190
-140
-89
-35
14
62
122
183
241
291
322
343
363
374
396
422
428
422
410
396
366
337
322
312
305
295
275
257
235
197
155
120
85
43
5
-21
-32
-35
-25
-2
15
10
-9
-15
-13
17
64
95
138
182
192
184
158
138
127
107
77
62
63
79
101
105
106
108
86
52
22
5
2
6
19
44
53
40
33
35
42
48
42
56
94
125
158
190
206
216
209
181
161
147
149
168
180
192
210
203
174
133
84
41
-12
-73
-119
-164
-202
-235
-269
-300
-343
-391
-433
-475
-515
-555
-598
-630
-640
-651
-673
-698
-723
-738
-757
-783
-780
-747
-684
-599
-516
-425
-329
-244
-174
-127
-91
-39
17
65
114
163
218
269
306
341
383
427
472
507
525
532
534
525
514
492
456
410
357
324
301
271
245
225
206
184
151
122
87
37
-9
-19
2
43
85
98
119
141
160
192
210
220
239
250
268
280
274
259
251
238
235
247
255
271
274
267
265
246
223
210
180
155
138
109
88
49
0
-49
-108
-175
-228
-269
-282
-266
-247
-226
-216
-205
-182
-167
-150
-120
-108
-102
-112
-122
-98
-66
-34
-8
4
18
30
37
40
33
5
-44
-96
-154
-203
-257
-323
-373
-400
-395
-397
-426
-465
-512
-543
-579
-624
-665
-713
-766
-808
-820
-805
-771
-721
-662
-598
-516
-418
-308
-190
-68
46
126
190
245
296
339
369
393
410
440
465
483
505
542
603
666
711
748
766
763
753
749
735
676
594
509
423
338
261
214
177
142
103
59
15
-33
-70
-101
-130
-143
-153
-174
-190
-174
-137
-107
-78
-41
11
66
87
90
86
72
48
15
-20
-41
-33
-22
-16
7
35
49
56
73
101
109
97
71
33
4
-32
-78
-127
-162
-180
-202
-221
-233
-237
-229
-219
-198
-161
-125
-94
-59
-14
18
37
59
82
109
146
176
194
214
232
224
204
192
174
142
92
45
5
-30
-62
-88
-98
-111
-138
-172
-191
-207
-227
-260
-308
-356
-404
-450
-496
-535
-555
-572
-582
-573
-549
-519
-475
-413
-337
-260
-179
-99
-26
45
122
198
255
296
317
330
341
351
376
406
428
449
467
479
487
491
491
475
444
418
389
360
334
316
300
266
220
167
103
40
-8
-46
-76
-94
-108
-113
-116
-113
-102
-98
-101
-96
-85
-86
-81
-70
-62
-60
-61
-65
-73
-82
-82
-85
-95
-104
-114
-132
-162
-189
-209
-227
-231
-215
-192
-169
-139
-112
-87
-68
-68
-77
-98
-121
-131
-132
-127
-113
-90
-75
-52
-13
28
70
108
153
199
242
290
341
369
374
371
356
318
270
227
188
148
110
79
54
32
11
-2
-12
-35
-50
-68
-93
-122
-157
-208
-269
-332
-388
-430
-467
-493
-505
-504
-490
-458
-425
-400
-369
-325
-271
-210
-153
-91
-22
42
90
138
188
226
260
288
318
346
380
408
428
448
470
498
500
490
485
482
455
405
358
311
256
207
164
113
68
19
-32
-83
-139
-183
-220
-269
-285
-274
-276
-282
-282
-276
-274
-256
-239
-221
-197
-171
-135
-112
-85
-53
-31
-15
-13
-10
-2
3
7
3
-1
-7
-13
-5
-1
5
21
34
19
-9
-35
-80
-126
-174
-209
-233
-248
-245
-234
-210
-198
-180
-146
-114
-70
-21
29
91
163
228
283
334
367
386
409
414
416
412
408
417
425
441
421
403
386
354
334
294
240
172
103
35
-47
-136
-220
-298
-367
-425
-474
-523
-560
-589
-616
-642
-661
-652
-642
-630
-597
-558
-501
-437
-375
-311
-248
-184
-121
-32
63
141
223
306
377
426
490
540
546
551
560
578
577
577
584
585
588
563
523
486
427
360
291
229
179
130
66
-14
-83
-152
-218
-278
-345
-378
-397
-424
-419
-387
-373
-384
-371
-356
-354
-337
-321
-317
-306
-291
-265
-228
-193
-169
-160
-144
-121
-86
-45
-8
26
62
85
87
98
101
77
71
86
92
82
66
56
33
29
34
35
46
44
57
79
103
138
149
140
125
114
116
129
141
161
200
251
295
334
360
358
326
288
260
242
221
188
156
118
88
55
7
-47
-101
-133
-161
-179
-177
-175
-182
-209
-237
-280
-336
-408
-475
-505
-506
-484
-453
-403
-362
-321
-281
-248
-211
-174
-133
-88
-27
44
119
182
207
218
231
249
267
283
308
332
374
424
451
447
420
387
342
303
269
244
214
172
130
77
29
-14
-60
-115
-155
-175
-175
-166
-160
-167
-188
-216
-241
-253
-264
-275
-277
-265
-252
-244
-244
-249
-245
-225
-201
-177
-150
-113
-79
-59
-37
-21
-27
-50
-66
-87
-108
-115
-104
-93
-84
-70
-58
-44
-18
22
56
94
144
187
203
204
217
225
231
244
253
252
254
266
294
327
365
404
424
425
416
414
407
390
374
357
313
254
196
146
93
36
-7
-46
-81
-120
-159
-190
-225
-262
-310
-367
-425
-473
-514
-543
-553
-551
-549
-542
-537
-519
-482
-447
-408
-357
-305
-243
-185
-121
-45
27
99
166
240
311
374
423
462
497
509
505
504
507
499
483
463
432
398
364
323
280
234
169
109
51
-7
-50
-98
-141
-184
-222
-255
-301
-346
-381
-405
-430
-462
-480
-479
-467
-441
-412
-377
-324
-266
-215
-172
-130
-78
-44
-17
23
59
97
126
152
168
179
180
169
158
147
137
127
104
83
62
42
25
11
-6
-27
-42
-49
-43
-24
-5
13
25
31
41
55
72
92
117
143
173
198
226
264
299
324
347
366
376
380
380
369
362
349
322
297
267
226
173
124
80
33
-23
-92
-163
-231
-303
-370
-419
-452
-486
-514
-536
-555
-580
-598
-606
-607
-587
-562
-529
-474
-413
-346
-279
-210
-142
-88
-39
22
74
117
165
220
282
337
374
415
457
486
508
513
509
507
489
458
426
392
355
316
265
216
169
117
70
21
-19
-54
-91
-124
-159
-188
-215
-239
-266
-287
-299
-306
-311
-312
-314
-313
-292
-261
-238
-218
-187
-158
-134
-113
-90
-59
-32
-9
7
23
34
37
45
59
72
81
85
88
88
84
76
67
53
46
45
42
47
58
65
73
79
85
83
80
81
84
101
126
151
176
191
205
216
223
225
230
245
258
259
251
240
221
202
178
145
106
71
33
-9
-56
-109
-168
-223
-276
-322
-365
-411
-449
-461
-462
-464
-462
-457
-457
-454
-440
-420
-379
-340
-293
-236
-182
-124
-70
-8
64
129
186
228
255
279
301
312
314
310
303
309
318
322
330
340
349
355
343
314
294
274
246
210
178
150
133
117
86
54
14
-38
-95
-139
-174
-192
-203
-215
-217
-215
-218
-226
-229
-224
-219
-212
-194
-170
-146
-115
-91
-86
-93
-108
-122
-124
-116
-109
-99
-96
-88
-73
-61
-62
-61
-57
-56
-57
-55
-42
-20
-2
5
1
-4
-8
-4
6
18
41
76
117
154
193
232
257
278
302
316
327
337
343
352
353
339
312
280
242
211
187
163
137
110
82
54
23
-20
-68
-112
-156
-199
-243
-285
-321
-349
-381
-414
-438
-462
-466
-463
-456
-433
-402
-367
-337
-315
-289
-254
-224
-191
-157
-119
-69
-12
48
108
168
223
273
314
349
376
400
419
426
430
426
409
387
356
325
298
267
235
212
192
177
156
122
87
49
3
-55
-112
-157
-190
-217
-242
-254
-259
-258
-250
-239
-224
-211
-191
-170
-146
-124
-102
-80
-61
-51
-47
-39
-39
-33
-20
-5
16
30
43
47
45
35
24
15
0
-10
-23
-36
-50
-64
-71
-81
-87
-88
-83
-75
-67
-53
-33
-10
10
24
36
52
66
77
89
107
137
172
204
224
243
258
274
283
280
273
256
235
203
165
125
84
43
-1
-46
-91
-128
-157
-183
-203
-218
-236
-258
-285
-317
-347
-366
-379
-375
-357
-337
-316
-290
-266
-241
-215
-193
-164
-125
-84
-41
12
68
126
178
213
232
242
247
252
260
270
290
309
330
340
346
346
340
332
313
294
279
262
244
224
204
190
174
149
116
80
45
10
-15
-36
-59
-82
-105
-131
-156
-178
-193
-192
-185
-175
-158
-145
-131
-126
-129
-139
-146
-151
-159
-164
-163
-156
-136
-114
-98
-90
-86
-91
-100
-116
-130
-140
-151
-157
-160
-160
-152
-138
-118
-90
-67
-50
-39
-29
-22
-20
-22
-30
-35
-28
-12
7
26
39
58
80
94
111
118
122
122
123
126
132
135
130
114
90
69
42
18
0
-12
-23
-38
-57
-79
-91
-104
-117
-122
-127
-125
-120
-119
-118
-106
-93
-77
-64
-53
-35
-13
10
31
51
63
69
80
91
106
124
140
163
190
226
262
287
313
333
342
344
339
328
319
315
307
295
274
252
241
226
207
187
155
117
82
48
14
-20
-53
-80
-103
-123
-137
-145
-156
-163
-169
-177
-192
-212
-225
-239
-262
-282
-294
-305
-309
-311
-309
-301
-293
-282
-271
-251
-224
-195
-164
-143
-120
-105
-100
-92
-81
-73
-72
-71
-75
-74
-62
-50
-35
-25
-17
-4
12
32
47
60
70
76
79
81
77
70
72
79
92
103
106
109
107
101
93
82
68
47
30
21
19
23
27
32
36
40
37
33
26
14
-3
-18
-27
-31
-33
-41
-51
-52
-53
-51
-51
-50
-39
-29
-14
9
37
62
75
82
92
97
94
79
66
58
50
50
59
75
91
105
122
147
170
185
188
183
176
164
155
141
124
106
81
58
39
27
21
17
19
31
45
56
56
52
48
46
44
30
9
-21
-48
-75
-108
-134
-153
-163
-169
-171
-168
-157
-149
-146
-149
-160
-171
-182
-192
-208
-214
-207
-192
-173
-151
-127
-104
-84
-73
-68
-62
-61
-58
-52
-51
-57
-67
-71
-75
-74
-66
-51
-27
9
48
91
131
157
180
191
189
179
166
155
134
110
88
65
43
21
2
-6
-1
11
22
33
37
38
32
15
-8
-35
-65
-94
-110
-112
-106
-102
-100
-99
-92
-83
-76
-66
-55
-37
-11
17
41
58
67
74
83
99
118
133
153
173
196
225
249
264
272
275
276
274
271
272
274
277
283
291
293
282
260
239
221
199
178
150
118
80
38
-2
-47
-95
-140
-177
-197
-206
-203
-197
-194
-199
-213
-236
-265
-299
-336
-357
-361
-354
-336
-316
-303
-290
-278
-267
-258
-246
-233
-221
-206
-190
-166
-137
-113
-92
-75
-63
-54
-51
-47
-41
-32
-22
-15
-7
-13
-23
-33
-42
-50
-53
-49
-43
-37
-27
-17
-8
5
18
32
43
47
49
51
42
27
18
12
6
9
20
39
58
80
108
128
140
151
166
176
181
188
191
192
182
164
150
132
122
107
91
76
60
45
29
15
5
6
7
7
8
12
12
13
14
15
23
40
55
72
92
114
136
152
165
182
194
204
216
229
232
235
238
238
241
235
234
231
219
203
184
156
128
98
67
36
-7
-49
-86
-123
-163
-188
-208
-226
-238
-255
-266
-279
-295
-311
-321
-330
-340
-348
-362
-375
-386
-392
-389
-383
-367
-339
-302
-264
-231
-200
-173
-154
-137
-123
-106
-85
-58
-28
-3
19
36
45
47
50
50
44
43
41
41
47
47
52
60
75
90
100
111
122
128
126
118
107
94
77
62
49
40
36
39
49
64
87
111
127
145
152
155
153
141
129
118
108
93
81
70
58
46
30
25
26
29
41
54
64
72
79
77
73
67
63
66
73
87
104
120
127
130
130
127
123
117
112
104
99
91
82
72
60
52
46
43
45
44
45
49
49
41
31
12
-11
-34
-63
-90
-112
-131
-142
-148
-149
-149
-148
-148
-149
-155
-158
-161
-162
-167
-166
-162
-164
-161
-164
-166
-174
-183
-189
-191
-185
-179
-173
-166
-155
-140
-128
-116
-106
-96
-88
-82
-73
-67
-59
-51
-44
-31
-16
0
8
17
25
25
28
28
30
35
40
45
53
69
82
101
118
135
151
162
173
179
179
172
156
137
111
92
73
51
30
19
17
20
29
40
47
59
70
78
84
82
75
65
50
33
18
2
-12
-26
-32
-35
-35
-31
-22
-9
3
16
34
53
71
87
100
100
104
112
117
127
135
150
167
181
193
194
188
175
157
137
117
101
93
90
91
95
100
94
83
64
38
10
-18
-47
-77
-104
-131
-155
-176
-196
-213
-227
-239
-250
-256
-259
-263
-268
-269
-271
-276
-278
-274
-262
-243
-220
-190
-165
-141
-119
-103
-92
-88
-83
-81
-75
-64
-52
-36
-21
-11
1
10
18
28
40
58
75
92
103
109
113
110
101
86
70
59
48
38
34
33
31
35
42
49
55
56
56
55
53
48
38
24
8
-7
-17
-23
-21
-6
15
30
47
65
76
82
82
78
75
72
68
62
56
50
42
35
29
25
20
17
8
6
15
21
33
42
48
55
57
59
52
47
42
41
44
42
39
30
19
12
9
13
18
27
37
51
63
72
76
73
68
65
65
71
73
73
72
68
64
58
40
18
-8
-35
-54
-78
-100
-121
-142
-159
-175
-188
-194
-202
-205
-207
-209
-204
-201
-202
-208
-209
-209
-206
-204
-206
-204
-196
-179
-161
-142
-119
-93
-64
-34
1
39
74
104
124
140
149
157
164
162
159
155
149
145
140
132
131
126
130
133
136
140
141
139
138
136
132
120
106
93
76
53
27
1
-25
-47
-65
-80
-85
-83
-77
-65
-58
-49
-37
-30
-27
-27
-29
-26
-23
-19
-12
-8
-10
-8
-3
-1
1
-3
-4
-2
-1
-1
1
4
6
10
8
3
-1
-2
2
7
13
24
36
45
52
57
57
61
62
61
67
69
73
84
88
91
94
93
94
96
90
82
74
63
54
42
20
-4
-29
-53
-70
-89
-102
-112
-117
-120
-126
-132
-139
-149
-157
-168
-178
-179
-178
-172
-160
-147
-132
-113
-100
-87
-68
-60
-60
-54
-51
-49
-40
-38
-38
-31
-25
-18
-1
20
41
62
75
85
101
113
120
123
119
117
117
116
116
116
118
116
112
112
112
106
101
90
74
66
55
42
33
26
15
1
-20
-39
-53
-67
-79
-86
-89
-93
-88
-82
-80
-71
-64
-61
-56
-56
-62
-63
-65
-68
-64
-67
-69
-64
-67
-60
-52
-52
-46
-38
-29
-14
-5
6
15
24
35
47
56
65
75
81
90
101
114
124
129
133
137
138
138
139
138
132
124
115
102
94
83
65
56
52
47
41
26
11
-3
-18
-34
-52
-70
-88
-106
-124
-142
-149
-150
-151
-145
-136
-129
-117
-110
-106
-105
-106
-105
-105
-105
-103
-100
-96
-90
-82
-73
-66
-57
-47
-30
-4
20
37
49
58
69
78
82
87
90
95
99
99
97
98
103
107
109
111
110
111
111
108
105
99
91
85
76
65
59
45
38
37
34
27
17
4
-13
-29
-54
-78
-93
-108
-122
-134
-137
-129
-125
-125
-122
-121
-113
-102
-96
-88
-84
-82
-80
-81
-78
-73
-67
-60
-46
-23
0
19
27
32
40
43
45
44
42
43
43
43
49
59
70
76
83
102
121
135
140
145
150
152
149
140
128
119
109
102
97
92
88
80
73
62
47
29
6
-17
-37
-56
-81
-97
-111
-128
-146
-160
-168
-170
-172
-175
-174
-174
-172
-163
-158
-148
-130
-117
-101
-80
-62
-44
-22
-8
5
17
20
21
20
13
8
4
3
2
0
-1
6
18
33
47
56
62
66
67
71
78
79
84
91
90
94
99
97
96
94
88
81
74
69
61
49
33
16
2
-15
-27
-33
-40
-45
-53
-64
-74
-78
-77
-78
-78
-76
-78
-74
-70
-64
-52
-41
-31
-20
-8
2
11
21
27
33
37
36
34
31
29
24
22
23
24
31
41
46
55
63
65
72
78
85
90
94
95
92
92
90
86
79
74
70
62
54
51
47
44
42
36
30
22
16
4
-10
-24
-37
-47
-59
-70
-79
-87
-89
-92
-98
-99
-100
-100
-101
-110
-117
-126
-139
-151
-159
-162
-159
-146
-135
-123
-109
-94
-77
-63
-49
-36
-29
-25
-26
-28
-22
-14
-2
6
18
30
41
50
51
50
44
35
26
18
13
9
5
0
-4
-4
-3
9
19
31
47
56
67
76
75
75
68
63
53
41
27
14
6
1
5
8
16
25
24
22
20
18
24
25
24
28
28
28
32
34
39
48
58
69
83
96
107
113
116
112
107
102
101
102
101
102
99
95
94
89
84
76
66
56
42
28
15
7
1
-3
-7
-18
-33
-51
-70
-88
-103
-112
-116
-115
-108
-99
-91
-80
-71
-67
-67
-73
-80
-92
-108
-123
-135
-147
-155
-162
-167
-166
-163
-154
-141
-129
-112
-99
-86
-76
-67
-58
-53
-46
-32
-24
-13
0
8
19
21
24
31
37
42
47
52
57
60
62
66
69
69
63
56
50
44
43
46
51
60
72
82
90
92
91
85
76
62
48
32
15
4
-6
-10
-7
0
13
25
35
42
43
40
34
21
9
-8
-25
-38
-51
-57
-58
-50
-40
-30
-21
-8
7
18
27
32
35
33
30
26
22
21
18
18
22
28
39
51
66
83
98
112
118
120
117
112
101
84
67
47
33
22
16
14
15
21
30
37
42
42
44
43
30
16
1
-21
-44
-66
-83
-97
-115
-129
-136
-141
-144
-145
-142
-136
-132
-128
-128
-126
-123
-123
-128
-128
-122
-116
-106
-97
-88
-79
-70
-64
-60
-54
-53
-53
-52
-52
-50
-49
-42
-29
-16
0
18
31
51
70
89
107
118
126
127
119
109
99
81
68
57
48
43
38
35
34
36
38
42
47
51
59
67
74
77
75
68
61
51
44
33
22
13
4
-3
-8
-13
-14
-13
-17
-24
-26
-27
-25
-23
-19
-11
-5
3
8
17
28
39
52
58
62
66
65
64
66
58
49
38
29
26
21
14
8
7
9
11
9
5
1
-6
-14
-20
-25
-24
-24
-24
-22
-22
-27
-38
-49
-58
-61
-65
-65
-65
-63
-60
-58
-52
-49
-45
-44
-40
-34
-26
-20
-20
-24
-29
-40
-52
-60
-62
-60
-55
-51
-48
-46
-46
-43
-40
-40
-37
-34
-32
-26
-20
-17
-18
-22
-27
-33
-31
-24
-10
6
15
26
34
40
42
45
46
48
49
49
47
47
46
43
42
41
41
46
50
57
63
65
63
51
40
31
24
14
8
6
4
4
6
7
4
0
-4
-5
-8
-9
-9
-8
-2
7
19
25
27
24
19
15
10
3
2
3
11
22
39
57
70
75
76
74
63
52
42
29
19
11
5
-1
-7
-8
-6
-6
-8
-11
-14
-20
-25
-33
-40
-48
-59
-65
-69
-74
-78
-84
-86
-86
-79
-72
-63
-49
-34
-18
-8
-2
2
-4
-12
-23
-32
-42
-50
-52
-50
-43
-34
-21
-8
3
13
22
26
28
25
19
14
7
2
-7
-14
-16
-18
-17
-18
-17
-18
-20
-16
-13
-12
-11
-10
-8
-6
-1
9
17
28
38
48
58
65
73
73
73
70
60
51
39
32
25
21
20
16
13
9
5
4
6
9
12
14
13
7
1
-5
-11
-14
-17
-17
-20
-19
-18
-15
-12
-13
-17
-22
-29
-34
-37
-33
-29
-20
-15
-13
-5
1
12
23
36
48
59
70
77
79
78
75
69
63
57
50
45
41
38
32
31
25
19
17
10
6
1
-5
-13
-21
-28
-37
-41
-46
-49
-51
-55
-59
-61
-61
-62
-62
-64
-65
-69
-76
-82
-90
-93
-95
-93
-87
-79
-69
-55
-41
-30
-20
-12
-7
-3
-6
-11
-16
-24
-30
-33
-33
-31
-29
-27
-22
-13
-7
-2
5
12
20
26
28
29
28
27
26
25
29
33
39
45
53
59
65
72
76
81
85
88
89
88
87
84
79
69
61
55
47
40
33
25
17
12
9
11
10
9
6
5
6
8
7
5
1
-5
-14
-25
-38
-46
-48
-47
-38
-23
-7
7
22
36
46
57
60
59
54
49
40
31
24
15
6
-3
-8
-12
-15
-13
-10
-8
-6
-6
-7
-8
-14
-25
-41
-54
-64
-71
-72
-69
-63
-56
-51
-46
-42
-40
-41
-38
-32
-27
-21
-13
-8
-4
-3
-4
-6
-9
-10
-9
-6
-7
-9
-12
-15
-17
-16
-20
-28
-36
-42
-43
-41
-37
-31
-29
-25
-26
-30
-36
-41
-41
-34
-22
-11
-1
-1
-5
-7
-7
-1
6
16
25
28
30
31
34
38
49
68
95
119
126
108
74
41
20
4
-5
0
12
27
32
19
-5
-20
-14
3
16
21
24
19
6
-14
-38
-55
-59
-51
-45
-36
-26
-15
-7
-2
-2
-2
1
8
21
34
45
56
61
58
46
29
17
11
15
17
15
16
17
12
0
-12
-20
-16
-5
5
11
12
10
1
-9
-23
-37
-47
-52
-58
-61
-61
-61
-58
-52
-40
-30
-18
-10
-2
4
8
16
20
20
19
16
18
21
29
38
43
49
56
55
44
33
26
20
18
13
10
7
4
-5
-19
-36
-48
-53
-51
-47
-41
-38
-35
-35
-38
-40
-41
-38
-34
-24
-15
-9
-4
2
14
26
39
50
58
63
60
50
40
36
29
23
17
15
15
12
9
8
10
10
8
3
-1
-5
-10
-18
-27
-33
-37
-36
-36
-33
-29
-26
-23
-22
-19
-14
-13
-9
-9
-8
-7
-6
-7
-4
3
7
9
16
26
36
43
48
49
50
50
48
47
46
45
44
43
44
46
46
48
47
49
49
47
41
31
23
20
15
6
-4
-12
-15
-18
-17
-20
-21
-21
-24
-23
-20
-23
-31
-43
-51
-58
-65
-73
-82
-89
-92
-92
-90
-89
-88
-87
-87
-87
-84
-82
-80
-79
-76
-70
-64
-61
-60
-61
-58
-54
-47
-36
-24
-13
-10
-6
-3
1
1
-1
4
8
15
21
20
20
18
17
19
21
28
34
41
49
58
62
65
66
62
62
59
55
55
51
52
50
49
51
44
39
32
32
31
25
26
26
25
22
16
11
7
5
5
12
20
27
36
40
45
52
51
54
57
60
63
58
55
49
47
42
34
30
26
22
21
21
18
12
8
0
-5
-8
-13
-17
-21
-20
-18
-17
-19
-26
-30
-31
-30
-25
-18
-12
-6
-1
1
-1
-4
-7
-12
-12
-9
-9
-10
-8
-12
-16
-20
-26
-28
-26
-27
-26
-23
-26
-31
-36
-42
-46
-45
-45
-45
-41
-41
-44
-45
-51
-56
-56
-54
-47
-35
-24
-17
-11
-7
-8
-11
-10
-11
-8
1
9
18
28
33
36
37
38
40
40
37
35
32
31
25
21
22
18
16
14
7
3
-4
-9
-14
-20
-23
-26
-27
-27
-29
-29
-29
-26
-27
-26
-22
-16
-5
3
10
18
21
22
25
24
23
25
29
30
32
34
31
33
33
30
31
30
26
24
18
13
9
7
7
5
3
0
-3
-7
-12
-15
-21
-25
-25
-26
-27
-26
-23
-22
-21
-22
-26
-25
-27
-26
-20
-16
-12
-10
-11
-10
-6
-3
2
8
14
22
29
32
34
36
34
31
27
26
26
25
24
21
16
8
3
-4
-10
-15
-16
-14
-10
-7
-9
-13
-20
-25
-25
-22
-23
-21
-21
-22
-25
-28
-26
-27
-28
-25
-22
-13
-5
3
10
11
16
23
29
40
48
51
50
43
33
24
12
-1
-11
-20
-24
-24
-23
-21
-20
-17
-16
-17
-11
-7
-4
-1
-1
-1
-5
-4
-4
-8
-7
-7
-6
2
4
7
17
18
24
30
30
29
30
29
31
31
33
35
32
27
21
16
13
9
8
8
3
-3
-6
-8
-10
-13
-14
-20
-26
-24
-21
-13
-1
8
12
12
8
4
1
-6
-13
-23
-30
-35
-38
-35
-31
-28
-25
-25
-23
-20
-16
-11
-8
-9
-17
-23
-29
-34
-33
-32
-30
-27
-23
-22
-19
-18
-15
-6
3
17
24
29
31
30
31
36
40
42
40
34
27
27
27
30
34
33
29
27
25
25
24
23
21
15
8
1
-4
-5
-5
-10
-13
-18
-21
-23
-21
-22
-22
-24
-28
-29
-30
-32
-33
-37
-44
-47
-47
-46
-43
-37
-31
-22
-14
-6
2
7
14
18
23
28
35
42
44
45
45
44
45
48
51
57
64
69
76
84
86
85
79
71
64
58
55
51
45
37
25
10
-5
-18
-28
-33
-33
-35
-35
-36
-36
-33
-32
-34
-37
-41
-43
-45
-44
-44
-45
-51
-55
-58
-60
-62
-59
-55
-54
-53
-51
-47
-44
-41
-36
-39
-40
-41
-44
-46
-47
-50
-55
-61
-70
-76
-79
-79
-74
-68
-55
-46
-36
-28
-23
-17
-12
-4
0
6
14
22
30
36
43
49
54
60
63
70
77
84
91
98
104
105
106
104
98
88
79
68
56
44
34
24
18
13
6
2
-5
-12
-17
-22
-25
-29
-30
-30
-31
-34
-35
-35
-37
-35
-32
-26
-17
-7
3
9
17
17
19
24
27
34
40
44
47
46
42
36
30
23
16
11
8
3
0
-6
-9
-12
-19
-21
-19
-13
-4
6
15
17
17
15
7
-2
-13
-21
-26
-30
-32
-32
-30
-28
-26
-21
-14
-7
3
14
25
36
44
50
52
51
43
30
14
0
-12
-20
-28
-32
-37
-42
-43
-46
-46
-48
-51
-50
-51
-48
-43
-36
-30
-27
-26
-26
-23
-19
-14
-10
-3
-1
-4
-2
-3
2
8
15
21
24
29
33
36
37
37
37
37
42
48
53
58
64
62
56
48
34
21
11
1
-7
-14
-19
-21
-22
-25
-24
-26
-26
-24
-21
-18
-16
-19
-23
-25
-30
-34
-37
-44
-43
-38
-30
-21
-14
-9
-4
-1
-1
0
4
10
14
20
25
28
32
32
30
27
24
22
20
21
20
19
18
16
14
11
10
8
2
-1
-5
-10
-12
-17
-25
-28
-30
-29
-26
-22
-18
-13
-12
-10
-12
-17
-21
-23
-21
-15
-4
9
24
36
42
44
43
39
33
24
16
8
2
-2
-7
-10
-14
-16
-18
-17
-18
-17
-14
-13
-11
-7
-1
2
2
-4
-11
-18
-26
-29
-30
-29
-27
-23
-17
-9
-3
6
13
21
28
36
41
45
47
44
42
42
39
35
29
21
14
6
-3
-10
-13
-14
-17
-17
-17
-18
-18
-19
-22
-26
-29
-28
-28
-28
-26
-26
-22
-16
-14
-10
-8
-8
-8
-4
1
7
16
25
33
41
46
49
51
50
49
46
41
37
31
23
15
6
0
-6
-8
-9
-9
-9
-7
-9
-8
-6
-7
-11
-15
-23
-32
-39
-45
-48
-48
-45
-43
-38
-32
-29
-23
-19
-16
-11
-8
-4
0
6
12
15
21
22
24
27
25
26
26
23
19
14
6
-3
-14
-28
-39
-47
-56
-60
-61
-60
-55
-48
-40
-28
-20
-11
-2
3
7
13
12
13
14
16
20
26
31
37
43
47
49
52
56
61
63
61
57
52
44
35
24
13
4
-7
-14
-20
-28
-33
-39
-43
-41
-40
-35
-25
-19
-13
-6
-4
-2
-1
-2
0
3
3
6
7
5
6
7
6
6
7
8
12
15
19
22
22
25
25
22
22
18
19
20
16
10
8
4
1
-2
-7
-12
-19
-27
-32
-32
-33
-34
-32
-30
-26
-23
-18
-12
-4
5
12
17
17
15
9
5
1
-6
-8
-8
-8
-5
-3
0
1
3
7
8
8
11
13
17
23
25
26
23
21
16
7
-3
-12
-23
-33
-40
-47
-53
-56
-56
-54
-50
-45
-41
-31
-24
-13
-4
1
7
12
18
26
34
39
42
42
38
33
24
19
17
17
16
20
23
25
26
25
23
19
13
10
7
4
1
0
-5
-8
-15
-22
-29
-35
-39
-41
-40
-40
-35
-29
-25
-18
-9
-4
5
11
16
23
26
32
33
35
36
36
35
33
31
30
25
16
12
6
2
0
-1
0
1
2
3
3
0
-2
-5
-11
-16
-21
-24
-26
-32
-31
-32
-33
-30
-31
-32
-29
-30
-28
-28
-22
-15
-8
0
6
11
13
15
17
18
21
22
25
27
27
30
30
30
27
25
21
17
14
12
8
3
-2
-8
-13
-18
-23
-25
-26
-24
-26
-24
-23
-23
-19
-17
-14
-9
-3
5
12
18
22
21
21
17
17
13
12
11
10
8
4
1
1
-1
-4
-4
-4
-3
-1
1
3
2
2
1
0
-4
-6
-9
-14
-17
-21
-23
-23
-22
-17
-14
-6
1
7
14
17
21
24
25
25
23
19
18
15
12
10
6
1
-3
-8
-9
-12
-16
-16
-17
-12
-5
3
10
18
23
26
28
25
20
13
5
0
-6
-8
-10
-10
-9
-8
-8
-8
-8
-7
-4
2
7
13
16
21
24
24
22
17
11
-1
-12
-22
-33
-39
-43
-44
-48
-50
-49
-46
-41
-37
-37
-34
-30
-24
-19
-15
-14
-15
-14
-14
-16
-22
-25
-25
-24
-23
-25
-25
-25
-24
-19
-16
-7
-2
5
12
16
20
21
22
21
21
19
21
24
23
24
23
20
21
19
18
20
22
25
30
35
38
37
32
29
22
15
10
7
4
1
0
1
6
11
14
15
17
20
25
31
36
38
38
38
34
34
32
33
34
32
34
33
35
36
35
33
30
26
20
15
11
8
5
1
-4
-11
-15
-23
-30
-36
-40
-45
-48
-48
-51
-49
-49
-46
-45
-43
-38
-35
-30
-26
-19
-13
-11
-7
-5
-3
-1
2
5
6
11
13
11
9
7
-3
-7
-11
-17
-19
-21
-21
-18
-20
-22
-26
-29
-32
-35
-37
-36
-33
-33
-27
-23
-19
-18
-19
-18
-19
-13
-7
2
11
18
22
26
25
28
30
32
34
33
33
33
30
27
24
20
17
16
13
10
9
6
6
10
13
17
16
16
12
10
9
10
11
12
11
10
13
10
9
6
0
-3
-7
-7
-9
-9
-7
-5
-3
-1
1
1
-2
-7
-11
-16
-18
-18
-17
-11
-7
-3
0
2
4
5
6
11
14
19
23
27
28
24
18
10
1
-7
-13
-19
-21
-22
-24
-25
-26
-26
-27
-27
-26
-28
-25
-18
-13
-6
0
1
4
8
10
15
15
15
15
12
11
12
15
15
16
15
12
11
6
2
-3
-11
-15
-20
-19
-20
-19
-17
-15
-13
-13
-16
-17
-14
-14
-13
-9
-3
2
9
14
14
15
15
13
10
9
8
10
12
13
12
10
9
9
6
3
-4
-6
-5
-2
3
4
3
2
-1
0
0
-3
-4
-7
-8
-8
-9
-7
-5
-2
-1
-3
-2
-2
-1
-1
-1
0
-1
0
2
5
9
12
11
13
13
11
11
11
12
15
19
23
23
23
18
11
5
-3
-11
-16
-18
-16
-15
-10
-8
-10
-12
-18
-20
-23
-23
-23
-22
-21
-19
-19
-21
-20
-20
-19
-15
-13
-9
-5
2
9
14
17
21
20
19
18
13
9
9
7
7
5
4
4
4
2
-3
-7
-11
-14
-14
-14
-16
-19
-21
-25
-27
-27
-26
-21
-15
-8
0
8
15
19
24
29
31
34
35
38
39
42
41
39
34
27
24
21
17
15
12
6
4
-1
-3
-6
-11
-15
-21
-24
-25
-24
-20
-19
-18
-15
-15
-15
-13
-13
-11
-8
-7
-3
-1
-1
-1
-3
-2
-2
2
4
6
13
15
20
21
19
14
11
9
7
8
7
8
11
13
17
21
26
27
27
27
27
25
24
20
16
11
3
-2
-10
-16
-21
-27
-30
-31
-30
-31
-31
-31
-31
-31
-33
-36
-39
-41
-42
-44
-44
-47
-45
-42
-38
-30
-24
-19
-12
-6
0
5
8
10
14
16
20
21
24
26
24
23
22
19
20
20
20
20
19
21
20
17
15
10
6
1
-4
-8
-11
-12
-11
-11
-11
-10
-8
-7
-7
-5
-3
3
5
9
9
12
16
16
19
21
23
29
34
34
34
33
32
28
24
18
13
8
7
5
2
3
1
-1
-5
-11
-18
-21
-22
-22
-26
-28
-31
-34
-31
-30
-31
-29
-27
-25
-21
-16
-12
-4
3
10
15
19
22
24
26
29
29
32
35
33
30
22
20
16
15
13
8
5
-2
-8
-12
-18
-21
-24
-27
-32
-34
-38
-40
-41
-43
-40
-39
-38
-32
-29
-22
-14
-8
-1
5
10
19
23
27
28
29
29
29
36
36
35
32
26
19
14
9
3
1
0
0
0
-5
-7
-11
-15
-16
-21
-22
-24
-25
-19
-15
-11
-4
-4
-2
-1
-2
-5
-7
-8
-6
-1
3
10
14
19
19
15
11
6
4
4
5
4
1
1
0
1
2
0
-1
-2
-4
-6
-6
-5
-3
0
4
4
3
4
3
2
2
1
-1
-3
-3
-3
-3
2
3
5
5
6
8
8
7
6
6
6
6
9
11
15
19
19
17
13
8
2
-1
-3
-5
-6
-6
-7
-8
-13
-15
-20
-24
-26
-27
-25
-21
-16
-10
-8
-8
-10
-12
-14
-16
-14
-11
-9
-5
-1
1
3
-1
-3
-7
-11
-10
-9
-4
-2
1
5
5
3
-1
-3
-5
-4
-1
-1
4
10
13
15
14
11
9
7
6
7
10
11
12
11
9
9
7
8
7
6
7
7
6
5
6
7
5
6
5
3
4
7
8
10
11
12
13
13
13
12
13
13
13
13
10
9
7
5
1
0
-2
-4
-7
-9
-11
-10
-10
-11
-9
-7
-7
-7
-7
-10
-9
-8
-11
-9
-8
-7
-4
-4
-6
-6
-8
-8
-9
-7
-6
-2
1
4
9
10
13
14
16
14
13
10
10
8
4
2
-1
-4
-7
-9
-10
-13
-15
-15
-15
-17
-17
