SAMPLES:	23091
BITSPERSAMPLE:	16
CHANNELS:	1
SAMPLERATE:	16000
NORMALIZED:	FALSE
-2
-3
-3
-1
0
1
3
4
5
7
8
9
8
7
6
5
4
3
2
1
2
2
2
3
5
6
8
10
12
12
13
14
12
10
10
7
6
6
5
4
5
5
5
5
5
5
4
4
5
4
4
3
1
1
1
-1
-1
-3
-2
-2
-1
-1
-1
0
0
0
0
-1
-2
-2
-3
-5
-5
-7
-8
-9
-10
-10
-10
-9
-6
-5
-3
-2
-2
-2
-3
-2
-4
-3
-4
-4
-4
-4
-5
-5
-5
-4
-3
-4
-2
-1
1
3
4
5
4
4
3
2
2
1
0
0
0
1
1
0
1
3
2
2
2
2
2
1
1
0
0
-2
-2
-2
-3
-3
-3
-3
-3
-2
-2
0
-1
0
1
2
3
2
3
3
2
2
2
3
1
2
2
2
2
1
0
-1
-2
-2
-2
-2
-2
-2
-1
0
0
0
0
0
1
3
3
4
5
6
7
7
7
6
5
4
3
2
1
0
-2
-3
-5
-5
-5
-3
-3
-3
-3
-2
0
1
2
2
2
1
0
0
0
-1
-1
0
0
0
0
1
1
1
2
1
1
-1
-2
-2
-4
-5
-5
-8
-8
-9
-9
-9
-8
-8
-8
-8
-7
-6
-3
-3
-3
-3
-3
-2
-2
-2
-1
0
-1
-1
-2
-3
-4
-3
-3
-5
-6
-8
-7
-7
-6
-6
-4
-3
-2
-2
-1
0
2
4
7
8
8
8
6
6
7
7
8
6
6
5
5
6
7
9
9
10
8
8
8
7
7
7
8
6
5
4
1
2
1
2
2
3
4
4
4
5
6
6
5
6
3
3
1
-1
-2
-3
-2
-3
-3
-2
-2
0
1
1
2
4
5
5
5
3
3
2
0
-1
-2
-4
-6
-8
-8
-6
-6
-4
-3
-3
-3
-3
-2
-3
-4
-4
-6
-6
-8
-8
-10
-9
-10
-10
-11
-12
-11
-11
-8
-8
-7
-6
-7
-7
-6
-5
-6
-7
-6
-7
-6
-6
-7
-7
-5
-2
-1
1
3
4
5
5
5
6
7
8
7
9
7
7
7
7
8
8
9
9
9
8
9
8
7
7
7
7
6
5
4
3
1
2
3
3
4
5
7
7
8
8
7
6
6
7
6
4
1
0
0
0
1
0
1
2
2
3
4
4
5
4
3
3
1
-1
0
-2
-3
-4
-4
-4
-4
-4
-4
-3
-3
-2
-2
-4
-4
-5
-6
-7
-8
-7
-9
-10
-11
-13
-13
-13
-14
-12
-9
-7
-4
-3
-2
-2
-2
-2
-1
-2
-2
-3
-5
-5
-6
-7
-8
-8
-8
-8
-8
-8
-7
-6
-4
-2
0
1
4
4
4
5
5
5
5
5
4
3
4
4
4
4
5
4
4
4
4
3
4
4
5
6
8
10
11
11
10
9
8
6
5
5
6
5
5
6
6
7
6
5
5
3
2
0
-2
1
0
1
2
3
2
1
1
2
3
3
3
4
3
2
1
1
2
1
-1
-3
-6
-8
-9
-10
-9
-9
-11
-11
-9
-10
-8
-7
-6
-5
-7
-8
-8
-8
-10
-11
-13
-13
-14
-13
-14
-14
-13
-12
-11
-9
-8
-6
-5
-2
-2
2
2
0
1
1
0
-1
1
3
5
7
8
9
11
11
12
12
15
14
16
14
12
11
10
10
10
9
9
8
8
8
9
8
8
10
9
8
8
4
3
3
2
1
-1
-3
-4
-5
-7
-8
-6
-5
-4
-4
-3
-1
0
0
-2
-2
-2
-3
-4
-6
-6
-7
-7
-5
-4
-2
0
0
2
3
2
2
1
0
-1
-1
-3
-3
-3
-4
-3
-3
-2
-1
0
2
3
4
4
4
4
2
2
0
-2
-4
-7
-8
-9
-8
-7
-8
-6
-6
-6
-3
-2
-1
2
1
1
1
-1
-2
-2
-2
-1
0
0
1
1
1
2
2
3
5
7
7
7
6
7
7
5
4
2
0
0
0
-1
2
3
4
6
7
8
8
6
5
4
1
1
-2
-3
-4
-6
-6
-6
-5
-4
-3
-2
0
2
2
4
3
3
4
2
-1
-2
-3
-4
-5
-6
-5
-3
-3
-3
-1
0
0
2
3
4
3
4
5
2
1
2
1
0
-2
-2
-2
-2
-2
-2
-1
-1
1
2
2
4
3
2
1
-1
-3
-4
-6
-7
-6
-5
-5
-5
-4
-3
0
0
1
1
2
1
0
-1
-2
-2
-3
-4
-4
-4
-2
-1
0
2
3
4
5
6
5
6
5
5
2
1
0
1
0
0
0
-1
-2
-1
-1
0
1
1
1
1
0
-1
-1
-1
-3
-3
-5
-6
-5
-4
-4
-2
1
2
3
4
4
3
4
4
3
2
0
-1
-1
0
1
1
1
2
3
3
3
3
3
3
2
2
2
0
0
-1
-3
-3
-3
-4
-4
-2
0
0
-1
0
1
-1
0
0
0
0
-1
0
0
0
0
0
1
1
1
1
1
2
2
3
3
2
1
1
-1
-1
-3
-2
-2
-2
0
-1
-1
-1
0
0
0
-1
-1
-3
-4
-4
-6
-7
-8
-8
-8
-8
-6
-4
-2
-2
-2
0
0
0
0
-1
-3
-3
-3
-5
-6
-6
-5
-4
-3
-2
0
2
3
6
6
7
7
6
5
3
3
1
0
-2
-3
-4
-4
-4
-4
-1
1
3
5
7
9
10
10
9
8
6
4
3
2
1
0
1
1
1
4
7
9
11
14
15
17
18
16
14
12
7
4
1
-1
-4
-5
-7
-7
-5
-3
-1
3
6
7
9
9
6
4
1
-1
-4
-9
-12
-15
-18
-18
-17
-14
-11
-6
-2
2
6
6
7
6
3
0
-6
-9
-12
-17
-20
-23
-25
-24
-22
-16
-10
-5
1
7
11
13
12
13
9
4
-2
-9
-15
-19
-24
-27
-26
-24
-20
-13
-5
3
9
13
14
13
11
7
2
-4
-10
-15
-18
-20
-20
-15
-13
-8
-3
1
7
13
15
16
18
17
17
15
17
15
15
13
10
9
10
10
12
14
15
16
17
17
17
17
14
11
8
4
3
0
-1
2
1
4
6
8
12
15
17
18
19
19
18
14
10
6
3
0
-3
-3
-2
0
2
4
7
7
8
10
10
9
8
6
2
-1
-5
-7
-11
-13
-15
-15
-17
-16
-14
-12
-10
-8
-8
-5
-6
-6
-6
-7
-9
-10
-12
-13
-13
-12
-13
-12
-11
-11
-10
-9
-8
-8
-8
-10
-13
-15
-17
-19
-21
-22
-20
-20
-18
-18
-16
-13
-11
-9
-7
-5
-3
-1
0
0
-1
-2
-2
-3
-3
-1
2
3
5
7
9
10
11
13
14
15
16
14
14
12
11
9
8
8
7
7
8
7
8
8
7
8
6
5
5
4
4
2
2
2
1
0
0
-2
0
-1
0
1
2
3
4
5
5
5
5
3
4
1
0
0
-2
-2
-2
-1
-1
0
-1
1
3
3
4
4
6
5
4
2
1
0
-1
-1
0
-2
-1
0
-1
-1
-1
0
0
1
0
-1
1
-1
-3
-4
-4
-7
-6
-6
-7
-8
-6
-6
-4
-4
-3
0
1
0
3
3
2
2
3
0
-2
-3
-4
-4
-4
-5
-3
0
0
2
3
3
4
6
6
4
4
3
1
-1
-2
-4
-4
-5
-5
-5
-4
-3
-4
-2
-3
-3
-4
-5
-3
-4
-4
-5
-6
-4
-5
-3
-2
-2
-1
1
3
4
3
6
6
6
6
5
4
2
1
-2
-2
-3
-2
1
4
7
11
15
15
20
21
19
18
15
15
12
10
8
5
2
1
0
-1
-1
0
0
2
5
6
6
7
6
7
7
3
0
0
-1
-3
-4
-4
-3
-4
-2
0
2
2
2
3
3
2
1
0
-2
-3
-6
-9
-11
-14
-16
-19
-21
-21
-20
-19
-18
-18
-19
-15
-14
-13
-9
-9
-7
-5
-6
-6
-7
-6
-8
-8
-7
-7
-8
-8
-9
-8
-8
-8
-6
-6
-5
-5
-3
-2
1
3
5
6
5
5
1
0
-1
-4
-3
-5
-4
-2
-2
-2
0
2
3
4
7
8
10
11
12
13
14
14
13
12
11
11
9
8
9
9
9
10
12
12
13
15
14
15
15
13
13
11
9
8
6
4
2
0
0
0
1
2
4
4
6
7
8
9
8
8
7
6
5
2
1
-1
-5
-6
-6
-7
-8
-7
-7
-7
-7
-7
-5
-5
-4
-3
-3
-3
-5
-7
-8
-10
-9
-10
-9
-9
-9
-8
-10
-9
-9
-9
-10
-10
-9
-9
-10
-10
-11
-8
-8
-7
-5
-3
-2
-2
-2
-1
2
1
0
0
1
-1
-3
-4
-4
-4
-5
-7
-8
-9
-8
-8
-7
-5
-3
-1
1
4
5
6
6
5
4
3
3
4
2
3
4
4
4
4
5
6
7
6
4
4
3
2
2
2
3
4
6
9
11
14
15
16
17
16
16
16
14
13
11
10
9
6
5
4
5
5
5
5
6
7
8
8
9
10
11
12
13
13
11
11
9
6
5
3
0
-1
-3
-2
-2
-2
-2
-3
-2
-3
-4
-6
-6
-8
-8
-7
-6
-6
-7
-6
-5
-6
-5
-5
-8
-9
-9
-9
-10
-13
-15
-16
-15
-15
-14
-14
-13
-12
-12
-11
-11
-12
-10
-10
-9
-8
-6
-6
-7
-8
-9
-7
-7
-7
-6
-6
-6
-5
-5
-7
-8
-8
-8
-9
-9
-8
-5
-2
-2
2
2
4
4
5
7
8
9
9
8
7
5
3
2
2
1
3
6
6
8
8
10
9
7
8
7
6
6
6
6
7
7
9
9
9
9
12
9
9
5
4
3
2
4
5
8
6
8
8
8
6
7
6
5
2
2
4
1
0
1
1
0
-2
-1
-3
-4
-3
-4
-4
-7
-8
-9
-10
-9
-10
-8
-6
-5
-3
-1
-3
-4
-5
-6
-8
-8
-6
-4
-2
0
-2
-1
-4
-4
-2
-2
-1
-1
1
-3
-3
-2
-3
-1
0
1
2
2
3
2
1
1
1
0
2
1
0
1
0
1
-2
-1
0
0
1
1
0
-2
-1
-1
-2
-2
-1
0
-1
-1
-3
-3
-3
-3
-3
-3
-2
0
-1
0
0
1
0
2
2
1
3
3
3
3
5
6
4
4
4
3
3
4
6
8
6
6
5
3
4
5
5
6
5
5
4
3
3
2
2
1
-1
-3
-5
-5
-5
-5
-8
-9
-8
-8
-6
-5
-5
-2
-2
-3
-2
-2
-3
-3
-3
-7
-8
-9
-9
-9
-7
-7
-6
-5
-6
-4
-1
0
2
3
2
1
0
1
4
4
5
3
3
3
1
1
2
3
1
2
2
1
2
2
2
3
2
0
1
2
3
3
4
4
3
1
1
2
2
3
5
5
2
1
-2
-4
-3
-3
-5
-7
-5
-4
-2
0
0
3
5
6
5
6
4
3
1
-1
-5
-10
-12
-12
-12
-12
-13
-15
-14
-15
-18
-19
-20
-20
-19
-17
-16
-15
-13
-9
-7
-7
-6
-9
-7
-7
-6
-6
-6
-6
-6
-4
0
5
8
11
14
16
14
15
15
14
15
14
14
16
17
17
17
16
16
15
12
13
12
11
10
9
8
9
9
9
10
12
13
11
11
9
8
8
6
3
-1
-4
-5
-6
-5
-3
-1
0
4
6
9
10
10
12
17
17
16
14
12
10
8
7
0
-6
-14
-19
-23
-25
-30
-32
-34
-37
-33
-28
-20
-11
-3
6
11
13
14
15
16
11
-1
-13
-23
-29
-33
-37
-35
-29
-20
-3
15
36
57
71
85
94
101
107
115
126
139
161
194
219
240
254
261
266
257
240
213
174
135
96
70
56
40
30
25
26
29
28
31
31
14
-8
-41
-67
-98
-127
-144
-164
-181
-205
-239
-267
-296
-318
-334
-350
-356
-358
-352
-336
-315
-297
-270
-245
-224
-215
-212
-206
-208
-211
-223
-237
-255
-271
-278
-270
-245
-214
-177
-135
-92
-48
-15
12
30
36
37
33
28
22
21
18
2
-15
-26
-29
-30
-25
-12
-6
-2
9
16
34
50
68
85
94
108
112
117
112
102
91
76
77
72
74
91
109
150
185
208
237
240
251
267
271
321
374
452
536
595
677
745
824
909
954
980
978
941
892
812
737
675
619
573
519
454
415
370
331
307
268
244
190
128
58
-46
-124
-202
-286
-361
-470
-556
-616
-668
-686
-719
-755
-788
-833
-854
-854
-853
-831
-829
-841
-857
-886
-885
-855
-804
-748
-718
-688
-647
-603
-548
-492
-422
-369
-335
-313
-295
-266
-224
-179
-145
-139
-133
-114
-95
-61
-41
-31
-30
-55
-81
-92
-107
-110
-118
-116
-113
-110
-84
-62
-32
-7
8
24
15
6
26
42
80
120
144
169
191
230
286
301
281
257
218
190
142
91
75
71
90
112
140
199
274
361
460
524
554
590
619
624
593
567
570
569
563
555
539
552
603
649
673
685
698
725
768
795
757
699
651
610
586
542
519
610
794
958
1027
1066
1194
1328
1368
1306
1198
1048
835
555
240
-69
-352
-532
-644
-760
-886
-968
-947
-881
-891
-929
-948
-940
-957
-1061
-1177
-1264
-1324
-1363
-1420
-1485
-1526
-1534
-1457
-1352
-1288
-1243
-1201
-1121
-1040
-1034
-1048
-1031
-996
-951
-956
-963
-889
-761
-595
-461
-386
-284
-162
-29
83
128
179
240
291
301
273
309
424
534
614
629
624
637
636
608
517
390
283
175
75
-28
-143
-180
-174
-153
-139
-125
-62
29
91
96
70
69
96
106
84
61
57
70
110
145
174
213
265
325
341
310
283
273
278
265
238
225
230
264
306
370
469
620
775
907
1014
1073
1109
1137
1155
1139
1080
1009
959
892
795
718
672
634
587
573
577
553
515
499
499
480
449
422
450
594
784
931
1018
1116
1226
1288
1258
1202
1089
872
600
228
-167
-581
-909
-1109
-1295
-1492
-1627
-1674
-1628
-1570
-1542
-1491
-1453
-1403
-1417
-1511
-1582
-1595
-1582
-1569
-1605
-1617
-1595
-1533
-1428
-1328
-1235
-1164
-1093
-1045
-1073
-1108
-1090
-1064
-1057
-1109
-1129
-1075
-962
-772
-589
-436
-284
-150
-25
61
114
203
277
316
336
321
355
447
581
731
806
904
995
1015
1006
949
865
758
635
518
394
280
230
205
212
246
278
340
402
476
537
540
552
541
505
465
431
421
419
414
412
427
463
506
503
482
412
338
272
176
103
31
-32
-72
-104
-77
-7
111
269
422
571
704
842
980
1060
1060
1044
980
909
829
751
686
604
547
518
491
492
530
535
525
520
552
562
545
526
494
457
545
707
838
892
923
1047
1127
1077
991
906
741
485
112
-250
-612
-938
-1195
-1458
-1740
-1959
-2091
-2123
-2108
-2159
-2179
-2149
-2087
-2064
-2087
-2117
-2105
-2084
-2047
-2054
-2088
-2050
-1949
-1815
-1678
-1525
-1353
-1199
-1103
-1022
-978
-915
-819
-768
-787
-837
-849
-746
-598
-440
-251
-77
100
279
450
611
759
892
1015
1058
1074
1149
1290
1412
1479
1533
1606
1675
1708
1720
1659
1558
1455
1334
1199
1058
913
812
693
592
524
474
470
462
469
472
460
434
418
368
288
195
148
121
78
43
41
45
60
82
78
52
-32
-108
-170
-263
-357
-441
-539
-615
-635
-558
-419
-285
-149
13
182
368
526
636
723
744
749
735
677
618
570
526
482
466
505
578
677
795
890
910
914
941
971
939
816
720
647
681
887
1160
1189
886
694
867
1100
1017
675
419
276
-31
-421
-811
-1118
-1276
-1365
-1511
-1880
-2314
-2325
-2031
-1889
-2027
-2252
-2196
-2013
-2022
-2170
-2315
-2283
-2069
-1999
-2097
-2254
-2181
-1787
-1446
-1324
-1328
-1310
-1178
-1045
-1020
-1011
-986
-870
-763
-848
-982
-903
-577
-188
-17
-26
12
135
370
596
715
790
889
1047
1164
1175
1297
1600
1879
1954
1869
1822
1928
2025
1951
1743
1482
1356
1291
1135
944
815
796
825
750
662
665
740
861
876
753
550
395
361
297
121
-17
-47
-7
-16
-64
-39
115
276
295
142
-26
-81
-116
-203
-356
-525
-603
-582
-534
-439
-302
-80
181
370
472
559
679
776
741
581
414
294
261
298
316
290
325
499
733
935
1111
1243
1295
1258
1146
1002
823
610
390
128
-137
-229
-78
204
424
540
699
879
1030
1088
1001
803
495
81
-459
-1048
-1512
-1808
-2037
-2295
-2539
-2635
-2558
-2338
-2103
-1960
-1900
-1858
-1817
-1872
-2071
-2263
-2343
-2416
-2544
-2678
-2704
-2574
-2336
-2059
-1783
-1565
-1346
-1093
-858
-671
-561
-457
-399
-416
-464
-495
-469
-391
-278
-143
-18
91
275
537
810
1031
1220
1440
1641
1780
1922
2092
2247
2380
2476
2469
2402
2326
2264
2200
2036
1845
1703
1581
1465
1339
1241
1246
1299
1322
1270
1137
1083
1054
911
712
482
266
72
-129
-302
-411
-438
-355
-248
-176
-122
-19
116
146
49
-90
-207
-323
-477
-651
-823
-918
-903
-847
-761
-602
-383
-177
-29
70
156
221
235
174
57
-45
-118
-121
-109
-92
-19
88
253
425
625
814
905
937
914
811
675
576
467
270
-4
-248
-331
-244
-97
76
253
384
530
689
755
691
490
231
-84
-535
-992
-1354
-1614
-1746
-1894
-2049
-2077
-2016
-1834
-1651
-1580
-1558
-1570
-1604
-1676
-1820
-1915
-1973
-2054
-2092
-2140
-2127
-1997
-1793
-1528
-1318
-1147
-913
-686
-490
-333
-267
-206
-156
-154
-140
-178
-201
-139
-74
27
149
288
514
758
1030
1283
1466
1701
1939
2135
2271
2332
2422
2524
2580
2619
2591
2494
2384
2221
2057
1917
1763
1614
1439
1272
1164
1095
1063
1076
1051
914
723
579
450
254
18
-218
-454
-683
-862
-913
-873
-786
-635
-455
-320
-240
-130
-25
1
-81
-223
-400
-609
-809
-948
-1021
-1074
-1086
-1004
-848
-721
-578
-408
-255
-159
-134
-124
-175
-277
-336
-315
-266
-262
-275
-195
-87
58
241
366
493
578
631
673
623
565
456
257
121
-63
-261
-393
-488
-358
-156
-61
115
336
576
821
878
925
878
688
542
226
-204
-604
-1006
-1190
-1374
-1628
-1700
-1763
-1717
-1582
-1510
-1367
-1313
-1311
-1237
-1339
-1405
-1414
-1485
-1500
-1610
-1681
-1618
-1586
-1386
-1109
-898
-642
-451
-223
-7
87
257
350
273
206
99
24
15
24
152
250
340
539
765
1010
1260
1502
1758
1946
2061
2182
2285
2377
2470
2513
2530
2490
2382
2298
2213
2130
2023
1845
1651
1453
1252
1109
966
775
601
434
270
77
-143
-298
-439
-631
-821
-1006
-1168
-1244
-1238
-1162
-1081
-1012
-819
-622
-504
-375
-252
-158
-161
-264
-359
-527
-720
-833
-968
-1118
-1264
-1330
-1253
-1195
-1167
-1052
-954
-838
-720
-644
-559
-516
-419
-292
-216
-129
-55
48
140
194
300
385
446
523
536
522
512
463
406
293
157
104
37
-51
-153
-276
-210
21
261
460
611
848
1132
1286
1362
1389
1292
1112
832
450
7
-413
-655
-809
-1046
-1261
-1371
-1339
-1189
-1083
-999
-910
-819
-702
-672
-767
-853
-906
-971
-1090
-1280
-1359
-1303
-1204
-1041
-914
-769
-559
-335
-113
25
97
183
215
168
119
35
33
104
165
245
285
421
683
912
1114
1286
1474
1730
1873
1936
2080
2218
2337
2394
2346
2289
2192
2107
2071
1915
1672
1464
1286
1099
833
568
378
148
-109
-350
-640
-908
-1122
-1301
-1485
-1703
-1849
-1873
-1843
-1811
-1750
-1594
-1377
-1134
-881
-692
-565
-416
-287
-273
-347
-412
-408
-436
-554
-708
-868
-976
-1036
-1085
-1126
-1175
-1204
-1171
-1097
-1002
-885
-730
-558
-420
-285
-119
55
225
385
485
555
597
661
759
788
795
837
850
811
758
747
801
815
785
725
584
441
456
636
848
980
1074
1224
1438
1647
1762
1854
1885
1803
1622
1268
856
520
247
33
-239
-558
-787
-941
-956
-898
-916
-929
-957
-974
-989
-1127
-1216
-1265
-1408
-1555
-1723
-1807
-1768
-1722
-1569
-1412
-1277
-1053
-876
-677
-498
-443
-324
-273
-299
-300
-394
-412
-363
-341
-226
-121
16
249
407
601
803
936
1144
1301
1399
1484
1541
1679
1785
1824
1883
1941
1989
2014
1982
1882
1725
1555
1369
1046
648
286
-37
-358
-716
-1035
-1282
-1480
-1640
-1723
-1716
-1670
-1573
-1469
-1406
-1295
-1090
-838
-589
-421
-296
-194
-99
31
86
58
22
-41
-123
-279
-447
-555
-708
-890
-1061
-1219
-1303
-1343
-1307
-1186
-1106
-963
-765
-573
-301
-96
80
320
470
634
768
797
915
1019
1064
1155
1155
1184
1244
1217
1284
1276
1205
1219
1138
1031
879
605
554
660
746
885
899
966
1219
1448
1720
1909
1902
1903
1789
1577
1317
892
550
317
-29
-363
-715
-1011
-1063
-1117
-1191
-1238
-1389
-1463
-1501
-1656
-1802
-2008
-2169
-2235
-2393
-2500
-2496
-2396
-2102
-1830
-1628
-1328
-1035
-697
-383
-249
-112
-8
31
73
-16
-104
-122
-144
-71
-48
-64
77
249
464
694
850
1063
1254
1386
1519
1605
1740
1902
1985
2053
2103
2164
2269
2262
2166
2012
1779
1540
1197
769
313
-141
-552
-964
-1374
-1706
-1929
-2037
-2068
-2033
-1910
-1742
-1516
-1282
-1091
-873
-664
-476
-301
-243
-191
-137
-145
-137
-183
-261
-319
-453
-564
-645
-762
-840
-967
-1089
-1142
-1201
-1205
-1137
-1040
-909
-775
-607
-422
-264
-85
117
319
556
738
894
1057
1155
1304
1445
1515
1611
1684
1697
1670
1620
1607
1537
1373
1211
1014
785
531
277
151
174
285
458
635
825
1123
1499
1824
2022
2047
2002
1923
1741
1431
1010
609
264
-93
-467
-775
-997
-1123
-1214
-1346
-1481
-1606
-1691
-1751
-1889
-2102
-2296
-2392
-2406
-2400
-2371
-2271
-2092
-1853
-1593
-1339
-1052
-778
-523
-331
-257
-239
-217
-207
-240
-340
-442
-471
-450
-388
-268
-122
47
260
505
766
996
1178
1365
1519
1595
1670
1738
1819
1860
1851
1885
1917
1908
1849
1756
1642
1442
1163
841
452
33
-350
-728
-1067
-1402
-1697
-1834
-1868
-1808
-1680
-1545
-1369
-1183
-997
-786
-582
-396
-232
-157
-188
-227
-210
-172
-187
-254
-331
-401
-460
-486
-508
-600
-705
-712
-672
-688
-730
-681
-569
-501
-456
-404
-332
-267
-147
61
222
335
530
792
1023
1196
1395
1615
1725
1773
1787
1764
1712
1620
1485
1255
1036
904
731
499
290
127
24
-88
-23
303
527
712
977
1237
1565
1820
2001
2100
1914
1728
1618
1310
909
452
69
-182
-559
-847
-1050
-1356
-1475
-1541
-1647
-1734
-1939
-1979
-1962
-2137
-2197
-2218
-2241
-2167
-2178
-2099
-1951
-1834
-1555
-1353
-1208
-937
-761
-602
-493
-508
-445
-457
-510
-465
-550
-587
-523
-423
-158
8
184
541
814
1056
1281
1463
1682
1749
1752
1824
1814
1811
1862
1872
1871
1846
1886
1982
1900
1758
1610
1313
895
396
-101
-575
-1082
-1494
-1835
-2191
-2371
-2331
-2142
-1921
-1729
-1459
-1210
-1030
-763
-540
-448
-425
-465
-497
-562
-640
-587
-530
-553
-526
-442
-299
-154
-66
27
30
-15
-10
-64
-181
-301
-393
-432
-523
-596
-531
-428
-266
-82
149
433
731
1120
1485
1703
1856
2007
2082
2056
1969
1855
1713
1451
1192
1022
810
642
525
416
322
243
244
335
309
326
536
719
961
1162
1343
1654
1864
2021
2127
1994
1891
1810
1549
1193
649
145
-169
-599
-964
-1295
-1704
-1873
-1988
-2053
-2015
-2080
-2005
-1891
-1966
-1987
-2004
-1963
-1846
-1907
-1949
-1988
-2046
-1901
-1764
-1655
-1520
-1453
-1307
-1153
-1074
-889
-714
-608
-472
-446
-376
-217
-30
239
386
467
624
793
975
1144
1261
1390
1449
1463
1564
1650
1752
1907
2010
2054
2017
2000
2075
2041
1799
1421
912
330
-245
-788
-1284
-1794
-2255
-2527
-2667
-2679
-2515
-2220
-1838
-1481
-1186
-901
-663
-444
-257
-248
-352
-473
-530
-522
-514
-430
-279
-112
79
296
494
651
771
829
769
577
367
184
21
-161
-327
-411
-449
-386
-252
-65
219
527
859
1173
1402
1637
1823
1899
1934
1853
1752
1650
1485
1336
1125
913
796
691
628
546
422
369
290
214
139
26
-4
-23
51
256
438
735
1055
1316
1648
1847
1999
2152
2071
1934
1641
1144
669
70
-469
-885
-1373
-1680
-1941
-2149
-2114
-2102
-2004
-1851
-1854
-1767
-1739
-1790
-1743
-1837
-1921
-2013
-2195
-2221
-2259
-2238
-2104
-2073
-1958
-1822
-1722
-1482
-1279
-1075
-808
-637
-416
-183
1
240
413
549
662
696
797
916
989
1126
1203
1262
1346
1441
1641
1821
1967
2090
2178
2246
2248
2208
2101
1825
1438
967
415
-114
-658
-1160
-1617
-2047
-2283
-2361
-2332
-2183
-1957
-1634
-1332
-1065
-804
-603
-468
-432
-439
-507
-609
-659
-623
-521
-393
-213
32
324
609
860
1048
1101
1065
925
729
480
188
-34
-263
-448
-525
-530
-446
-247
15
338
652
943
1260
1508
1661
1744
1758
1696
1572
1425
1306
1185
1030
931
887
847
836
809
795
793
718
621
496
334
231
95
-61
-146
-190
-4
350
663
1027
1350
1656
2058
2250
2286
2206
1889
1571
1108
473
-119
-760
-1252
-1589
-2016
-2263
-2422
-2485
-2324
-2286
-2233
-2126
-2098
-1947
-1870
-1943
-1939
-2017
-2066
-2103
-2279
-2314
-2324
-2360
-2224
-2134
-2013
-1754
-1518
-1159
-824
-561
-208
63
303
505
579
669
724
730
774
755
758
814
813
896
1028
1159
1359
1554
1745
1944
2096
2243
2327
2275
2132
1885
1566
1163
660
144
-379
-905
-1334
-1661
-1905
-1990
-1939
-1783
-1598
-1394
-1107
-839
-643
-477
-389
-401
-476
-569
-614
-625
-602
-498
-312
-79
202
538
868
1161
1355
1406
1354
1199
977
694
319
-57
-358
-583
-687
-705
-607
-363
-81
233
577
886
1175
1403
1511
1531
1461
1360
1253
1136
1030
930
866
854
869
913
968
986
969
883
738
561
352
112
-173
-447
-646
-774
-778
-713
-553
-150
356
842
1343
1771
2175
2501
2575
2535
2323
1898
1458
893
205
-498
-1166
-1583
-1889
-2243
-2416
-2513
-2493
-2300
-2179
-2002
-1836
-1790
-1663
-1634
-1767
-1873
-2045
-2177
-2291
-2478
-2526
-2499
-2389
-2149
-1955
-1702
-1380
-1076
-700
-406
-197
60
219
337
427
424
486
538
568
665
745
865
1021
1158
1330
1478
1598
1754
1846
1902
1954
1936
1893
1792
1615
1430
1218
958
657
284
-98
-414
-726
-1024
-1218
-1344
-1419
-1431
-1417
-1348
-1243
-1142
-1027
-945
-906
-852
-770
-658
-542
-434
-266
-50
154
398
682
969
1205
1349
1415
1366
1225
1048
765
402
26
-353
-671
-914
-1047
-1025
-930
-757
-427
-38
375
795
1145
1417
1577
1664
1703
1669
1568
1445
1342
1250
1137
1029
988
968
938
874
735
578
415
230
40
-210
-488
-638
-700
-727
-664
-519
-282
97
623
1154
1612
1987
2297
2574
2693
2578
2361
2041
1548
994
386
-280
-926
-1477
-1849
-2091
-2298
-2403
-2403
-2329
-2205
-2095
-1982
-1932
-1955
-1977
-2084
-2254
-2394
-2517
-2582
-2638
-2676
-2587
-2437
-2251
-1995
-1711
-1397
-1078
-783
-496
-298
-125
79
235
374
485
541
635
744
824
905
975
1048
1128
1158
1147
1142
1152
1219
1290
1357
1436
1483
1553
1629
1591
1503
1374
1135
871
542
154
-154
-484
-822
-1073
-1282
-1377
-1363
-1313
-1187
-1050
-944
-788
-604
-421
-274
-197
-125
-70
-32
93
257
457
678
848
1014
1162
1249
1323
1303
1100
825
496
120
-262
-600
-843
-1014
-1103
-1078
-896
-599
-215
220
604
946
1228
1442
1590
1639
1587
1445
1236
1023
865
729
631
557
502
505
512
505
470
427
376
294
173
21
-106
-192
-230
-191
-50
101
282
626
1081
1528
1860
2123
2356
2476
2433
2220
1869
1407
903
358
-242
-874
-1407
-1744
-2008
-2272
-2462
-2550
-2556
-2513
-2464
-2455
-2501
-2574
-2603
-2641
-2787
-2899
-2925
-2896
-2861
-2809
-2660
-2429
-2163
-1860
-1541
-1244
-938
-596
-254
7
188
386
600
771
889
942
945
956
966
958
884
749
678
673
666
679
766
930
1127
1319
1544
1770
1931
2056
2097
2013
1837
1563
1263
887
430
47
-297
-611
-832
-967
-1023
-1044
-1012
-888
-771
-712
-610
-504
-420
-352
-312
-236
-182
-106
73
263
472
745
1009
1251
1444
1560
1616
1513
1266
982
624
238
-180
-583
-866
-1088
-1192
-1146
-1029
-796
-489
-117
304
650
962
1164
1241
1278
1184
1051
917
724
632
547
459
492
481
493
522
480
486
411
271
208
46
-104
-206
-328
-274
-218
-129
88
287
667
1093
1419
1795
2035
2186
2301
2183
1983
1646
1169
763
237
-363
-934
-1527
-1889
-2148
-2433
-2600
-2742
-2776
-2748
-2764
-2712
-2722
-2741
-2714
-2819
-2885
-2914
-2948
-2882
-2837
-2731
-2488
-2233
-1854
-1406
-1026
-632
-295
48
381
586
786
934
964
990
974
954
942
864
838
805
732
705
686
727
802
884
1012
1132
1260
1455
1727
1990
2156
2246
2305
2305
2227
2074
1805
1479
1115
713
294
-132
-498
-798
-1052
-1256
-1380
-1423
-1385
-1252
-1088
-934
-779
-575
-305
-91
64
223
369
520
670
816
989
1121
1212
1279
1265
1173
1033
869
623
235
-192
-585
-945
-1203
-1370
-1473
-1464
-1370
-1145
-812
-495
-142
214
469
643
733
769
783
735
677
584
455
401
397
393
390
391
399
377
306
261
234
176
110
10
-92
-134
-124
-47
107
350
672
1029
1368
1702
2014
2256
2402
2400
2231
1950
1594
1153
609
-56
-688
-1228
-1690
-2079
-2431
-2686
-2815
-2849
-2806
-2763
-2772
-2767
-2759
-2780
-2828
-2898
-2911
-2907
-2894
-2835
-2712
-2438
-2036
-1590
-1113
-653
-218
233
612
935
1167
1276
1316
1271
1186
1086
982
915
822
702
593
499
525
626
712
826
934
1048
1204
1383
1601
1865
2119
2307
2377
2357
2317
2226
2070
1803
1427
1017
558
113
-260
-624
-931
-1141
-1295
-1364
-1355
-1246
-1028
-795
-595
-440
-294
-113
60
181
219
224
274
371
465
582
702
791
850
857
813
707
524
244
-153
-626
-1082
-1464
-1776
-1995
-2115
-2134
-2006
-1752
-1391
-982
-580
-174
168
404
581
713
774
732
615
489
369
263
200
200
222
271
359
433
493
536
554
561
509
434
341
221
153
160
278
559
913
1289
1685
2074
2494
2854
3055
3102
2925
2599
2209
1688
1053
340
-367
-942
-1451
-1892
-2201
-2417
-2498
-2502
-2486
-2434
-2453
-2480
-2450
-2515
-2638
-2762
-2854
-2858
-2883
-2852
-2687
-2445
-2061
-1600
-1158
-702
-273
142
508
699
818
908
909
841
679
493
340
245
250
232
201
246
374
575
764
928
1139
1344
1528
1735
1906
2075
2251
2388
2438
2339
2190
2022
1765
1441
1037
596
175
-253
-609
-898
-1147
-1262
-1249
-1189
-1117
-992
-777
-536
-375
-260
-172
-121
-95
-81
-63
-65
-42
54
183
291
394
542
682
743
680
535
309
-3
-339
-719
-1132
-1520
-1810
-1958
-1994
-1939
-1766
-1474
-1122
-751
-366
2
293
496
613
665
674
640
583
511
448
409
412
476
577
658
714
737
762
790
724
608
482
326
184
56
-10
34
217
620
1103
1578
2043
2458
2914
3294
3405
3344
3094
2710
2272
1671
955
213
-473
-992
-1457
-1923
-2292
-2573
-2647
-2629
-2622
-2582
-2615
-2622
-2567
-2606
-2672
-2742
-2770
-2685
-2659
-2629
-2528
-2355
-2003
-1619
-1285
-935
-674
-416
-118
74
251
357
372
395
333
289
325
386
541
639
679
792
928
1128
1333
1476
1643
1742
1845
2014
2128
2276
2425
2499
2536
2419
2242
2101
1843
1531
1105
556
65
-402
-780
-1037
-1281
-1395
-1418
-1399
-1262
-1080
-822
-575
-435
-369
-408
-451
-414
-395
-395
-415
-380
-242
-104
80
274
413
537
558
461
280
-10
-326
-662
-1056
-1464
-1837
-2078
-2193
-2183
-2029
-1776
-1447
-1077
-677
-255
109
403
623
723
757
726
669
621
530
492
541
588
636
708
815
934
1015
1051
1012
894
778
645
475
318
224
242
330
461
725
1160
1698
2231
2690
3069
3378
3623
3711
3602
3254
2729
2127
1431
648
-173
-927
-1538
-2056
-2496
-2764
-2914
-2928
-2803
-2651
-2496
-2388
-2282
-2151
-2122
-2174
-2232
-2307
-2403
-2512
-2569
-2551
-2475
-2293
-2073
-1836
-1567
-1272
-928
-600
-337
-104
93
253
379
442
493
528
553
629
719
792
887
1019
1179
1346
1481
1649
1839
1986
2098
2188
2276
2328
2318
2261
2127
1898
1631
1334
973
581
192
-165
-490
-791
-992
-1106
-1157
-1135
-1102
-1081
-1020
-941
-853
-807
-826
-800
-751
-689
-597
-484
-302
-72
141
384
594
728
842
851
719
446
71
-306
-706
-1143
-1519
-1841
-2060
-2129
-2087
-1909
-1655
-1345
-954
-574
-226
102
360
565
681
703
724
716
714
741
760
818
897
957
1011
1037
1043
1032
951
829
683
535
428
340
285
313
415
598
882
1204
1578
1971
2383
2829
3154
3334
3443
3470
3383
3106
2657
2140
1510
840
191
-507
-1197
-1797
-2241
-2524
-2781
-2950
-2979
-2935
-2799
-2658
-2518
-2371
-2306
-2231
-2164
-2239
-2335
-2403
-2448
-2481
-2569
-2559
-2426
-2270
-2034
-1750
-1417
-1018
-652
-283
53
281
509
704
800
853
837
833
862
853
869
896
945
1062
1176
1335
1542
1709
1922
2123
2258
2358
2409
2450
2403
2206
1931
1612
1273
932
545
132
-236
-544
-764
-975
-1159
-1227
-1271
-1287
-1304
-1306
-1268
-1254
-1186
-1077
-988
-857
-670
-448
-201
14
219
405
523
594
574
444
255
-23
-346
-690
-1116
-1476
-1730
-1951
-2069
-2113
-2034
-1847
-1646
-1371
-1056
-723
-354
-35
235
473
650
816
955
1033
1101
1159
1235
1321
1360
1388
1372
1323
1302
1206
1066
910
706
576
489
414
451
560
764
1048
1341
1686
2038
2362
2666
2877
2986
3114
3242
3239
3098
2849
2562
2237
1794
1272
728
136
-445
-978
-1497
-2013
-2462
-2756
-2880
-3013
-3122
-3085
-3028
-2919
-2786
-2682
-2552
-2498
-2460
-2387
-2452
-2506
-2467
-2419
-2330
-2271
-2165
-1932
-1661
-1331
-998
-727
-434
-188
22
193
271
377
433
383
350
293
279
360
420
535
655
786
1053
1342
1604
1848
2074
2324
2487
2524
2520
2444
2285
2018
1678
1308
873
474
129
-249
-596
-864
-1037
-1132
-1226
-1280
-1266
-1207
-1094
-972
-868
-763
-613
-417
-257
-137
-4
146
299
372
359
358
291
154
-6
-262
-511
-751
-1009
-1243
-1514
-1744
-1859
-1915
-1893
-1822
-1696
-1459
-1164
-788
-409
-59
327
674
957
1214
1391
1553
1696
1761
1821
1811
1780
1798
1754
1679
1572
1409
1290
1131
964
848
705
629
631
673
781
953
1199
1498
1757
2026
2302
2516
2670
2726
2704
2676
2628
2548
2347
2015
1712
1416
1044
565
-8
-606
-1157
-1682
-2190
-2711
-3177
-3457
-3604
-3727
-3820
-3821
-3690
-3494
-3343
-3181
-3054
-2924
-2750
-2586
-2467
-2402
-2294
-2096
-1892
-1733
-1538
-1327
-1139
-938
-740
-581
-447
-327
-184
-74
-27
70
172
252
328
396
486
598
731
941
1136
1309
1542
1769
2015
2254
2408
2539
2609
2576
2519
2374
2162
1911
1559
1212
859
503
205
-98
-360
-549
-716
-831
-861
-827
-722
-605
-501
-376
-263
-142
-30
13
37
35
21
13
-73
-138
-187
-287
-371
-469
-596
-720
-865
-993
-1138
-1359
-1549
-1682
-1780
-1835
-1856
-1779
-1562
-1288
-969
-630
-285
126
547
917
1223
1471
1693
1860
1964
2031
2007
1912
1804
1658
1509
1362
1214
1110
986
828
740
727
761
789
825
943
1103
1309
1547
1770
1973
2152
2303
2447
2513
2481
2478
2514
2437
2217
1947
1676
1400
1006
470
-138
-806
-1454
-2027
-2593
-3156
-3623
-3903
-4043
-4142
-4148
-4054
-3906
-3661
-3403
-3207
-3016
-2820
-2572
-2333
-2216
-2092
-1899
-1720
-1570
-1463
-1311
-1124
-984
-819
-674
-589
-464
-324
-178
-54
13
162
326
428
522
577
665
784
880
1018
1153
1292
1487
1684
1863
2025
2174
2326
2437
2475
2431
2317
2182
2005
1754
1459
1157
854
550
239
-62
-299
-472
-584
-625
-634
-633
-593
-520
-428
-320
-234
-166
-127
-120
-119
-130
-114
-90
-103
-147
-198
-221
-236
-276
-331
-439
-614
-829
-1069
-1301
-1540
-1760
-1922
-2031
-2050
-1939
-1690
-1316
-888
-457
-11
431
882
1284
1580
1807
1913
1922
1871
1761
1654
1553
1419
1280
1156
1056
1011
983
985
1017
1058
1128
1202
1319
1486
1648
1792
1900
1994
2076
2140
2176
2160
2074
1941
1859
1868
1815
1634
1401
1129
858
501
3
-542
-1141
-1749
-2320
-2930
-3496
-3977
-4277
-4341
-4392
-4405
-4280
-4090
-3770
-3417
-3136
-2845
-2629
-2432
-2193
-2062
-1938
-1801
-1702
-1576
-1525
-1446
-1253
-1046
-784
-547
-385
-177
34
240
457
577
697
796
795
806
791
801
897
982
1108
1249
1393
1675
1991
2246
2467
2606
2738
2839
2829
2763
2619
2436
2263
1989
1656
1336
1014
755
473
148
-115
-328
-464
-543
-635
-701
-727
-725
-672
-643
-594
-476
-360
-254
-181
-149
-107
-49
20
62
40
2
-46
-140
-276
-483
-739
-1001
-1309
-1620
-1895
-2149
-2315
-2367
-2331
-2220
-2005
-1650
-1206
-781
-362
53
467
850
1137
1346
1485
1547
1557
1542
1490
1411
1333
1287
1246
1188
1153
1154
1193
1247
1298
1358
1440
1559
1694
1838
1953
2022
2081
2103
2096
2059
1955
1824
1633
1468
1425
1354
1214
1021
766
560
265
-178
-597
-1106
-1648
-2141
-2676
-3169
-3627
-3940
-4004
-4064
-4088
-4005
-3873
-3556
-3246
-3022
-2721
-2493
-2258
-1962
-1792
-1643
-1512
-1381
-1182
-1078
-983
-820
-685
-483
-288
-168
-24
106
266
450
510
563
667
727
789
815
860
994
1117
1264
1443
1569
1753
2025
2301
2525
2631
2697
2800
2832
2753
2640
2485
2345
2128
1790
1434
1071
771
518
202
-142
-460
-731
-899
-1022
-1103
-1113
-1124
-1096
-1034
-956
-800
-618
-435
-285
-243
-205
-119
-46
0
-31
-140
-273
-460
-685
-907
-1136
-1360
-1605
-1906
-2187
-2401
-2518
-2526
-2477
-2360
-2166
-1912
-1555
-1116
-636
-139
308
723
1099
1411
1680
1888
2029
2101
2074
2016
1967
1894
1837
1781
1708
1641
1582
1573
1622
1659
1723
1825
1907
1971
1995
2026
2083
2077
1991
1876
1712
1539
1345
1178
1133
1064
914
715
492
313
78
-287
-662
-1129
-1667
-2188
-2704
-3164
-3623
-3976
-4077
-4110
-4136
-4043
-3861
-3542
-3201
-2924
-2611
-2346
-2103
-1812
-1602
-1456
-1309
-1155
-949
-819
-752
-602
-427
-252
-117
-57
22
86
139
253
296
329
432
527
637
694
766
950
1148
1400
1671
1814
1960
2162
2362
2530
2559
2593
2694
2690
2634
2593
2499
2383
2230
2041
1782
1379
1003
714
350
-65
-465
-829
-1117
-1355
-1493
-1518
-1512
-1398
-1178
-975
-789
-576
-307
-101
-55
-60
-80
-171
-290
-400
-537
-702
-862
-959
-1054
-1178
-1283
-1380
-1507
-1689
-1868
-2020
-2174
-2310
-2346
-2289
-2185
-1981
-1615
-1141
-641
-96
482
1038
1523
1923
2227
2406
2454
2418
2307
2113
1911
1738
1591
1483
1412
1386
1446
1568
1695
1810
1909
1999
2068
2066
2002
1904
1767
1627
1481
1301
1129
989
876
834
824
756
658
512
348
150
-185
-587
-1026
-1545
-2043
-2500
-2920
-3261
-3538
-3648
-3621
-3563
-3431
-3242
-2994
-2682
-2446
-2276
-2109
-1939
-1739
-1602
-1524
-1411
-1262
-1074
-882
-732
-563
-403
-259
-106
-45
-18
33
75
144
181
207
356
540
735
940
1105
1309
1503
1679
1856
1930
1975
2043
2082
2140
2175
2210
2299
2380
2439
2439
2393
2359
2266
2054
1722
1300
858
406
-78
-554
-1003
-1385
-1629
-1771
-1800
-1716
-1555
-1303
-1016
-748
-512
-312
-139
-63
-136
-275
-447
-614
-759
-914
-1024
-1083
-1082
-1047
-1003
-959
-923
-956
-1064
-1248
-1497
-1720
-1953
-2141
-2242
-2245
-2088
-1776
-1345
-801
-191
442
1065
1568
1983
2282
2447
2498
2424
2287
2114
1935
1798
1687
1605
1589
1609
1668
1738
1780
1830
1837
1834
1805
1676
1556
1433
1290
1224
1144
1031
966
898
872
846
726
699
654
451
190
-115
-347
-563
-938
-1330
-1704
-2106
-2333
-2485
-2660
-2819
-2966
-2914
-2761
-2721
-2651
-2525
-2391
-2230
-2169
-2107
-1986
-1864
-1677
-1543
-1509
-1408
-1203
-942
-760
-728
-674
-551
-454
-368
-342
-289
-151
-30
130
303
487
784
1105
1353
1545
1648
1790
1987
2105
2129
2038
1959
1994
2023
1999
2012
2082
2201
2296
2275
2208
2125
2034
1916
1627
1150
649
225
-124
-487
-876
-1138
-1294
-1373
-1334
-1253
-1093
-865
-662
-500
-423
-400
-325
-285
-354
-522
-740
-878
-967
-1063
-1139
-1212
-1221
-1176
-1191
-1239
-1284
-1356
-1440
-1608
-1845
-2042
-2198
-2226
-2150
-2057
-1846
-1501
-1022
-463
54
582
1111
1538
1880
2095
2203
2244
2186
2118
2010
1847
1732
1666
1645
1648
1630
1636
1677
1689
1686
1664
1630
1591
1529
1454
1398
1355
1334
1344
1337
1308
1268
1186
1090
891
595
400
217
-73
-388
-684
-902
-1042
-1251
-1434
-1579
-1787
-1881
-1932
-2081
-2274
-2443
-2425
-2372
-2463
-2471
-2437
-2385
-2189
-2049
-1938
-1802
-1694
-1453
-1253
-1213
-1125
-1001
-850
-775
-807
-722
-624
-547
-367
-244
-91
144
345
623
835
988
1264
1467
1589
1651
1602
1621
1660
1672
1702
1622
1599
1705
1756
1831
1905
1962
2068
2051
1938
1819
1609
1429
1218
840
435
33
-261
-434
-676
-858
-923
-946
-866
-809
-727
-545
-455
-371
-303
-346
-351
-374
-460
-604
-870
-1083
-1186
-1315
-1401
-1502
-1591
-1546
-1551
-1573
-1556
-1617
-1634
-1684
-1838
-1930
-1997
-1961
-1813
-1675
-1437
-1137
-759
-233
249
692
1155
1534
1881
2138
2239
2306
2296
2233
2155
1988
1810
1680
1616
1615
1594
1599
1644
1669
1684
1701
1693
1653
1624
1581
1495
1388
1300
1263
1224
1122
963
793
640
480
270
60
-62
-219
-426
-621
-827
-897
-954
-1133
-1283
-1476
-1634
-1648
-1738
-1882
-2036
-2136
-2069
-2064
-2129
-2087
-2034
-1885
-1723
-1694
-1594
-1487
-1350
-1144
-1111
-1084
-975
-885
-732
-691
-671
-541
-460
-329
-187
-108
69
233
376
572
668
844
1064
1188
1285
1282
1309
1422
1470
1517
1548
1517
1556
1602
1615
1649
1636
1588
1540
1412
1254
1105
918
718
492
198
-69
-256
-375
-407
-455
-502
-469
-396
-290
-218
-183
-151
-202
-283
-376
-542
-699
-877
-1088
-1278
-1501
-1645
-1647
-1675
-1692
-1707
-1690
-1600
-1608
-1608
-1564
-1591
-1621
-1674
-1702
-1651
-1564
-1361
-1111
-861
-535
-145
345
860
1256
1669
1998
2170
2322
2345
2298
2224
2051
1882
1712
1533
1468
1431
1441
1520
1556
1648
1749
1798
1859
1832
1760
1686
1566
1469
1358
1230
1145
1051
963
852
702
623
524
324
86
-127
-199
-313
-536
-710
-858
-935
-1027
-1199
-1317
-1488
-1643
-1687
-1821
-1996
-2132
-2151
-2029
-2004
-2034
-1964
-1869
-1713
-1572
-1496
-1387
-1297
-1194
-1092
-1108
-1125
-1069
-974
-913
-963
-967
-872
-739
-551
-363
-194
-16
153
357
553
691
848
1015
1120
1148
1123
1151
1235
1295
1339
1355
1376
1445
1502
1549
1546
1478
1401
1297
1139
938
722
548
400
217
51
-38
-26
56
143
200
252
309
369
400
362
267
129
-55
-273
-497
-711
-902
-1096
-1310
-1528
-1704
-1797
-1828
-1847
-1885
-1904
-1876
-1833
-1805
-1798
-1767
-1709
-1645
-1570
-1469
-1320
-1109
-820
-476
-144
199
583
993
1382
1674
1879
2036
2127
2155
2115
2016
1896
1752
1618
1505
1410
1374
1381
1405
1443
1458
1481
1526
1535
1531
1501
1431
1363
1299
1224
1144
1072
1033
996
928
849
758
656
531
356
264
233
109
-74
-298
-477
-573
-731
-940
-1192
-1469
-1626
-1742
-1868
-2017
-2173
-2148
-2032
-1998
-1947
-1893
-1765
-1548
-1442
-1415
-1407
-1420
-1336
-1262
-1297
-1309
-1293
-1184
-1048
-1004
-911
-787
-649
-451
-330
-224
-63
82
252
365
399
508
647
792
906
950
1064
1204
1314
1415
1434
1398
1393
1380
1334
1218
1029
903
808
674
530
409
363
381
374
348
328
325
402
475
467
427
340
278
246
135
12
-104
-233
-362
-521
-681
-805
-926
-1022
-1164
-1360
-1499
-1587
-1629
-1681
-1760
-1766
-1711
-1683
-1624
-1508
-1379
-1242
-1117
-990
-825
-634
-398
-118
151
388
643
931
1222
1476
1674
1856
1984
2056
2079
2048
1983
1891
1764
1596
1427
1287
1210
1147
1123
1120
1089
1088
1089
1118
1157
1148
1142
1146
1131
1083
1041
1012
989
913
805
701
606
511
396
371
365
279
155
-10
-141
-246
-441
-675
-970
-1305
-1562
-1807
-2029
-2222
-2386
-2405
-2362
-2343
-2272
-2178
-2015
-1812
-1728
-1675
-1633
-1607
-1501
-1459
-1468
-1423
-1382
-1283
-1166
-1075
-953
-821
-655
-469
-363
-284
-189
-73
78
190
306
472
658
842
983
1076
1205
1371
1506
1545
1494
1453
1391
1318
1263
1165
1030
925
890
865
817
803
845
910
943
891
798
728
684
635
540
399
255
142
64
-2
-60
-93
-145
-254
-394
-530
-642
-745
-903
-1138
-1410
-1648
-1788
-1856
-1901
-1923
-1895
-1796
-1679
-1582
-1445
-1245
-1062
-919
-805
-696
-556
-391
-182
48
252
479
771
1100
1414
1675
1905
2058
2090
2062
2004
1919
1808
1630
1415
1214
1036
936
923
909
903
928
953
977
974
972
978
960
910
876
842
798
826
889
929
910
856
857
888
922
975
942
796
607
432
285
23
-322
-621
-965
-1330
-1696
-2073
-2348
-2519
-2594
-2587
-2622
-2637
-2542
-2380
-2173
-2025
-1949
-1837
-1757
-1690
-1617
-1573
-1456
-1335
-1266
-1185
-1134
-1025
-847
-707
-569
-475
-409
-296
-197
-77
44
141
298
470
611
737
833
980
1145
1215
1256
1258
1239
1231
1187
1153
1135
1123
1140
1146
1158
1229
1310
1369
1398
1390
1381
1353
1272
1133
954
800
675
531
368
200
65
-13
-80
-170
-262
-365
-448
-517
-640
-803
-966
-1123
-1305
-1489
-1623
-1693
-1725
-1744
-1735
-1677
-1575
-1466
-1329
-1172
-1029
-893
-760
-631
-486
-344
-181
13
201
408
637
881
1144
1379
1568
1693
1765
1823
1828
1764
1668
1545
1401
1261
1126
1013
904
792
726
671
599
519
474
482
497
487
514
598
692
818
947
1043
1123
1166
1170
1114
1045
1092
1104
961
756
515
345
185
-134
-452
-770
-1124
-1410
-1755
-2086
-2333
-2522
-2524
-2543
-2649
-2622
-2530
-2352
-2133
-2049
-1922
-1797
-1721
-1565
-1495
-1436
-1299
-1205
-1076
-1013
-990
-821
-665
-534
-423
-397
-338
-270
-195
-69
0
92
237
340
471
604
748
944
1092
1207
1283
1303
1349
1372
1369
1380
1359
1387
1456
1477
1531
1610
1682
1730
1708
1687
1637
1538
1416
1206
954
727
545
399
189
-42
-195
-298
-372
-442
-518
-582
-636
-687
-742
-861
-1016
-1136
-1220
-1329
-1470
-1558
-1576
-1562
-1522
-1465
-1393
-1311
-1217
-1100
-986
-901
-815
-726
-655
-614
-538
-336
-88
172
464
749
1031
1308
1570
1785
1896
1937
1940
1851
1684
1507
1301
1092
894
701
538
370
237
168
94
45
73
123
163
209
302
464
622
774
943
1069
1157
1244
1293
1293
1325
1426
1464
1332
1111
927
757
481
131
-215
-593
-957
-1316
-1711
-2090
-2403
-2496
-2432
-2461
-2504
-2480
-2375
-2140
-1950
-1806
-1659
-1592
-1488
-1410
-1447
-1426
-1327
-1210
-1139
-1187
-1142
-973
-788
-583
-445
-335
-225
-149
-45
17
44
142
243
327
360
376
532
719
870
1003
1056
1170
1327
1425
1519
1556
1601
1704
1726
1766
1860
1918
1989
1975
1885
1783
1634
1538
1432
1168
880
618
408
248
24
-171
-329
-508
-632
-751
-884
-968
-1032
-1069
-1139
-1270
-1342
-1405
-1466
-1471
-1498
-1511
-1494
-1457
-1373
-1328
-1291
-1176
-1099
-1086
-1079
-1072
-1006
-959
-957
-898
-802
-616
-317
7
322
612
901
1261
1558
1743
1874
1906
1890
1798
1594
1387
1160
936
776
586
407
259
182
191
170
169
251
362
471
574
704
874
1017
1152
1277
1355
1392
1411
1444
1459
1520
1609
1620
1557
1426
1311
1170
895
576
205
-222
-630
-1082
-1554
-1990
-2331
-2455
-2491
-2545
-2541
-2499
-2348
-2103
-1912
-1720
-1591
-1540
-1453
-1463
-1543
-1568
-1581
-1542
-1538
-1550
-1445
-1306
-1110
-851
-654
-460
-282
-134
45
134
178
252
271
286
248
217
281
366
495
653
785
948
1157
1369
1600
1777
1930
2061
2111
2131
2136
2150
2157
2105
1990
1812
1593
1379
1164
901
590
295
52
-162
-365
-548
-692
-803
-892
-970
-1046
-1100
-1150
-1191
-1203
-1252
-1331
-1350
-1314
-1273
-1237
-1188
-1107
-1032
-951
-886
-850
-831
-848
-898
-962
-1027
-1073
-1087
-1064
-973
-815
-570
-255
50
382
712
988
1277
1527
1707
1786
1757
1713
1631
1454
1254
1056
891
754
587
471
414
372
330
335
428
500
548
647
737
796
887
959
1032
1087
1115
1195
1255
1288
1366
1519
1646
1687
1682
1634
1530
1343
1044
683
258
-228
-680
-1159
-1680
-2142
-2461
-2603
-2675
-2714
-2640
-2530
-2392
-2202
-2042
-1865
-1719
-1632
-1556
-1614
-1719
-1757
-1752
-1674
-1616
-1572
-1463
-1327
-1145
-898
-665
-441
-256
-132
-38
-20
-7
37
57
78
91
122
237
383
597
837
1046
1274
1513
1736
1941
2111
2244
2342
2371
2373
2345
2288
2216
2116
1975
1752
1494
1252
1002
767
520
261
-11
-276
-464
-603
-727
-829
-924
-995
-1062
-1130
-1141
-1132
-1144
-1140
-1156
-1159
-1139
-1094
-979
-899
-860
-818
-816
-809
-811
-862
-914
-1002
-1105
-1171
-1207
-1189
-1116
-1010
-827
-618
-389
-81
233
556
850
1084
1315
1497
1606
1666
1641
1581
1472
1297
1154
1006
878
772
644
560
484
423
449
478
506
557
582
637
697
724
786
857
938
1022
1060
1119
1200
1264
1408
1566
1656
1717
1685
1603
1453
1127
785
398
-79
-551
-1080
-1602
-2053
-2427
-2601
-2651
-2690
-2637
-2531
-2410
-2237
-2086
-1935
-1786
-1715
-1651
-1637
-1707
-1727
-1719
-1628
-1493
-1440
-1345
-1208
-1047
-802
-594
-423
-253
-168
-99
-45
-64
-46
14
71
156
196
281
431
614
871
1084
1262
1447
1609
1797
1976
2077
2170
2248
2275
2299
2253
2177
2100
1957
1758
1467
1133
845
546
257
-10
-305
-553
-723
-826
-846
-880
-935
-940
-949
-978
-986
-971
-947
-956
-1009
-1044
-1059
-1044
-963
-886
-811
-761
-750
-706
-690
-734
-771
-852
-970
-1058
-1150
-1177
-1144
-1055
-860
-633
-366
-33
327
714
1042
1302
1548
1707
1792
1813
1762
1669
1530
1340
1166
992
806
641
485
374
286
218
207
195
200
224
251
319
406
473
552
685
814
972
1137
1246
1407
1558
1723
1911
1948
1961
1916
1763
1611
1275
855
469
-52
-547
-1048
-1636
-2079
-2448
-2713
-2779
-2879
-2890
-2781
-2700
-2476
-2291
-2149
-1902
-1798
-1704
-1630
-1704
-1669
-1624
-1592
-1469
-1445
-1380
-1237
-1158
-959
-766
-600
-362
-254
-149
-22
4
137
262
326
459
501
598
793
940
1143
1304
1447
1673
1824
1983
2180
2305
2475
2601
2634
2678
2630
2528
2431
2205
1905
1550
1151
795
434
92
-214
-538
-794
-967
-1089
-1116
-1116
-1091
-1086
-1151
-1180
-1163
-1159
-1136
-1136
-1185
-1212
-1223
-1192
-1133
-1080
-989
-915
-880
-866
-878
-897
-949
-1037
-1131
-1242
-1313
-1321
-1262
-1132
-975
-760
-470
-138
232
602
960
1290
1547
1733
1827
1857
1855
1777
1629
1460
1244
1018
782
569
434
311
240
210
166
177
196
225
302
361
443
546
637
802
935
1088
1275
1373
1514
1662
1851
2099
2171
2186
2158
1994
1855
1557
1154
775
230
-292
-817
-1445
-1917
-2314
-2574
-2671
-2816
-2816
-2741
-2664
-2409
-2227
-2061
-1828
-1733
-1599
-1555
-1662
-1637
-1645
-1644
-1557
-1574
-1507
-1371
-1244
-997
-817
-662
-437
-281
-118
6
89
258
386
485
576
589
658
748
841
969
1028
1101
1223
1350
1517
1675
1817
2008
2165
2285
2389
2398
2371
2288
2084
1762
1355
928
518
155
-181
-502
-764
-948
-1072
-1117
-1083
-1032
-976
-952
-1004
-1057
-1076
-1065
-1066
-1124
-1165
-1173
-1149
-1060
-966
-872
-745
-639
-558
-521
-544
-559
-604
-701
-828
-988
-1104
-1141
-1107
-989
-833
-626
-355
-54
295
652
1008
1350
1598
1762
1842
1870
1876
1809
1683
1524
1311
1109
938
769
653
543
423
309
206
155
137
173
246
294
368
474
606
809
1030
1232
1375
1448
1527
1590
1700
1845
1873
1815
1666
1467
1332
1107
801
481
22
-426
-898
-1424
-1843
-2241
-2501
-2619
-2788
-2856
-2802
-2675
-2395
-2188
-2032
-1857
-1784
-1649
-1577
-1650
-1677
-1747
-1784
-1755
-1819
-1772
-1656
-1535
-1292
-1101
-866
-557
-308
-26
174
276
443
580
710
804
775
778
805
856
998
1119
1233
1375
1527
1729
1938
2134
2339
2494
2569
2540
2425
2269
2075
1835
1550
1170
736
371
43
-221
-425
-607
-752
-884
-970
-987
-981
-993
-1023
-1094
-1171
-1218
-1196
-1132
-1095
-1074
-1022
-949
-865
-743
-604
-452
-375
-384
-441
-526
-581
-654
-786
-964
-1149
-1293
-1358
-1340
-1222
-1028
-792
-524
-208
128
500
899
1244
1523
1666
1735
1808
1829
1807
1718
1568
1405
1192
990
850
713
601
471
327
251
208
225
292
332
404
491
584
745
898
1059
1224
1267
1300
1328
1400
1615
1757
1792
1751
1603
1508
1405
1184
927
532
78
-384
-950
-1434
-1837
-2164
-2323
-2521
-2686
-2724
-2709
-2500
-2267
-2149
-2035
-2001
-1921
-1806
-1828
-1833
-1815
-1838
-1808
-1834
-1797
-1625
-1476
-1250
-1051
-901
-666
-449
-192
56
173
292
429
535
666
726
765
836
851
932
1024
1093
1214
1308
1419
1561
1679
1837
1993
2088
2161
2154
2087
2023
1877
1671
1421
1065
708
370
44
-191
-410
-612
-766
-923
-990
-991
-977
-926
-924
-958
-964
-956
-909
-861
-846
-783
-722
-662
-567
-467
-332
-215
-141
-132
-213
-307
-391
-504
-658
-873
-1105
-1241
-1313
-1305
-1201
-1044
-812
-523
-205
178
569
962
1325
1557
1719
1812
1847
1876
1831
1703
1552
1373
1182
995
834
693
572
469
369
294
261
280
314
346
415
496
559
644
727
825
919
926
918
998
1162
1369
1524
1596
1594
1542
1474
1344
1127
806
381
-99
-648
-1247
-1758
-2129
-2351
-2521
-2714
-2813
-2812
-2664
-2421
-2218
-2076
-2010
-1998
-1971
-1990
-2032
-2033
-2024
-2013
-2042
-2046
-1919
-1684
-1389
-1095
-852
-640
-443
-203
49
243
380
478
559
633
678
717
796
877
948
1001
1046
1140
1285
1432
1585
1725
1858
1995
2128
2263
2355
2376
2310
2187
2017
1760
1443
1113
775
422
67
-246
-485
-656
-779
-855
-891
-900
-884
-862
-861
-883
-897
-867
-844
-841
-802
-742
-671
-596
-519
-433
-349
-288
-245
-235
-272
-362
-472
-608
-820
-1036
-1223
-1360
-1433
-1427
-1325
-1158
-941
-674
-366
-16
360
739
1096
1341
1478
1563
1623
1636
1612
1546
1434
1303
1139
973
814
718
651
568
485
412
410
452
488
524
607
676
716
749
763
792
804
808
888
1052
1215
1388
1556
1671
1725
1663
1531
1376
1089
655
172
-366
-905
-1421
-1852
-2122
-2332
-2475
-2529
-2552
-2465
-2319
-2210
-2068
-1990
-1991
-1989
-2053
-2102
-2114
-2126
-2089
-2074
-2003
-1819
-1596
-1294
-977
-717
-435
-218
-47
161
291
429
536
561
595
604
663
778
872
980
1064
1111
1196
1286
1389
1482
1555
1669
1763
1817
1890
1982
2041
2033
1944
1810
1631
1383
1101
774
434
94
-246
-508
-697
-842
-930
-969
-990
-984
-964
-935
-876
-836
-792
-760
-735
-664
-616
-565
-482
-430
-369
-317
-280
-222
-223
-262
-311
-430
-565
-720
-891
-1035
-1183
-1288
-1320
-1299
-1200
-1024
-815
-542
-252
39
354
649
939
1171
1336
1456
1529
1574
1586
1563
1483
1362
1216
1033
887
761
639
555
484
423
396
406
471
565
650
739
788
818
825
862
939
1008
1158
1334
1487
1639
1754
1839
1838
1718
1513
1205
788
294
-236
-770
-1281
-1720
-2047
-2287
-2436
-2518
-2520
-2459
-2358
-2253
-2186
-2128
-2127
-2142
-2193
-2284
-2310
-2298
-2253
-2164
-2048
-1877
-1636
-1357
-1072
-806
-551
-329
-162
-15
71
155
266
345
425
497
602
771
937
1106
1258
1370
1463
1553
1608
1623
1612
1593
1606
1598
1598
1655
1741
1807
1789
1725
1629
1481
1290
1027
675
346
6
-345
-624
-870
-1017
-1090
-1130
-1094
-1031
-948
-816
-686
-579
-510
-475
-417
-368
-342
-307
-277
-242
-229
-215
-169
-158
-181
-212
-304
-448
-603
-758
-900
-1044
-1178
-1266
-1308
-1284
-1190
-1038
-803
-539
-270
51
366
669
960
1185
1353
1466
1524
1559
1548
1523
1465
1325
1181
1023
867
773
645
532
485
425
392
381
387
435
460
485
512
509
570
658
773
1002
1209
1412
1621
1745
1884
1939
1817
1636
1331
900
414
-158
-697
-1200
-1662
-1967
-2202
-2361
-2404
-2413
-2309
-2184
-2132
-2069
-2064
-2094
-2102
-2174
-2238
-2259
-2282
-2218
-2147
-2030
-1811
-1575
-1261
-944
-715
-483
-282
-119
11
49
90
143
178
253
336
457
646
848
1059
1251
1409
1556
1678
1761
1815
1802
1751
1733
1697
1655
1628
1623
1640
1632
1566
1485
1377
1202
963
636
298
-25
-359
-649
-896
-1074
-1137
-1139
-1089
-990
-885
-750
-599
-482
-404
-374
-369
-354
-361
-371
-379
-381
-338
-288
-250
-212
-195
-190
-201
-276
-399
-556
-726
-878
-1045
-1194
-1291
-1333
-1296
-1183
-1003
-749
-446
-107
227
557
886
1143
1351
1499
1559
1584
1556
1486
1403
1277
1134
968
799
674
547
437
355
293
273
252
253
307
349
409
472
531
610
688
787
924
1138
1386
1577
1726
1842
1904
1913
1787
1551
1223
789
327
-186
-730
-1219
-1624
-1915
-2142
-2326
-2395
-2396
-2313
-2190
-2146
-2123
-2105
-2086
-2040
-2057
-2076
-2053
-2010
-1909
-1795
-1654
-1447
-1224
-992
-807
-677
-531
-406
-302
-211
-177
-140
-60
43
177
338
534
775
1027
1268
1461
1581
1667
1722
1739
1715
1639
1564
1517
1475
1462
1487
1520
1559
1565
1498
1378
1209
987
698
349
-14
-348
-648
-906
-1110
-1224
-1237
-1172
-1038
-866
-709
-561
-399
-270
-191
-162
-163
-172
-203
-245
-260
-254
-227
-178
-134
-108
-118
-153
-215
-318
-463
-641
-832
-1022
-1197
-1309
-1349
-1305
-1187
-1020
-791
-513
-201
138
467
754
981
1156
1310
1415
1467
1469
1421
1357
1280
1169
1035
889
753
629
505
388
284
213
180
192
218
247
332
452
545
630
728
848
973
1100
1293
1471
1571
1669
1746
1774
1710
1537
1322
998
556
92
-412
-906
-1361
-1780
-2074
-2305
-2490
-2550
-2533
-2439
-2306
-2209
-2090
-1995
-1945
-1871
-1841
-1828
-1805
-1795
-1731
-1651
-1548
-1383
-1217
-1032
-852
-716
-541
-386
-283
-169
-97
-24
79
193
371
573
784
1029
1225
1401
1569
1677
1753
1782
1777
1761
1694
1637
1601
1551
1547
1558
1524
1473
1383
1258
1106
899
662
387
68
-240
-510
-736
-912
-1046
-1083
-1038
-969
-847
-703
-566
-424
-318
-244
-190
-181
-187
-203
-235
-257
-287
-287
-261
-236
-210
-208
-238
-296
-399
-529
-676
-839
-995
-1152
-1265
-1309
-1306
-1232
-1088
-902
-665
-381
-57
270
576
858
1080
1251
1374
1439
1484
1490
1443
1368
1257
1133
976
806
653
494
360
245
145
90
71
106
190
271
393
514
615
765
884
980
1086
1191
1363
1540
1646
1742
1775
1780
1742
1572
1359
1026
577
114
-435
-987
-1461
-1880
-2146
-2359
-2540
-2582
-2566
-2445
-2268
-2165
-2033
-1941
-1902
-1826
-1820
-1816
-1790
-1779
-1693
-1619
-1550
-1384
-1210
-1007
-807
-679
-520
-383
-273
-149
-98
-26
113
240
414
597
761
981
1192
1379
1561
1653
1712
1762
1744
1716
1643
1553
1518
1473
1414
1366
1311
1275
1219
1080
921
708
443
181
-120
-375
-593
-800
-940
-1039
-1064
-1001
-902
-755
-601
-470
-349
-272
-195
-104
-50
-9
10
1
9
11
0
11
-6
-24
-73
-183
-295
-445
-600
-760
-952
-1121
-1276
-1400
-1419
-1364
-1245
-1035
-796
-493
-160
135
443
731
999
1219
1348
1445
1479
1473
1432
1349
1246
1098
950
796
622
453
305
176
87
23
-18
1
32
112
249
364
495
630
744
869
967
1071
1186
1308
1499
1668
1769
1808
1764
1673
1493
1190
833
397
-124
-642
-1186
-1685
-2087
-2381
-2512
-2578
-2605
-2534
-2379
-2175
-1972
-1817
-1708
-1662
-1662
-1656
-1672
-1680
-1618
-1546
-1458
-1370
-1262
-1082
-883
-662
-451
-320
-216
-118
-35
48
94
169
281
380
523
692
891
1128
1339
1516
1642
1701
1760
1789
1778
1745
1646
1573
1525
1449
1394
1351
1308
1251
1119
926
723
500
269
27
-239
-490
-724
-895
-959
-959
-914
-822
-694
-563
-461
-354
-233
-147
-73
-53
-93
-132
-140
-125
-124
-139
-139
-143
-179
-225
-307
-432
-591
-755
-927
-1143
-1339
-1485
-1563
-1552
-1466
-1302
-1051
-743
-409
-61
259
568
847
1074
1228
1294
1306
1281
1211
1108
1014
915
836
741
648
578
496
425
342
238
156
114
100
117
180
273
388
531
689
853
1017
1154
1285
1401
1482
1569
1634
1633
1590
1457
1246
1037
788
482
117
-292
-672
-1048
-1410
-1707
-1960
-2101
-2127
-2121
-2088
-2043
-1954
-1813
-1713
-1645
-1586
-1543
-1472
-1427
-1391
-1317
-1236
-1112
-977
-880
-756
-623
-491
-363
-324
-296
-252
-247
-232
-188
-104
22
152
307
488
649
840
1039
1198
1332
1406
1445
1482
1477
1464
1457
1441
1457
1457
1443
1416
1352
1281
1165
979
757
480
190
-60
-319
-570
-770
-908
-962
-971
-933
-836
-735
-620
-506
-434
-355
-285
-229
-186
-194
-209
-199
-159
-105
-84
-76
-75
-111
-173
-292
-456
-594
-757
-950
-1118
-1284
-1404
-1417
-1355
-1226
-1048
-801
-488
-199
90
379
623
845
1001
1065
1108
1130
1110
1086
1035
984
946
890
859
816
748
682
606
553
479
379
343
320
296
342
409
504
654
821
1021
1180
1281
1401
1468
1488
1487
1416
1377
1334
1177
994
779
553
333
13
-329
-652
-991
-1271
-1541
-1784
-1947
-2104
-2158
-2132
-2125
-2056
-1961
-1852
-1715
-1637
-1570
-1458
-1349
-1214
-1110
-1031
-923
-842
-752
-664
-612
-537
-491
-470
-449
-475
-478
-458
-436
-354
-273
-173
4
192
402
617
800
992
1153
1259
1356
1425
1470
1505
1499
1512
1518
1477
1445
1380
1296
1195
1043
897
728
485
240
11
-208
-414
-619
-734
-792
-853
-844
-791
-726
-643
-584
-476
-351
-285
-200
-137
-71
-7
10
60
112
120
113
70
10
-73
-234
-393
-563
-772
-953
-1112
-1246
-1323
-1354
-1301
-1185
-1031
-820
-594
-348
-102
143
376
578
751
885
996
1083
1118
1137
1159
1151
1131
1105
1054
988
913
829
741
653
573
503
451
423
428
469
540
628
732
847
967
1099
1195
1238
1269
1287
1259
1174
1087
1012
912
764
600
418
234
55
-184
-443
-697
-975
-1216
-1433
-1628
-1792
-1922
-1971
-1988
-2007
-1988
-1941
-1854
-1737
-1634
-1522
-1407
-1272
-1137
-1026
-914
-820
-732
-636
-586
-561
-545
-539
-542
-567
-576
-559
-518
-439
-348
-241
-113
38
230
424
601
756
907
1039
1137
1218
1288
1338
1373
1400
1403
1383
1345
1308
1241
1135
1023
900
756
583
390
204
35
-121
-271
-404
-511
-571
-589
-585
-554
-517
-457
-378
-284
-189
-111
-36
33
82
105
109
98
71
25
-44
-139
-238
-335
-463
-615
-739
-847
-958
-1053
-1096
-1116
-1114
-1042
-920
-785
-629
-450
-232
-12
194
390
569
726
850
955
1039
1086
1125
1153
1163
1151
1121
1099
1083
1042
971
906
853
795
722
660
621
613
644
677
698
726
779
844
886
903
907
896
857
797
724
648
584
531
438
297
152
18
-143
-351
-564
-794
-1032
-1264
-1480
-1682
-1868
-1983
-2025
-2040
-2042
-2017
-1945
-1821
-1678
-1535
-1400
-1256
-1075
-908
-783
-696
-620
-546
-507
-499
-508
-530
-555
-573
-586
-592
-574
-521
-423
-322
-212
-73
98
280
440
567
674
774
876
984
1068
1150
1244
1335
1407
1435
1438
1435
1404
1340
1231
1076
915
745
567
382
196
47
-75
-173
-234
-280
-294
-290
-266
-243
-238
-205
-146
-82
-33
-14
10
45
64
69
48
27
1
-52
-131
-234
-342
-441
-556
-674
-776
-881
-961
-1014
-1057
-1077
-1068
-1010
-925
-824
-683
-515
-304
-89
97
281
455
607
735
829
899
947
975
989
982
982
967
980
984
936
903
882
869
842
803
777
767
767
778
795
820
854
890
918
926
912
883
830
755
651
547
493
449
372
249
101
-36
-172
-350
-550
-774
-994
-1191
-1395
-1618
-1804
-1925
-1980
-1971
-1967
-1918
-1796
-1635
-1437
-1281
-1146
-988
-841
-708
-652
-641
-628
-617
-617
-660
-714
-766
-789
-788
-775
-752
-709
-588
-434
-289
-160
-35
145
331
485
618
727
866
998
1098
1195
1273
1361
1437
1482
1499
1476
1448
1400
1303
1160
1003
855
707
564
406
259
133
28
-26
-100
-165
-193
-182
-143
-140
-140
-120
-90
-58
-34
-15
-9
-12
-39
-94
-148
-220
-279
-328
-398
-487
-569
-606
-647
-714
-802
-887
-928
-978
-1016
-1028
-1049
-1029
-964
-873
-736
-571
-399
-170
43
219
403
563
701
821
882
920
948
961
974
962
934
902
883
878
877
901
919
939
955
957
972
983
999
1024
1021
991
946
896
868
829
770
721
648
583
569
540
498
418
293
188
54
-133
-318
-525
-740
-948
-1178
-1390
-1570
-1723
-1795
-1818
-1832
-1832
-1790
-1682
-1538
-1393
-1270
-1144
-1004
-897
-832
-791
-764
-742
-740
-783
-825
-859
-884
-854
-802
-747
-700
-610
-453
-312
-171
-3
178
355
496
600
709
834
941
1027
1076
1102
1132
1141
1172
1201
1187
1164
1141
1109
1057
973
884
812
708
572
427
297
193
97
25
-34
-96
-135
-137
-124
-105
-87
-61
-25
-7
-14
-30
-34
-36
-64
-111
-161
-223
-273
-324
-365
-422
-482
-517
-563
-632
-695
-748
-801
-845
-897
-915
-919
-912
-862
-796
-691
-536
-373
-182
9
173
322
473
632
766
855
895
935
966
968
974
968
941
915
898
889
895
903
917
941
941
953
962
959
981
963
926
903
871
852
804
745
702
642
592
512
400
290
153
30
-124
-327
-516
-696
-890
-1076
-1253
-1430
-1569
-1669
-1705
-1722
-1744
-1722
-1699
-1638
-1520
-1413
-1299
-1209
-1142
-1064
-1026
-979
-932
-891
-856
-866
-868
-854
-829
-771
-697
-642
-576
-488
-377
-252
-128
-6
129
266
394
503
611
747
855
942
1025
1094
1167
1220
1257
1288
1315
1314
1296
1272
1217
1163
1087
1015
916
787
666
549
430
315
218
146
96
38
-1
-19
-43
-30
-12
-4
-4
-17
-30
-63
-90
-110
-157
-223
-281
-335
-390
-429
-456
-482
-532
-578
-632
-690
-744
-803
-849
-884
-932
-960
-928
-905
-854
-769
-641
-471
-334
-175
-7
141
292
408
512
612
663
686
714
745
776
810
831
844
845
866
902
928
930
932
943
955
964
939
934
930
941
950
916
913
909
886
857
789
745
706
625
531
391
249
97
-110
-302
-487
-693
-847
-994
-1183
-1351
-1477
-1520
-1517
-1518
-1494
-1490
-1478
-1410
-1331
-1269
-1214
-1189
-1153
-1132
-1129
-1085
-1044
-1007
-982
-973
-949
-920
-885
-803
-738
-702
-657
-585
-471
-354
-226
-66
99
263
422
564
717
886
1026
1127
1183
1240
1286
1277
1277
1286
1276
1247
1196
1156
1130
1076
1035
988
894
779
667
585
481
343
252
177
122
106
88
97
104
100
122
140
113
71
19
-41
-121
-239
-340
-435
-501
-559
-650
-715
-751
-772
-772
-802
-824
-823
-848
-859
-872
-898
-888
-873
-835
-759
-666
-532
-384
-235
-78
50
166
298
394
483
554
563
584
604
617
662
680
704
758
781
812
837
861
896
871
852
851
806
786
757
729
729
704
725
772
757
773
807
770
729
696
666
619
486
336
189
-23
-251
-473
-679
-862
-1040
-1178
-1315
-1464
-1515
-1479
-1453
-1393
-1356
-1330
-1268
-1219
-1147
-1093
-1088
-1055
-1023
-1035
-1040
-1030
-989
-962
-939
-882
-829
-780
-721
-666
-619
-566
-510
-419
-319
-222
-94
53
213
385
537
690
856
1002
1132
1216
1248
1280
1302
1324
1350
1353
1364
1363
1350
1320
1273
1245
1214
1126
1007
878
735
603
470
360
270
187
110
83
91
88
97
122
133
101
59
-5
-82
-159
-263
-372
-496
-625
-714
-786
-865
-928
-966
-988
-1022
-1059
-1074
-1093
-1116
-1141
-1136
-1111
-1089
-1041
-968
-879
-771
-635
-488
-313
-126
23
170
307
414
502
554
580
604
602
606
609
602
633
681
732
782
814
845
896
926
931
944
933
913
899
876
855
850
860
905
940
924
929
928
877
843
807
724
592
410
212
15
-209
-427
-610
-782
-955
-1112
-1216
-1308
-1371
-1359
-1316
-1305
-1267
-1218
-1176
-1115
-1050
-981
-931
-906
-880
-861
-864
-871
-870
-850
-849
-863
-829
-811
-821
-782
-732
-686
-611
-517
-388
-260
-137
34
215
371
533
688
838
942
1035
1145
1203
1234
1252
1256
1272
1284
1291
1301
1279
1257
1235
1185
1137
1051
937
806
628
466
317
168
71
-12
-79
-104
-112
-95
-69
-62
-30
-20
-45
-89
-182
-266
-364
-483
-592
-732
-843
-902
-964
-1002
-1032
-1053
-1064
-1088
-1097
-1104
-1120
-1117
-1116
-1108
-1071
-1019
-930
-789
-626
-444
-257
-78
112
263
397
529
635
699
703
693
682
672
664
673
677
686
723
784
847
873
895
921
910
886
861
828
808
793
787
788
789
828
893
939
966
981
981
957
860
746
652
499
338
140
-96
-286
-458
-612
-755
-913
-1019
-1092
-1168
-1207
-1239
-1234
-1163
-1111
-1061
-1032
-1018
-937
-871
-829
-791
-778
-762
-766
-797
-796
-799
-785
-751
-763
-772
-782
-777
-700
-622
-556
-470
-390
-281
-166
-62
100
266
427
576
639
702
806
896
988
1040
1063
1122
1186
1245
1277
1286
1312
1315
1269
1185
1064
955
844
674
475
279
102
-10
-65
-122
-176
-192
-137
-58
-14
23
49
48
16
-78
-206
-314
-404
-486
-609
-758
-884
-947
-958
-989
-1007
-1002
-1005
-1015
-1055
-1123
-1181
-1172
-1140
-1130
-1115
-1059
-938
-773
-604
-425
-231
-27
201
391
530
636
729
823
863
838
801
797
806
805
791
798
816
868
919
918
914
913
925
921
899
857
836
850
850
847
848
860
940
1006
1012
1009
974
948
861
705
553
408
274
114
-86
-276
-453
-599
-717
-849
-974
-1081
-1159
-1231
-1290
-1328
-1331
-1261
-1197
-1147
-1096
-1052
-942
-828
-717
-646
-623
-589
-586
-600
-630
-649
-658
-687
-734
-802
-842
-838
-775
-665
-569
-477
-377
-269
-130
22
171
315
422
502
567
637
735
841
956
1046
1088
1138
1201
1252
1320
1350
1311
1228
1089
926
761
584
419
243
62
-87
-192
-223
-214
-181
-126
-79
-14
51
84
96
99
61
-14
-114
-227
-308
-392
-477
-553
-656
-746
-802
-828
-839
-874
-917
-967
-1032
-1089
-1128
-1145
-1140
-1129
-1091
-1029
-937
-769
-568
-357
-126
95
282
439
593
737
850
932
977
965
924
883
864
836
791
756
721
696
697
712
738
758
784
810
818
824
832
857
884
912
926
928
935
949
978
985
963
919
844
743
620
497
375
233
79
-93
-283
-462
-613
-749
-892
-1029
-1140
-1232
-1295
-1302
-1268
-1225
-1170
-1103
-1024
-953
-862
-747
-637
-557
-517
-508
-514
-517
-515
-534
-574
-621
-683
-745
-798
-808
-780
-746
-699
-652
-604
-530
-425
-284
-147
-40
72
195
329
466
590
706
814
920
1014
1091
1142
1182
1216
1209
1142
1037
899
746
584
418
247
90
-30
-132
-201
-229
-215
-177
-123
-65
-8
55
112
162
171
133
63
-14
-88
-172
-259
-346
-415
-482
-549
-618
-668
-693
-738
-786
-845
-905
-950
-995
-1024
-1041
-1036
-984
-899
-774
-620
-455
-252
-34
179
375
548
703
839
930
980
984
960
935
898
852
813
770
727
702
683
680
686
694
714
709
694
692
677
668
673
682
698
721
753
794
829
871
898
891
868
792
694
590
451
319
165
-6
-144
-287
-419
-542
-680
-789
-912
-1036
-1112
-1194
-1238
-1242
-1269
-1252
-1228
-1177
-1058
-955
-830
-682
-565
-455
-378
-335
-308
-322
-351
-408
-512
-604
-688
-741
-751
-779
-780
-765
-749
-670
-588
-498
-379
-289
-192
-101
-22
104
238
374
507
614
741
869
979
1089
1165
1198
1217
1163
1060
949
811
685
531
359
203
66
-29
-73
-78
-58
-11
41
104
161
197
241
266
260
211
126
41
-50
-145
-238
-331
-414
-480
-547
-595
-644
-680
-704
-753
-814
-874
-925
-958
-974
-979
-952
-915
-830
-695
-566
-390
-192
4
194
364
538
699
822
925
1002
1028
1024
996
958
915
854
822
780
726
688
640
600
573
564
566
555
556
577
588
610
648
694
742
765
806
852
870
895
893
868
831
752
637
519
392
260
117
-27
-136
-268
-421
-554
-678
-782
-893
-1012
-1101
-1184
-1248
-1270
-1303
-1313
-1267
-1196
-1099
-1000
-882
-765
-673
-579
-504
-466
-442
-450
-482
-530
-647
-731
-777
-838
-858
-865
-842
-803
-775
-716
-656
-593
-499
-405
-317
-194
-82
55
216
357
517
654
783
914
1012
1082
1099
1079
1045
951
844
744
615
509
415
305
219
151
126
144
169
220
261
290
307
302
298
279
244
189
130
58
-7
-71
-121
-166
-205
-248
-312
-363
-419
-473
-521
-578
-629
-693
-757
-787
-788
-741
-680
-618
-529
-413
-280
-123
45
197
329
434
559
655
739
810
849
880
883
882
874
835
784
743
671
598
529
461
411
360
338
335
328
326
345
368
403
449
492
526
560
597
625
652
660
650
625
594
545
460
362
258
143
31
-90
-204
-294
-405
-508
-601
-721
-815
-901
-994
-1060
-1114
-1150
-1170
-1176
-1154
-1111
-1037
-932
-840
-737
-629
-552
-477
-438
-436
-439
-491
-563
-626
-704
-766
-805
-825
-817
-797
-765
-720
-673
-610
-548
-471
-386
-310
-202
-86
36
179
337
483
634
784
897
1005
1082
1123
1136
1109
1055
976
890
794
716
642
572
528
499
464
457
460
455
451
434
406
358
314
264
203
150
91
34
-23
-81
-121
-159
-192
-223
-278
-342
-404
-466
-526
-581
-641
-701
-754
-803
-817
-802
-765
-712
-638
-557
-469
-351
-235
-109
25
133
240
359
466
575
669
736
787
815
833
833
813
772
702
630
545
469
405
343
315
307
309
310
326
353
390
427
466
505
547
591
609
629
634
629
617
579
527
459
372
272
171
44
-96
-230
-358
-435
-498
-550
-612
-678
-734
-809
-893
-981
-1042
-1083
-1106
-1106
-1097
-1060
-993
-889
-754
-628
-514
-400
-311
-257
-230
-241
-271
-317
-377
-455
-542
-601
-616
-595
-577
-571
-567
-566
-558
-528
-485
-435
-366
-286
-193
-99
13
162
330
488
624
738
824
885
933
958
925
856
778
702
643
593
562
554
551
553
554
570
608
631
643
617
545
464
377
298
228
157
74
-9
-74
-113
-151
-184
-209
-239
-286
-347
-407
-475
-535
-576
-617
-650
-670
-683
-659
-602
-542
-476
-406
-353
-300
-238
-173
-115
-48
32
103
195
290
392
499
576
638
669
658
618
552
481
397
299
224
156
98
82
90
111
159
213
270
327
380
430
465
499
517
537
554
546
552
541
516
488
445
378
294
203
101
-3
-102
-185
-277
-330
-365
-409
-428
-471
-517
-569
-647
-719
-788
-843
-868
-873
-854
-818
-767
-679
-563
-457
-361
-298
-255
-237
-262
-276
-322
-376
-440
-524
-574
-630
-636
-606
-583
-543
-529
-513
-473
-430
-347
-245
-153
-62
26
125
232
358
503
634
731
787
800
804
805
801
795
769
723
664
621
589
583
594
598
581
549
501
446
420
393
367
322
248
173
93
21
-24
-44
-84
-132
-187
-242
-288
-319
-334
-364
-408
-470
-518
-543
-561
-535
-497
-468
-432
-395
-358
-314
-273
-239
-215
-210
-202
-197
-177
-133
-75
9
87
150
218
280
341
392
417
411
374
312
255
208
170
146
127
119
125
145
190
255
319
384
430
452
472
489
510
518
520
508
496
485
464
464
452
435
399
336
268
187
92
4
-77
-162
-218
-271
-309
-327
-350
-362
-394
-433
-480
-530
-572
-630
-642
-653
-656
-637
-619
-576
-522
-461
-411
-371
-366
-373
-399
-430
-452
-487
-511
-537
-559
-558
-554
-536
-523
-505
-469
-430
-384
-319
-235
-145
-32
63
162
272
357
450
528
591
647
681
695
691
679
670
639
619
602
570
581
584
578
598
593
571
556
524
484
427
357
291
203
111
24
-63
-125
-178
-227
-255
-293
-333
-363
-413
-446
-469
-501
-517
-544
-557
-534
-502
-437
-374
-323
-253
-202
-152
-96
-62
-27
8
22
33
51
69
99
122
155
186
213
244
250
250
240
206
180
154
116
98
94
105
143
178
225
278
328
386
427
456
482
485
478
462
433
420
418
409
408
403
393
383
352
320
271
203
132
43
-43
-105
-157
-195
-220
-257
-292
-325
-334
-332
-338
-343
-380
-419
-452
-491
-505
-527
-525
-499
-509
-508
-509
-536
-537
-534
-544
-562
-596
-622
-619
-639
-640
-600
-581
-542
-498
-478
-427
-405
-360
-297
-272
-209
-162
-114
-34
39
117
209
294
386
476
533
592
628
646
649
627
631
630
619
620
622
636
645
652
669
679
679
681
662
600
542
482
407
341
247
158
78
-11
-59
-105
-145
-181
-236
-284
-318
-349
-368
-374
-391
-418
-441
-452
-448
-429
-388
-351
-328
-296
-267
-236
-198
-175
-151
-133
-139
-139
-136
-136
-113
-104
-109
-109
-120
-121
-120
-123
-123
-112
-106
-95
-69
-41
1
59
112
174
240
285
334
377
397
430
465
489
506
526
543
545
551
554
545
523
483
436
385
323
258
195
127
60
0
-50
-85
-115
-128
-141
-162
-182
-207
-247
-283
-310
-345
-353
-365
-372
-363
-355
-342
-338
-333
-340
-360
-384
-430
-474
-521
-562
-579
-572
-560
-531
-493
-464
-410
-354
-297
-228
-153
-89
-32
18
62
122
186
238
290
332
356
374
399
414
420
421
402
375
344
320
298
293
298
289
286
287
301
331
368
389
397
394
371
348
318
273
224
160
80
7
-58
-113
-152
-185
-218
-254
-295
-330
-351
-355
-365
-382
-415
-449
-473
-483
-457
-420
-373
-323
-268
-210
-160
-113
-74
-45
-29
-34
-46
-73
-100
-116
-128
-127
-128
-123
-107
-91
-76
-57
-50
-58
-58
-62
-55
-38
-7
29
67
111
159
213
268
324
391
460
516
561
609
640
667
698
699
692
672
640
615
575
516
457
392
326
264
212
162
116
85
38
1
-21
-42
-63
-81
-94
-112
-136
-164
-189
-219
-248
-275
-306
-339
-385
-422
-456
-492
-509
-533
-566
-591
-609
-616
-611
-604
-576
-551
-530
-480
-430
-362
-292
-217
-133
-85
-36
16
57
102
129
158
184
184
205
218
225
232
231
241
245
246
251
253
262
280
296
314
324
323
338
358
369
386
381
341
296
255
222
189
148
91
21
-44
-91
-128
-156
-177
-203
-239
-276
-315
-345
-357
-367
-375
-398
-409
-413
-406
-357
-313
-262
-194
-151
-108
-61
-33
-7
13
9
-6
-30
-50
-74
-96
-116
-151
-167
-172
-191
-189
-181
-189
-179
-165
-154
-128
-100
-66
-22
35
106
185
269
342
401
462
518
569
609
641
655
662
660
649
630
598
563
518
464
413
355
295
244
187
138
85
33
-4
-46
-64
-73
-83
-66
-60
-48
-36
-36
-40
-56
-74
-105
-135
-157
-209
-268
-322
-393
-456
-490
-523
-544
-555
-568
-565
-544
-518
-489
-452
-422
-387
-345
-296
-228
-171
-107
-41
3
62
113
150
191
220
238
243
230
197
167
131
88
60
35
10
-11
-11
-3
6
37
61
78
103
121
139
156
162
160
147
131
121
103
78
51
10
-32
-68
-98
-113
-130
-150
-163
-190
-221
-234
-247
-255
-243
-231
-227
-210
-178
-136
-79
-24
16
51
80
88
95
114
116
98
70
30
-23
-67
-105
-131
-167
-202
-225
-258
-277
-276
-282
-285
-289
-280
-247
-219
-164
-100
-33
44
126
219
309
416
509
600
690
752
807
840
857
858
841
815
775
721
672
621
549
487
430
362
305
259
206
157
110
57
6
-38
-72
-83
-77
-70
-49
-34
-27
-18
-28
-49
-71
-107
-166
-224
-288
-358
-436
-516
-593
-679
-745
-771
-782
-770
-733
-694
-658
-620
-579
-524
-450
-368
-270
-169
-86
-9
59
116
164
207
239
267
281
267
254
219
173
137
92
48
7
-26
-56
-74
-87
-100
-102
-107
-108
-95
-80
-63
-41
-32
-26
-17
-14
-8
5
20
28
32
43
40
38
42
26
10
-17
-62
-88
-123
-156
-163
-174
-179
-169
-152
-116
-66
-1
75
139
199
237
256
279
272
255
231
181
131
75
10
-48
-104
-152
-189
-226
-256
-273
-277
-271
-271
-257
-236
-215
-179
-141
-86
-29
28
104
171
234
308
375
431
486
541
590
637
666
685
698
693
676
660
632
593
554
510
457
395
339
280
224
176
126
88
62
45
41
44
52
65
76
83
88
84
74
54
7
-52
-120
-204
-290
-379
-465
-553
-635
-705
-764
-801
-822
-825
-805
-773
-735
-671
-592
-513
-412
-315
-225
-132
-49
23
85
137
175
196
197
182
154
131
94
49
15
-32
-76
-118
-158
-178
-205
-220
-217
-227
-227
-223
-219
-203
-187
-174
-143
-122
-99
-71
-49
-20
6
38
63
76
99
111
113
116
102
75
38
-12
-59
-101
-148
-183
-214
-230
-232
-220
-184
-127
-62
7
82
158
227
288
331
362
371
361
335
297
266
219
170
132
79
34
3
-26
-38
-48
-62
-72
-75
-72
-66
-48
-10
26
73
127
176
228
286
355
422
482
542
596
629
660
687
707
713
710
704
689
665
624
567
504
429
355
290
228
175
120
67
26
-4
-20
-23
-4
15
20
26
27
19
5
-19
-61
-119
-185
-255
-328
-412
-502
-583
-654
-727
-784
-818
-838
-842
-836
-819
-775
-720
-657
-579
-493
-412
-339
-260
-190
-129
-76
-31
-3
-7
-19
-37
-75
-122
-168
-219
-279
-337
-384
-420
-450
-467
-468
-456
-448
-433
-397
-348
-295
-230
-168
-112
-48
17
90
159
217
266
328
378
412
442
461
462
449
423
383
332
279
234
190
134
75
30
-4
-25
-25
-9
18
52
99
159
222
279
339
396
439
467
490
505
505
489
462
421
367
307
249
198
145
88
39
-14
-74
-116
-144
-171
-190
-196
-193
-172
-144
-113
-70
-22
28
78
130
173
203
241
278
317
352
379
405
415
422
414
388
355
311
269
223
178
120
64
13
-41
-83
-112
-126
-132
-135
-129
-118
-105
-84
-73
-65
-62
-72
-100
-145
-196
-251
-313
-383
-453
-519
-571
-612
-638
-659
-668
-666
-656
-644
-618
-580
-539
-481
-422
-346
-271
-195
-105
-27
42
92
132
156
158
151
132
107
78
30
-31
-93
-157
-210
-247
-270
-286
-281
-258
-233
-203
-163
-112
-61
-13
39
90
140
194
250
297
329
358
388
411
431
445
452
455
436
403
348
282
213
145
78
6
-46
-85
-108
-116
-118
-102
-65
-15
40
110
178
244
310
366
405
431
459
473
470
454
421
383
344
301
249
190
126
63
-16
-102
-181
-248
-296
-337
-367
-387
-402
-390
-364
-324
-270
-205
-127
-46
34
108
171
226
259
274
278
274
274
286
303
309
303
287
260
212
162
116
68
15
-45
-101
-162
-205
-235
-251
-251
-242
-211
-163
-106
-56
-14
9
14
-8
-43
-82
-132
-185
-245
-311
-382
-436
-460
-477
-483
-479
-487
-488
-478
-464
-434
-394
-339
-292
-238
-178
-123
-57
11
69
102
134
155
157
161
154
129
85
32
-35
-109
-168
-210
-237
-244
-236
-214
-181
-133
-86
-43
8
47
76
104
118
139
171
204
241
289
341
388
439
480
502
518
511
485
448
395
325
248
178
107
44
-4
-49
-73
-73
-67
-48
-9
37
85
135
180
205
225
239
239
246
248
254
259
255
262
251
240
222
187
134
67
-7
-95
-168
-239
-303
-349
-398
-438
-452
-451
-431
-389
-335
-286
-245
-212
-186
-161
-127
-86
-41
7
52
92
115
141
149
158
177
171
167
152
121
89
49
-8
-65
-128
-185
-217
-238
-236
-227
-212
-187
-158
-118
-67
-4
59
115
149
160
146
112
69
20
-19
-47
-77
-101
-128
-153
-173
-182
-182
-180
-160
-139
-103
-65
-41
-23
-9
6
31
78
119
152
174
168
151
120
74
33
-14
-67
-110
-156
-194
-216
-237
-231
-213
-178
-122
-66
-2
52
100
133
141
153
154
149
153
148
145
154
178
212
257
306
349
385
414
426
423
406
371
326
268
201
134
76
19
-18
-54
-77
-84
-83
-64
-46
-28
-21
-25
-33
-53
-68
-75
-74
-68
-59
-50
-37
-22
-23
-29
-50
-82
-110
-153
-203
-266
-339
-400
-451
-477
-488
-481
-452
-432
-402
-377
-359
-332
-313
-282
-241
-203
-146
-95
-34
35
90
148
195
237
271
302
325
336
325
305
274
236
204
157
124
87
57
52
44
60
75
100
124
142
147
139
131
111
101
77
64
55
40
37
28
24
20
19
22
21
16
3
-9
-20
-31
-28
-24
-18
3
23
39
60
78
76
75
51
18
-10
-47
-78
-117
-152
-184
-210
-232
-243
-246
-249
-238
-228
-211
-190
-162
-130
-87
-42
-11
29
54
68
87
98
110
122
135
146
162
183
203
222
242
262
266
272
257
233
204
169
141
112
97
82
74
77
66
56
38
11
0
-16
-19
-32
-52
-71
-105
-132
-157
-174
-177
-170
-149
-118
-97
-80
-63
-58
-54
-65
-82
-106
-134
-170
-225
-275
-328
-375
-391
-406
-387
-361
-339
-307
-290
-265
-247
-230
-210
-186
-154
-121
-75
-29
14
60
106
153
212
269
316
349
360
363
353
335
321
305
285
271
262
249
242
231
209
191
163
136
116
95
71
36
2
-27
-39
-41
-30
-14
0
21
37
49
73
95
114
138
158
184
206
231
264
285
305
317
308
291
265
234
189
130
60
-29
-107
-186
-256
-298
-333
-360
-367
-375
-370
-343
-302
-239
-184
-139
-95
-63
-24
17
59
91
104
107
105
102
102
98
88
74
54
35
32
35
50
59
56
54
31
20
21
18
30
33
31
28
9
7
-1
-18
-23
-43
-58
-73
-96
-112
-141
-177
-199
-212
-224
-227
-231
-237
-245
-243
-248
-260
-267
-287
-305
-314
-336
-359
-378
-409
-427
-437
-440
-426
-408
-389
-365
-336
-298
-261
-221
-174
-140
-107
-82
-56
-24
13
60
105
146
187
221
261
309
337
358
360
357
359
365
375
380
387
394
415
447
475
487
488
478
454
429
399
359
330
304
284
263
240
230
229
237
244
240
250
258
264
278
280
280
282
282
279
277
283
277
263
236
189
132
78
17
-52
-117
-195
-273
-333
-390
-432
-458
-481
-488
-484
-469
-435
-394
-341
-284
-231
-182
-146
-117
-96
-83
-82
-79
-74
-79
-89
-107
-131
-148
-166
-185
-199
-214
-229
-232
-228
-230
-217
-204
-199
-177
-158
-143
-105
-67
-34
-2
21
37
54
76
86
90
83
61
37
10
-16
-40
-63
-88
-121
-145
-154
-170
-177
-174
-180
-183
-179
-171
-158
-146
-141
-135
-130
-127
-121
-110
-102
-96
-92
-83
-84
-75
-59
-50
-32
-19
-9
2
9
21
27
37
56
87
122
159
198
239
267
295
328
352
374
398
424
441
455
468
474
472
464
460
453
435
421
396
367
338
303
264
220
172
126
87
50
18
-4
-19
-24
-18
-5
13
28
56
89
106
132
152
156
161
168
163
137
107
67
14
-39
-100
-170
-248
-336
-417
-487
-547
-581
-593
-591
-575
-533
-489
-447
-387
-328
-269
-212
-170
-127
-94
-69
-39
-13
4
14
15
5
-10
-34
-59
-86
-117
-140
-158
-166
-159
-150
-125
-110
-95
-61
-28
7
42
78
114
162
208
239
259
259
256
232
207
183
148
107
58
13
-23
-67
-100
-121
-146
-159
-173
-188
-189
-192
-188
-191
-202
-203
-204
-201
-197
-185
-172
-168
-153
-136
-116
-84
-61
-37
-16
-4
3
1
-6
-22
-32
-43
-48
-32
-10
15
47
77
105
134
160
185
218
254
282
309
325
342
373
399
415
431
440
450
467
478
488
487
470
444
415
381
339
298
258
212
179
151
133
121
110
94
79
70
58
51
46
36
32
33
29
29
21
13
4
-15
-40
-74
-119
-174
-232
-292
-355
-405
-453
-500
-534
-566
-590
-592
-582
-556
-525
-488
-444
-405
-373
-341
-302
-263
-227
-196
-173
-157
-139
-127
-116
-101
-84
-65
-46
-38
-27
-11
-7
-1
7
6
6
11
23
37
54
83
117
147
185
224
261
295
318
325
319
300
271
231
182
126
75
29
-17
-50
-78
-106
-129
-147
-153
-153
-147
-129
-108
-92
-75
-61
-53
-54
-54
-55
-54
-48
-42
-37
-24
-9
5
15
14
5
-1
-17
-35
-52
-64
-74
-84
-82
-70
-42
1
54
108
158
206
243
270
301
324
352
372
380
397
410
425
438
439
434
431
427
427
421
410
384
351
304
242
186
124
68
19
-31
-70
-98
-118
-132
-129
-132
-131
-132
-138
-138
-140
-147
-159
-166
-181
-193
-199
-200
-200
-204
-219
-252
-296
-347
-406
-457
-508
-547
-570
-580
-560
-529
-481
-419
-352
-284
-226
-161
-98
-42
13
47
65
72
74
63
61
68
70
72
75
75
76
78
81
83
76
71
59
50
49
46
61
76
100
133
160
199
248
293
339
367
373
366
347
311
271
218
165
117
70
47
16
-10
-34
-62
-83
-106
-126
-134
-145
-147
-153
-164
-165
-165
-146
-125
-101
-75
-68
-56
-50
-44
-32
-30
-26
-39
-57
-74
-85
-91
-104
-108
-116
-130
-136
-150
-146
-138
-123
-89
-56
-18
21
57
86
114
144
159
185
208
235
274
296
325
348
357
383
398
413
420
397
364
306
234
172
110
58
24
5
-4
-4
-2
5
15
24
20
3
-19
-47
-72
-103
-130
-158
-179
-194
-199
-186
-180
-172
-173
-198
-226
-269
-322
-371
-418
-456
-478
-481
-477
-449
-400
-351
-293
-235
-197
-161
-124
-105
-80
-59
-43
-24
-7
7
29
48
63
83
96
119
140
159
176
181
184
169
141
114
91
81
80
93
122
155
191
229
270
312
354
394
413
410
392
353
304
240
173
108
36
-22
-69
-113
-135
-149
-163
-166
-165
-160
-151
-155
-164
-166
-177
-178
-170
-157
-122
-93
-59
-22
0
32
57
67
72
54
35
11
-24
-59
-104
-156
-195
-222
-235
-233
-222
-208
-196
-175
-146
-112
-83
-51
-4
52
102
155
197
234
278
313
349
379
415
457
489
517
532
530
515
487
443
388
315
240
170
97
34
-21
-70
-110
-149
-170
-181
-198
-209
-217
-225
-238
-252
-255
-256
-241
-215
-190
-160
-136
-127
-131
-152
-180
-221
-278
-346
-414
-476
-529
-572
-598
-617
-615
-592
-553
-485
-419
-347
-269
-210
-160
-112
-72
-29
14
55
92
126
159
196
238
278
311
338
357
366
376
374
354
334
310
280
266
260
268
297
333
366
400
433
460
479
494
487
463
424
367
307
233
162
98
38
-13
-58
-86
-106
-113
-114
-128
-137
-147
-162
-172
-179
-182
-180
-168
-157
-136
-104
-70
-30
2
27
26
16
-2
-29
-58
-99
-137
-174
-208
-224
-233
-229
-221
-217
-223
-236
-237
-235
-230
-220
-218
-207
-184
-159
-120
-70
-19
35
86
134
176
216
263
302
331
349
354
358
344
323
297
249
202
155
96
45
-2
-44
-78
-109
-131
-163
-188
-211
-235
-243
-254
-257
-247
-236
-212
-170
-124
-74
-35
-5
28
48
54
39
4
-43
-105
-166
-221
-283
-331
-361
-385
-390
-381
-351
-308
-260
-206
-160
-117
-68
-21
26
71
106
144
178
210
245
271
291
321
342
351
358
352
347
339
317
299
273
253
235
214
215
220
226
248
263
279
295
308
323
320
299
266
218
162
95
26
-38
-94
-137
-172
-190
-191
-183
-174
-169
-168
-175
-188
-202
-202
-190
-179
-158
-136
-112
-85
-65
-46
-29
-34
-45
-59
-79
-100
-123
-148
-173
-200
-232
-253
-264
-271
-274
-269
-258
-244
-224
-211
-194
-179
-159
-126
-98
-60
-25
19
79
139
197
248
304
346
375
386
380
375
357
339
318
281
248
207
171
135
97
70
40
8
-30
-67
-84
-103
-116
-117
-117
-96
-75
-62
-41
-23
-2
24
46
53
48
45
40
30
15
-25
-69
-131
-215
-290
-357
-421
-475
-508
-524
-515
-480
-443
-397
-346
-294
-238
-175
-121
-80
-40
2
49
87
128
164
199
233
265
295
310
318
307
294
271
232
192
148
131
135
142
166
194
228
260
288
316
338
358
365
365
361
349
328
304
278
229
189
149
86
25
-36
-85
-109
-124
-146
-169
-172
-176
-190
-204
-214
-201
-187
-164
-122
-89
-51
-12
22
32
29
20
-6
-19
-53
-101
-130
-152
-184
-213
-238
-263
-280
-293
-319
-335
-335
-341
-336
-317
-298
-287
-244
-201
-170
-122
-73
-9
64
131
183
240
293
335
377
397
393
385
356
321
283
230
184
145
107
74
30
-8
-31
-59
-85
-113
-126
-131
-133
-122
-115
-97
-72
-51
-26
2
23
46
61
76
83
65
65
65
28
-8
-49
-105
-150
-201
-247
-291
-320
-343
-366
-370
-372
-367
-343
-312
-277
-230
-172
-115
-50
9
63
116
165
205
236
267
287
308
321
322
323
315
306
297
281
266
246
220
206
195
189
190
195
204
210
215
224
227
234
241
235
224
203
172
140
108
89
67
44
24
-1
-32
-61
-82
-96
-107
-126
-143
-166
-188
-210
-226
-231
-236
-229
-212
-199
-190
-191
-186
-180
-180
-172
-173
-183
-193
-211
-230
-246
-262
-264
-259
-262
-258
-245
-237
-219
-186
-147
-116
-84
-42
-18
15
50
84
127
154
175
197
216
231
250
261
259
259
248
231
203
166
137
116
108
94
76
59
31
14
11
-2
-9
-11
-23
-50
-74
-98
-108
-103
-91
-64
-45
-36
-27
-11
14
33
57
62
41
18
-19
-50
-86
-121
-154
-181
-208
-232
-245
-265
-267
-257
-243
-219
-203
-177
-147
-111
-58
-15
32
73
108
153
181
201
223
240
251
253
255
251
244
243
230
228
225
217
216
203
201
202
218
243
261
287
308
324
336
326
300
266
222
184
133
79
38
-2
-35
-56
-72
-74
-66
-48
-30
-20
-22
-29
-43
-59
-78
-102
-119
-139
-148
-146
-156
-156
-161
-166
-171
-189
-208
-233
-256
-274
-292
-304
-305
-302
-295
-286
-271
-260
-259
-257
-253
-254
-251
-241
-239
-233
-228
-217
-193
-170
-142
-117
-86
-54
-19
23
57
82
105
124
130
136
132
115
94
76
68
50
39
31
30
38
47
59
63
67
73
75
73
63
50
38
28
22
27
42
49
61
81
99
121
129
130
120
102
85
56
31
10
-14
-37
-61
-72
-84
-87
-92
-93
-81
-68
-50
-31
-9
17
45
71
101
133
167
200
227
248
266
280
288
291
287
275
261
241
223
212
210
207
206
213
218
222
229
238
245
255
264
259
248
229
207
184
160
140
116
85
54
17
-10
-33
-61
-86
-110
-139
-165
-193
-228
-258
-279
-295
-301
-307
-316
-328
-344
-360
-369
-374
-382
-389
-396
-402
-414
-424
-426
-425
-419
-408
-399
-391
-379
-367
-356
-339
-322
-300
-270
-245
-220
-197
-179
-155
-125
-92
-56
-20
8
31
55
77
93
110
129
142
158
175
179
185
184
184
195
205
219
230
233
236
234
238
249
260
272
277
276
275
272
264
264
268
279
288
289
289
281
274
261
245
230
211
195
183
165
135
98
61
32
13
-3
-9
-21
-36
-46
-52
-42
-35
-21
-7
4
14
22
31
43
54
63
70
75
68
64
49
29
13
-2
-1
-2
-1
-2
-19
-41
-71
-91
-94
-94
-77
-62
-56
-37
-22
2
21
34
46
48
50
50
47
39
27
15
-1
-14
-29
-51
-85
-134
-174
-214
-241
-256
-274
-287
-306
-324
-328
-336
-339
-330
-318
-303
-293
-281
-273
-269
-251
-235
-216
-203
-191
-185
-184
-188
-200
-207
-203
-190
-166
-144
-128
-120
-122
-125
-129
-117
-100
-76
-40
-1
47
86
121
156
181
210
231
246
258
263
266
261
261
265
269
287
295
303
306
302
297
293
298
305
312
332
337
333
326
299
271
228
192
157
134
127
122
117
118
123
124
131
137
142
152
148
131
114
73
36
2
-30
-41
-63
-71
-76
-84
-76
-77
-80
-84
-97
-111
-131
-154
-175
-189
-205
-198
-181
-163
-129
-107
-94
-82
-83
-93
-94
-96
-92
-90
-91
-94
-113
-125
-133
-135
-126
-107
-83
-56
-26
-3
26
43
45
48
51
50
39
26
11
-8
-22
-31
-38
-36
-32
-25
-28
-32
-36
-50
-57
-63
-69
-78
-94
-102
-110
-117
-119
-130
-144
-159
-181
-195
-206
-216
-214
-214
-204
-201
-200
-192
-195
-193
-191
-191
-187
-181
-178
-173
-164
-145
-129
-106
-76
-40
4
43
79
109
138
172
200
228
251
260
269
277
288
308
313
319
325
319
324
315
318
335
350
371
385
397
401
392
387
377
358
347
324
293
261
215
180
141
110
99
93
102
96
84
65
39
23
1
-12
-29
-61
-90
-116
-151
-178
-200
-218
-222
-218
-211
-220
-227
-230
-239
-238
-242
-237
-223
-217
-211
-211
-217
-223
-224
-213
-199
-187
-171
-163
-149
-142
-140
-127
-129
-137
-135
-129
-123
-111
-95
-83
-77
-56
-32
-12
10
24
35
35
38
42
37
27
17
-1
-16
-32
-45
-53
-61
-65
-76
-79
-63
-52
-38
-29
-38
-50
-57
-60
-58
-48
-41
-34
-33
-35
-38
-42
-44
-41
-30
-21
-20
-9
-1
-5
0
0
-3
2
6
11
18
24
29
41
49
68
95
128
164
193
220
236
243
248
253
251
259
259
250
236
215
205
194
190
195
192
193
205
211
219
222
215
198
181
165
153
147
141
121
90
69
48
27
17
6
-1
5
0
-5
-8
-12
-14
-23
-40
-60
-78
-90
-101
-118
-138
-158
-189
-214
-229
-239
-243
-243
-248
-258
-261
-256
-251
-244
-230
-218
-211
-204
-208
-215
-218
-224
-229
-227
-221
-208
-199
-192
-181
-175
-166
-156
-149
-136
-123
-109
-89
-75
-55
-23
12
44
74
107
138
162
185
206
221
233
240
236
218
197
174
153
136
115
92
69
54
45
42
48
60
70
83
91
99
99
98
99
99
106
99
88
72
49
25
-1
-17
-26
-40
-54
-65
-81
-92
-108
-116
-112
-110
-111
-110
-112
-106
-94
-83
-72
-57
-44
-25
1
21
51
74
92
115
121
135
145
151
160
149
143
131
114
103
96
98
98
100
99
105
101
96
87
69
54
44
33
32
40
35
27
18
6
4
9
20
35
38
34
19
6
2
-5
-1
-16
-48
-80
-110
-130
-134
-140
-150
-168
-197
-223
-235
-232
-212
-181
-152
-122
-109
-99
-86
-84
-71
-65
-64
-61
-62
-61
-65
-66
-69
-75
-75
-81
-86
-90
-91
-101
-112
-119
-127
-132
-120
-106
-84
-55
-27
16
57
90
126
159
178
195
203
201
200
192
177
170
163
148
137
127
110
94
78
61
53
47
47
49
51
58
59
67
68
72
80
87
97
93
93
85
70
55
41
22
6
-11
-25
-39
-58
-68
-69
-72
-66
-53
-47
-46
-52
-55
-57
-60
-53
-47
-34
-18
-9
9
31
43
61
88
113
134
150
157
149
130
112
91
78
77
77
94
117
129
134
136
131
117
99
82
62
38
21
0
-19
-33
-52
-71
-84
-94
-92
-92
-89
-82
-81
-78
-78
-84
-84
-95
-117
-135
-162
-195
-219
-240
-253
-255
-258
-249
-238
-232
-221
-212
-206
-212
-224
-236
-244
-244
-246
-243
-231
-216
-197
-179
-166
-160
-154
-153
-156
-152
-141
-120
-92
-63
-35
-9
8
27
51
81
116
150
190
233
279
325
363
385
398
402
398
384
370
350
331
314
294
275
252
230
202
175
155
131
111
89
74
70
71
80
86
93
102
111
113
114
116
110
99
86
73
59
38
18
-4
-27
-48
-68
-85
-102
-116
-131
-143
-151
-158
-164
-175
-172
-162
-154
-147
-139
-117
-85
-54
-28
-1
29
52
68
76
78
80
79
81
75
64
52
37
24
11
-3
-20
-41
-57
-70
-79
-84
-90
-98
-110
-118
-125
-131
-133
-136
-130
-118
-106
-90
-72
-56
-53
-46
-34
-20
-14
-19
-26
-25
-23
-26
-38
-50
-56
-62
-69
-71
-63
-57
-55
-52
-46
-34
-24
-18
-12
-7
-2
-4
-9
-12
-11
-7
-5
2
7
9
13
17
19
21
20
15
15
11
11
8
12
19
20
25
27
28
29
37
51
66
73
74
80
91
107
117
122
118
109
102
97
94
87
79
64
49
41
37
39
44
47
47
45
42
45
52
50
45
39
32
23
12
0
-13
-30
-47
-61
-63
-62
-65
-67
-74
-82
-98
-112
-114
-112
-111
-114
-105
-94
-81
-76
-71
-57
-45
-32
-11
10
29
45
52
50
39
37
36
36
36
35
45
53
60
68
70
65
67
69
64
60
52
51
46
35
29
17
8
1
-8
-10
-9
-4
3
4
0
-9
-27
-40
-53
-58
-67
-75
-73
-81
-89
-96
-101
-99
-102
-107
-107
-103
-94
-85
-75
-68
-63
-61
-64
-62
-61
-54
-50
-50
-47
-54
-53
-50
-50
-55
-72
-83
-88
-84
-77
-63
-47
-38
-26
-19
-11
-2
9
33
54
75
106
129
152
167
176
186
190
195
203
211
220
220
217
209
192
178
159
145
133
119
106
93
84
77
69
59
40
25
12
0
-6
-11
-5
3
11
7
0
-3
-3
3
8
6
5
-6
-16
-27
-46
-59
-78
-95
-109
-123
-133
-147
-156
-160
-160
-158
-153
-139
-113
-83
-54
-27
-3
17
38
58
76
89
88
83
75
63
59
49
36
30
28
27
23
18
16
14
8
-3
-17
-39
-57
-67
-74
-77
-84
-94
-96
-97
-89
-74
-54
-33
-15
-4
-2
-6
-16
-26
-32
-44
-60
-78
-94
-106
-113
-118
-116
-115
-113
-109
-100
-90
-75
-58
-46
-28
-10
-5
-2
-1
10
30
50
63
62
53
35
17
7
0
2
8
12
19
14
8
5
4
11
20
22
25
30
37
46
56
71
95
118
142
163
177
189
195
195
188
172
154
126
98
70
40
20
7
0
-7
-13
-13
-16
-14
-9
-8
2
8
13
22
29
38
49
70
91
103
112
114
116
115
103
85
62
31
-2
-34
-62
-84
-109
-129
-150
-167
-175
-176
-163
-148
-128
-109
-87
-71
-57
-44
-33
-22
-14
2
13
24
27
29
31
28
21
11
10
5
5
0
-10
-24
-45
-63
-80
-92
-100
-99
-89
-85
-79
-70
-67
-56
-43
-27
-16
-9
-4
-8
-12
-17
-25
-28
-31
-38
-40
-47
-60
-71
-84
-96
-108
-114
-117
-117
-111
-110
-105
-98
-95
-83
-72
-63
-47
-30
-8
6
27
45
57
74
82
90
93
90
86
81
74
67
57
50
41
34
28
22
19
20
26
37
52
67
87
111
136
165
191
210
222
234
234
229
217
194
176
151
129
106
87
71
56
43
27
16
8
3
2
0
0
1
6
9
16
29
39
52
67
79
85
87
87
79
70
60
40
14
-20
-58
-92
-120
-145
-166
-184
-192
-199
-197
-187
-182
-170
-153
-135
-121
-105
-90
-80
-71
-61
-49
-35
-25
-15
-13
-16
-19
-24
-33
-42
-49
-63
-82
-94
-107
-122
-135
-147
-155
-151
-147
-140
-126
-109
-93
-80
-69
-64
-53
-43
-29
-19
-11
2
9
16
19
18
19
15
9
-1
-13
-20
-23
-24
-22
-23
-23
-29
-38
-47
-53
-51
-40
-28
-15
6
29
58
88
114
132
145
151
161
174
187
203
216
226
231
223
210
193
176
159
139
119
106
94
87
87
93
103
113
117
122
125
134
145
160
178
192
198
194
178
160
142
121
100
79
55
23
-7
-31
-44
-56
-64
-70
-86
-100
-111
-118
-123
-123
-114
-106
-103
-101
-100
-102
-97
-94
-92
-89
-84
-77
-82
-91
-104
-122
-144
-173
-200
-227
-248
-265
-274
-274
-263
-248
-238
-223
-205
-185
-162
-137
-108
-86
-70
-49
-31
-18
-3
6
2
-5
-15
-26
-36
-43
-45
-38
-25
-12
-2
-2
-11
-20
-36
-56
-70
-81
-87
-79
-69
-50
-21
11
44
74
99
128
149
161
173
187
193
194
195
184
176
163
145
128
111
92
76
60
49
48
54
66
83
95
101
101
102
100
105
113
121
129
134
138
147
152
154
151
138
124
112
96
85
76
61
49
39
23
2
-18
-38
-51
-61
-70
-78
-80
-76
-68
-56
-46
-33
-16
2
18
29
36
42
40
32
21
6
-8
-23
-38
-50
-65
-80
-97
-113
-126
-137
-151
-159
-163
-166
-161
-153
-136
-112
-91
-74
-53
-29
-11
-2
2
5
7
10
5
-2
-9
-19
-27
-36
-47
-60
-77
-97
-114
-126
-132
-127
-119
-105
-86
-62
-41
-23
-6
16
36
52
63
76
86
88
87
83
78
73
64
53
44
33
21
6
-9
-22
-33
-39
-37
-34
-24
-9
8
13
9
11
15
21
31
44
58
73
83
86
84
83
83
84
87
91
90
84
70
49
23
5
-4
-16
-23
-22
-29
-36
-37
-43
-46
-42
-35
-25
-11
5
22
36
51
61
71
75
73
73
70
63
54
44
34
21
5
-9
-20
-29
-38
-46
-51
-61
-67
-69
-72
-69
-63
-49
-36
-25
-11
3
17
28
39
43
43
41
33
24
15
4
-1
-9
-25
-39
-56
-77
-93
-104
-110
-116
-115
-111
-112
-107
-95
-85
-70
-45
-20
-3
11
20
22
20
18
12
2
-5
-16
-26
-32
-41
-51
-64
-75
-87
-96
-97
-93
-86
-81
-78
-66
-51
-31
-8
18
42
55
66
74
75
74
74
72
74
73
77
84
81
80
77
67
56
48
38
29
29
32
28
27
31
35
46
62
79
96
109
117
124
135
141
150
157
161
159
155
150
143
133
125
119
112
102
89
73
53
33
19
2
-14
-32
-49
-56
-58
-49
-36
-28
-24
-17
-10
-5
4
7
1
-5
-7
-3
4
8
3
-4
-17
-37
-52
-67
-83
-97
-112
-130
-147
-161
-165
-164
-164
-160
-157
-153
-142
-133
-116
-102
-93
-83
-74
-60
-49
-39
-34
-29
-28
-32
-39
-45
-51
-63
-76
-93
-103
-106
-101
-87
-78
-75
-73
-70
-62
-49
-38
-27
-19
-14
-2
8
18
31
46
48
42
42
36
36
37
42
45
49
53
58
64
65
68
64
63
72
78
81
83
80
72
61
48
44
47
47
49
57
63
67
76
81
83
84
84
81
77
73
74
78
78
80
77
65
57
42
32
23
18
19
20
20
19
15
9
2
1
-1
-5
-5
-7
-10
-15
-14
-13
-13
-13
-15
-17
-19
-17
-12
-14
-12
-15
-20
-23
-29
-30
-31
-35
-40
-43
-43
-46
-45
-44
-42
-36
-36
-30
-25
-20
-20
-24
-26
-29
-24
-29
-37
-37
-47
-50
-52
-51
-51
-51
-49
-52
-45
-41
-34
-18
-10
-3
0
-3
-6
-9
-11
-15
-18
-22
-30
-37
-43
-49
-50
-50
-48
-40
-35
-33
-32
-31
-25
-19
-16
-9
2
11
20
22
25
24
21
15
9
5
2
4
11
17
16
16
12
8
12
13
17
24
32
40
43
45
50
56
61
68
71
71
68
63
57
48
44
40
42
48
47
43
42
40
40
42
40
42
44
49
53
56
53
50
47
40
34
27
25
22
21
19
11
6
7
5
6
7
7
14
12
11
10
4
3
1
-1
-5
-7
-9
-13
-19
-22
-27
-33
-33
-40
-41
-43
-44
-43
-42
-32
-34
-35
-37
-42
-45
-51
-55
-59
-66
-71
-70
-71
-67
-63
-61
-55
-56
-57
-58
-57
-54
-54
-47
-42
-42
-37
-43
-42
-45
-50
-44
-44
-41
-35
-33
-27
-22
-15
0
10
16
23
24
23
22
20
16
14
8
8
16
14
14
11
5
-3
-10
-9
-6
0
6
15
29
36
39
38
38
42
43
42
44
46
47
44
44
49
58
66
73
81
82
82
79
71
70
66
59
59
60
58
59
54
43
36
30
33
39
39
38
39
35
33
42
43
41
38
29
16
11
4
1
2
-4
-11
-13
-20
-29
-38
-44
-47
-40
-37
-31
-24
-26
-33
-43
-58
-62
-64
-64
-52
-46
-46
-46
-57
-65
-73
-80
-71
-58
-45
-29
-23
-21
-26
-39
-53
-53
-46
-39
-29
-26
-27
-30
-37
-36
-38
-42
-49
-55
-58
-57
-49
-36
-27
-21
-20
-29
-35
-45
-55
-56
-59
-64
-60
-59
-47
-29
-15
0
10
19
28
41
51
58
69
69
69
68
63
69
73
74
79
73
64
56
39
29
17
8
5
-1
0
1
5
8
0
-2
-4
-1
7
19
36
51
69
82
87
86
80
69
62
45
35
32
31
42
50
57
61
58
52
43
38
31
26
23
18
12
4
2
-4
-12
-20
-25
-20
-15
-9
2
11
16
22
26
24
26
21
17
7
-6
-15
-24
-32
-45
-54
-66
-77
-84
-88
-89
-87
-84
-76
-66
-55
-44
-36
-28
-20
-10
1
12
21
27
29
38
38
28
21
12
3
-2
-11
-18
-23
-36
-45
-50
-58
-62
-66
-71
-77
-79
-79
-75
-63
-51
-33
-19
-9
7
18
26
32
38
42
46
47
48
48
42
32
26
19
9
4
-8
-19
-19
-23
-23
-18
-18
-14
-12
-5
3
7
12
16
20
23
27
34
38
42
41
37
32
29
22
17
10
10
12
14
14
13
11
4
-4
-7
-9
-9
-5
0
5
14
23
25
24
23
23
24
25
25
32
37
37
39
40
36
29
24
19
15
9
6
5
3
-1
-8
-16
-23
-28
-30
-30
-28
-29
-26
-18
-10
0
7
13
18
24
25
25
24
22
25
19
15
7
1
-3
-11
-21
-30
-39
-45
-47
-48
-44
-38
-38
-41
-44
-42
-41
-39
-37
-28
-20
-17
-14
-13
-12
-14
-15
-13
-12
-13
-17
-18
-22
-27
-28
-33
-36
-36
-37
-41
-42
-43
-45
-49
-55
-57
-51
-46
-41
-33
-27
-24
-24
-24
-18
-6
1
10
18
17
15
16
16
20
20
20
16
13
13
13
14
16
21
28
31
34
35
36
36
29
31
35
33
36
41
49
55
54
44
47
52
49
51
57
61
66
71
73
70
66
65
67
66
67
68
65
62
59
56
53
53
46
39
38
28
31
37
38
39
42
43
47
50
50
45
37
24
0
-18
-28
-35
-37
-37
-41
-47
-50
-54
-54
-45
-36
-25
-14
-6
-1
-1
-5
-22
-39
-55
-72
-81
-91
-103
-112
-124
-132
-135
-129
-117
-101
-82
-63
-49
-41
-41
-46
-54
-70
-81
-81
-72
-61
-50
-48
-55
-72
-81
-82
-75
-56
-39
-29
-22
-20
-26
-28
-27
-29
-22
-17
-17
-25
-32
-30
-35
-33
-28
-26
-16
-7
9
26
37
45
46
52
55
63
69
77
89
97
102
103
97
89
81
68
61
61
63
66
70
78
82
86
87
83
81
78
70
68
62
60
63
68
73
80
83
82
83
83
83
85
83
79
78
68
63
59
57
63
64
58
42
28
16
7
9
3
-2
-5
-12
-12
-10
-6
-2
-7
-21
-30
-42
-54
-49
-44
-49
-49
-51
-54
-55
-51
-56
-62
-74
-87
-95
-105
-114
-116
-110
-104
-93
-89
-80
-66
-61
-54
-51
-53
-62
-69
-69
-73
-73
-70
-75
-76
-78
-75
-73
-71
-68
-65
-65
-62
-56
-52
-47
-42
-41
-37
-30
-27
-28
-25
-24
-28
-27
-21
-17
-11
-7
-5
1
11
15
20
26
24
24
29
30
36
39
36
35
32
28
26
26
32
38
46
56
57
59
61
59
60
64
64
65
64
67
72
74
80
79
77
79
79
78
74
70
69
65
63
65
63
61
65
64
65
65
59
56
53
48
47
43
36
38
34
28
31
28
19
15
15
12
11
13
5
-3
-4
-8
-10
-8
-6
-7
-9
-12
-16
-21
-25
-29
-37
-44
-49
-49
-50
-53
-55
-55
-61
-66
-67
-73
-80
-80
-79
-77
-77
-82
-86
-91
-91
-88
-85
-84
-86
-88
-93
-94
-88
-90
-88
-83
-83
-84
-83
-81
-78
-75
-70
-62
-61
-63
-64
-64
-53
-38
-25
-14
-6
-10
-13
-14
-13
-13
-9
-7
-5
0
6
16
31
40
47
57
58
53
54
56
55
58
66
74
83
88
99
114
119
121
126
127
122
116
112
104
98
101
107
125
142
152
158
156
149
137
122
112
106
97
96
107
114
114
111
106
94
78
70
65
58
48
33
24
26
25
29
37
38
31
22
15
-3
-32
-53
-72
-85
-92
-97
-96
-93
-96
-100
-96
-99
-109
-120
-132
-145
-156
-156
-152
-146
-138
-137
-137
-131
-133
-133
-127
-121
-121
-127
-132
-143
-159
-168
-170
-165
-154
-142
-131
-119
-113
-111
-105
-95
-77
-60
-42
-34
-33
-37
-45
-52
-51
-47
-36
-16
-3
12
18
18
18
17
18
27
40
57
75
88
92
89
87
80
76
81
94
111
130
141
148
151
141
128
114
99
93
96
103
111
117
116
108
103
103
106
114
123
126
123
115
105
97
91
85
79
77
76
68
51
34
19
3
-7
-4
3
10
18
24
28
25
12
2
-1
-5
-12
-10
-12
-16
-16
-18
-24
-33
-41
-50
-56
-60
-64
-65
-63
-58
-54
-63
-71
-78
-85
-86
-84
-79
-78
-80
-76
-69
-68
-70
-64
-57
-50
-42
-36
-32
-38
-44
-45
-51
-53
-48
-39
-33
-24
-17
-15
-16
-18
-21
-19
-9
-4
3
6
0
-6
-13
-24
-27
-22
-18
-15
-8
-6
-8
-1
5
7
11
18
30
41
49
50
50
48
43
36
31
24
16
15
12
6
0
-9
-20
-23
-21
-20
-17
-12
-3
4
8
15
18
22
26
28
31
31
33
38
40
39
38
33
21
14
11
2
-7
-11
-12
-7
-5
-4
-1
-6
-9
-9
-6
-3
0
8
14
16
22
24
24
25
32
40
49
55
54
46
38
27
15
5
-3
-10
-16
-19
-23
-24
-30
-34
-33
-36
-36
-34
-29
-24
-19
-14
-9
-8
-5
-1
5
13
24
31
31
31
30
25
22
13
0
-9
-14
-22
-25
-24
-23
-20
-19
-22
-22
-23
-25
-26
-23
-23
-27
-33
-31
-30
-27
-24
-24
-18
-14
-9
-3
0
2
4
9
7
2
-2
-13
-22
-25
-22
-19
-18
-17
-17
-18
-16
-10
-4
-1
6
16
25
31
35
34
32
27
23
19
14
11
9
11
7
0
-9
-17
-24
-25
-22
-19
-11
-4
-1
-4
-7
-12
-6
-1
4
18
30
36
44
49
47
47
45
40
40
39
35
29
23
14
8
2
-3
-7
-10
-11
-9
-4
1
4
1
-1
-2
-1
3
5
10
20
26
30
31
25
15
5
-2
-7
-11
-12
-9
-9
-13
-17
-21
-18
-12
-2
4
8
13
13
6
2
1
7
15
22
31
35
32
27
22
17
17
17
15
11
4
-9
-25
-38
-48
-58
-64
-73
-77
-80
-89
-95
-98
-93
-85
-72
-57
-40
-23
-11
-1
0
-4
-7
-15
-15
-11
-13
-11
-15
-21
-27
-32
-30
-26
-26
-28
-31
-28
-25
-20
-20
-21
-22
-24
-26
-24
-21
-21
-19
-17
-14
-12
-8
4
15
21
23
18
21
27
33
45
50
54
57
57
51
49
48
46
44
44
47
52
53
54
59
60
60
57
58
58
56
57
54
59
58
58
62
58
55
42
29
21
24
34
46
58
59
54
47
39
31
26
27
31
36
37
36
36
33
31
25
18
15
11
10
11
13
16
12
3
-10
-18
-24
-28
-29
-28
-33
-43
-52
-59
-57
-57
-55
-55
-54
-55
-57
-57
-60
-64
-67
-70
-71
-67
-61
-52
-50
-53
-59
-69
-77
-79
-79
-75
-74
-73
-72
-76
-79
-81
-79
-76
-75
-72
-69
-64
-62
-59
-56
-54
-56
-60
-65
-65
-60
-49
-34
-22
-16
-12
-12
-15
-16
-15
-16
-11
-4
1
3
4
3
4
9
10
13
16
18
28
40
52
67
82
96
106
113
115
117
121
120
120
118
119
130
140
145
145
144
137
130
125
120
121
120
119
122
116
112
108
104
100
99
101
101
102
96
86
77
65
55
47
37
29
20
14
2
-8
-15
-25
-25
-25
-24
-22
-20
-27
-35
-46
-60
-68
-70
-73
-74
-75
-84
-93
-100
-114
-128
-135
-140
-140
-137
-138
-134
-133
-135
-131
-133
-132
-126
-122
-115
-105
-103
-104
-110
-117
-125
-124
-125
-122
-116
-113
-108
-102
-96
-86
-76
-68
-63
-56
-56
-53
-45
-44
-37
-32
-32
-26
-23
-16
-8
-3
3
3
8
13
21
35
49
60
67
74
75
75
72
69
74
81
87
96
103
109
113
113
112
113
116
116
121
132
133
133
129
120
116
108
98
94
89
88
95
102
107
114
111
109
109
106
109
108
104
100
94
89
80
71
61
54
53
46
40
39
33
30
30
26
22
12
-1
-9
-13
-21
-29
-36
-41
-42
-50
-59
-72
-87
-97
-103
-100
-97
-101
-106
-110
-109
-101
-93
-87
-80
-74
-76
-78
-82
-88
-93
-101
-108
-110
-116
-117
-114
-113
-105
-102
-104
-106
-106
-110
-111
-114
-118
-121
-119
-112
-106
-94
-89
-88
-81
-73
-58
-49
-40
-34
-32
-24
-20
-16
-9
-4
9
21
29
38
41
43
51
60
68
79
86
84
85
82
77
76
71
70
68
65
59
53
49
51
54
57
64
65
65
65
63
64
70
77
81
85
88
88
86
86
90
96
101
104
105
99
92
82
70
65
61
56
49
41
40
38
41
44
37
35
32
27
26
23
20
17
11
5
-4
-12
-16
-19
-21
-19
-16
-18
-18
-19
-22
-27
-32
-36
-37
-38
-37
-39
-43
-47
-54
-60
-61
-65
-67
-68
-70
-70
-68
-67
-63
-67
-65
-62
-62
-59
-55
-47
-45
-39
-36
-36
-31
-27
-27
-29
-34
-40
-48
-55
-59
-63
-68
-71
-74
-70
-65
-65
-60
-57
-54
-50
-49
-44
-39
-32
-26
-23
-19
-12
-3
8
20
25
34
43
48
51
50
49
45
43
41
41
38
34
33
33
35
40
48
54
57
58
57
53
48
47
45
40
38
32
26
20
14
10
8
10
11
18
26
32
28
26
27
25
24
23
27
29
27
26
25
26
19
16
20
19
21
25
26
26
28
31
32
36
40
45
46
43
38
34
30
23
18
8
-4
-17
-29
-38
-48
-52
-57
-55
-53
-51
-49
-46
-45
-49
-52
-47
-38
-29
-21
-14
-11
-15
-21
-21
-18
-12
-3
5
14
18
18
15
11
10
11
18
21
22
24
23
20
14
11
5
-7
-14
-24
-31
-34
-36
-38
-42
-47
-53
-53
-55
-57
-56
-55
-58
-58
-55
-50
-41
-38
-40
-37
-30
-21
-11
-1
7
12
14
17
22
26
32
39
45
48
51
53
55
56
55
52
47
42
37
32
24
14
11
12
10
7
7
5
3
2
0
-4
-8
-11
-10
-12
-16
-20
-22
-22
-20
-17
-11
-7
-3
2
5
7
10
12
18
22
23
29
32
34
39
39
42
38
32
30
30
29
29
28
22
14
5
3
-2
-11
-18
-18
-15
-14
-14
-13
-15
-16
-14
-17
-24
-31
-34
-37
-41
-40
-36
-29
-21
-10
3
10
15
21
28
31
32
27
19
11
3
-4
-9
-15
-24
-26
-26
-25
-26
-30
-32
-39
-41
-39
-39
-34
-29
-23
-17
-14
-9
-10
-12
-6
4
19
29
30
33
36
37
36
29
18
5
-8
-12
-20
-27
-32
-42
-44
-45
-49
-45
-39
-32
-25
-22
-18
-15
-13
-5
7
15
19
23
29
36
37
37
34
29
31
29
27
27
23
22
21
17
12
6
1
-2
1
3
1
-3
-7
-5
-3
-1
0
-1
4
6
15
23
26
28
27
33
40
43
47
46
41
34
29
28
28
22
15
14
16
19
20
23
25
18
14
9
12
18
20
20
12
9
8
7
8
2
1
-2
-7
-10
-11
-11
-12
-16
-21
-27
-29
-31
-26
-23
-29
-31
-32
-29
-29
-28
-29
-35
-37
-38
-40
-40
-43
-46
-45
-44
-42
-44
-42
-41
-39
-38
-35
-33
-31
-24
-28
-27
-26
-27
-24
-26
-28
-33
-38
-39
-35
-34
-32
-31
-29
-24
-21
-17
-9
-4
0
-5
-10
-10
-11
-9
-11
-16
-18
-23
-21
-19
-14
-6
-9
-5
1
3
12
23
31
41
54
61
65
72
79
80
84
81
79
83
82
80
80
76
71
68
66
65
61
61
61
61
63
57
55
53
49
47
40
35
27
19
9
-4
-9
-14
-12
-1
7
16
22
24
26
33
37
35
36
40
40
41
39
33
32
27
14
9
4
-2
-4
-8
-14
-22
-25
-32
-41
-46
-54
-65
-77
-87
-92
-95
-97
-102
-105
-104
-105
-106
-103
-102
-99
-94
-88
-83
-73
-60
-54
-48
-45
-42
-35
-30
-25
-16
-14
-16
-18
-21
-24
-27
-26
-27
-27
-26
-28
-30
-30
-30
-26
-25
-22
-22
-23
-24
-24
-18
-9
-3
5
8
11
17
17
16
17
16
17
16
17
19
25
30
32
36
35
36
38
38
39
41
42
41
43
46
51
56
63
68
70
72
71
69
66
67
65
65
66
61
58
57
55
56
56
53
45
42
38
35
35
31
31
34
33
35
34
31
28
24
21
17
17
17
18
23
19
14
11
2
0
0
-3
-3
-3
-4
-5
-9
-14
-20
-24
-29
-34
-35
-41
-42
-44
-47
-48
-49
-53
-54
-52
-54
-54
-54
-55
-58
-57
-59
-62
-60
-66
-68
-66
-64
-61
-57
-58
-59
-61
-67
-69
-66
-64
-59
-52
-46
-42
-36
-37
-39
-38
-42
-40
-34
-31
-24
-18
-16
-16
-12
-10
-13
-9
-6
-3
3
8
16
23
22
22
22
20
24
26
32
38
43
50
56
60
62
60
60
56
54
56
56
53
53
52
49
46
42
41
42
44
48
57
61
63
70
72
71
70
67
65
60
52
47
47
46
46
44
39
36
29
25
20
15
14
9
8
8
9
15
19
19
18
10
4
-5
-13
-16
-21
-24
-23
-26
-29
-33
-37
-33
-38
-44
-49
-56
-55
-51
-48
-40
-33
-30
-26
-30
-35
-38
-40
-41
-43
-43
-43
-43
-43
-41
-41
-42
-39
-37
-43
-49
-55
-56
-51
-50
-44
-36
-33
-30
-30
-32
-31
-31
-29
-29
-35
-35
-35
-29
-22
-22
-20
-22
-25
-20
-20
-15
-7
-1
8
15
23
34
44
52
55
54
53
46
41
38
35
37
34
34
35
29
26
23
19
20
17
16
17
16
16
17
20
23
31
40
47
49
50
47
41
31
23
13
6
8
16
24
26
22
16
8
-3
-7
-9
-10
-11
-13
-12
-15
-15
-9
0
7
10
9
7
4
2
0
-1
-1
-1
-3
-9
-10
-11
-15
-14
-11
-8
-6
-9
-9
-12
-17
-23
-28
-25
-19
-10
-4
-1
0
-5
-10
-16
-18
-15
-10
-1
1
0
-1
-6
-7
-2
1
0
3
4
6
6
5
7
7
3
-3
-11
-14
-18
-17
-10
-1
1
2
5
5
1
1
2
0
-2
-3
-6
-8
-7
-4
1
4
5
8
7
1
-3
-10
-16
-24
-24
-17
-13
-5
0
3
-3
-10
-13
-16
-10
-6
0
2
-1
-2
-3
2
5
12
16
14
12
6
1
-2
-3
-1
-2
0
4
8
13
21
27
27
25
17
10
8
6
6
4
3
5
5
5
10
12
12
9
6
3
1
4
10
17
24
26
30
32
35
34
37
34
28
27
22
18
17
17
17
18
17
14
11
5
1
-2
-10
-14
-18
-23
-23
-24
-22
-19
-18
-20
-27
-31
-38
-39
-40
-37
-32
-28
-21
-15
-8
-6
-7
-9
-14
-17
-19
-11
-5
4
13
15
17
15
13
8
8
9
12
17
16
15
12
11
7
3
0
-2
-8
-13
-18
-29
-37
-41
-42
-39
-33
-28
-26
-29
-32
-37
-44
-48
-50
-51
-52
-48
-46
-43
-38
-33
-24
-14
-2
5
11
15
16
20
22
27
30
32
32
31
30
25
21
21
21
23
29
35
42
51
51
53
50
46
47
40
36
36
33
25
15
12
6
2
3
4
6
8
10
10
6
2
-1
-4
-6
-4
2
6
0
-3
-3
-9
-14
-14
-14
-14
-15
-13
-9
-8
-7
1
6
5
7
10
7
-1
-3
-8
-16
-15
-16
-14
-14
-14
-10
-12
-14
-11
-7
-3
-2
2
2
-3
-11
-17
-20
-23
-24
-18
-12
-9
-9
-8
-11
-11
-7
-5
-2
0
1
2
6
5
4
5
2
-2
-2
-2
0
3
8
6
6
6
1
-1
2
1
1
1
-3
-6
-8
-6
-4
1
6
4
1
-2
-6
-8
-11
-12
-11
-8
-5
-1
5
8
7
4
-1
-9
-14
-16
-16
-17
-12
-6
-1
4
14
19
22
23
21
18
12
6
7
9
11
14
17
15
15
13
11
12
14
16
20
26
29
31
33
28
23
26
22
19
21
21
14
11
6
2
4
5
11
20
28
32
38
43
41
42
40
34
28
24
19
11
5
-1
-11
-18
-23
-23
-17
-15
-11
-10
-12
-19
-23
-24
-27
-28
-29
-33
-37
-42
-45
-46
-45
-46
-43
-40
-41
-38
-32
-29
-26
-28
-29
-29
-30
-33
-33
-35
-35
-40
-40
-43
-51
-54
-59
-62
-61
-57
-52
-46
-41
-32
-24
-17
-14
-11
-11
-16
-19
-21
-20
-22
-19
-19
-19
-19
-17
-13
-11
-5
1
4
7
8
11
15
19
22
28
30
30
31
33
35
37
38
39
40
40
42
47
51
56
64
70
78
82
83
83
80
73
69
65
62
62
61
63
69
69
70
70
68
65
61
61
58
54
48
43
40
35
31
27
22
17
11
5
-3
-7
-10
-8
-8
-6
-4
-7
-10
-16
-18
-19
-19
-21
-21
-24
-31
-40
-48
-51
-49
-49
-43
-41
-42
-43
-48
-56
-64
-71
-74
-75
-74
-76
-77
-77
-76
-75
-78
-82
-85
-90
-92
-91
-88
-86
-79
-74
-73
-71
-71
-67
-63
-57
-52
-49
-47
-43
-39
-34
-28
-23
-19
-13
-8
-2
7
15
27
34
36
36
30
23
20
20
25
35
47
61
71
77
83
74
65
59
50
51
55
61
66
69
70
69
66
66
67
70
75
78
78
78
74
66
60
54
52
49
46
47
47
46
49
49
50
53
54
53
52
51
49
45
41
40
37
33
31
27
24
19
19
19
18
17
10
2
-8
-14
-20
-25
-26
-27
-30
-34
-40
-47
-60
-69
-76
-79
-78
-76
-72
-66
-63
-65
-65
-63
-65
-66
-65
-63
-62
-62
-57
-51
-51
-49
-46
-45
-45
-44
-42
-39
-39
-39
-40
-43
-45
-49
-51
-50
-51
-51
-48
-44
-44
-45
-43
-43
-43
-42
-46
-42
-38
-34
-27
-18
-13
-10
-7
-2
-3
-2
3
7
8
12
18
23
29
34
42
52
57
62
67
