SAMPLES:	21571
BITSPERSAMPLE:	16
CHANNELS:	1
SAMPLERATE:	16000
NORMALIZED:	FALSE
2
-2
-7
-12
-19
-16
-3
-7
-1
-3
-5
4
11
25
22
21
24
13
15
11
5
10
18
31
32
25
18
23
25
29
34
37
46
44
44
39
26
26
25
25
28
24
16
16
14
5
5
-2
-5
3
-2
-19
-28
-33
-39
-39
-38
-29
-21
-13
-11
-11
-7
-4
3
4
-4
-14
-24
-33
-49
-60
-64
-71
-65
-54
-52
-51
-53
-52
-46
-42
-45
-34
-24
-25
-20
-12
-5
-4
5
5
-1
7
3
-5
-10
-5
5
19
28
30
39
40
35
25
8
-5
-8
-9
-15
-18
-14
-4
9
20
22
30
33
23
12
9
10
1
8
20
20
32
43
52
52
43
39
34
27
8
-7
-10
-5
9
24
31
48
57
57
54
45
32
13
6
3
0
1
3
1
1
6
5
6
9
-5
-17
-18
-30
-39
-45
-49
-38
-31
-26
-9
-5
-4
-1
7
12
1
11
12
4
14
14
17
11
4
-3
-11
-16
-20
-28
-37
-40
-43
-42
-40
-40
-32
-28
-28
-16
-19
-20
-13
-12
-16
-19
-22
-20
-21
-22
-12
-10
-7
-8
-12
-6
-8
-2
-5
-9
-9
-15
-13
-7
-3
7
14
13
17
23
21
26
27
29
33
34
29
24
18
13
10
-2
-13
-20
-25
-24
-23
-21
-5
4
8
24
27
34
45
34
30
25
6
3
-1
-6
2
6
5
4
-6
1
11
20
30
31
36
34
28
21
14
10
8
10
6
4
-2
1
2
-5
6
10
17
22
20
22
26
19
13
7
-7
1
1
6
12
3
1
-3
-16
-20
-19
-23
-23
-37
-54
-56
-60
-58
-51
-44
-35
-28
-26
-26
-28
-25
-20
-23
-17
-22
-22
-12
-7
7
19
27
37
36
22
17
9
-3
-4
-10
-15
-8
-15
-8
-6
-14
-3
2
6
8
9
13
17
12
7
6
6
11
6
0
3
5
-9
-20
-19
-21
-26
-24
-8
4
13
24
33
43
34
30
21
12
14
-7
-15
-8
-4
-2
-1
-6
1
3
-2
11
8
5
4
-1
-4
-9
-12
-14
-9
-15
-12
-7
-11
-11
-8
8
16
21
21
27
30
22
15
6
5
1
0
6
8
4
6
1
2
1
-3
0
2
13
10
6
17
16
22
24
21
25
14
8
-7
-18
-26
-37
-38
-33
-36
-39
-33
-21
-8
-3
8
14
16
17
5
-3
-18
-27
-32
-42
-42
-35
-27
-13
-4
5
19
27
33
34
32
30
29
20
21
16
12
4
-8
-12
-26
-33
-39
-35
-25
-18
-7
-2
1
8
4
10
17
11
13
12
19
26
26
23
14
10
7
8
2
-2
-1
7
10
7
21
29
26
25
21
5
-2
-7
-17
-25
-31
-32
-36
-40
-46
-45
-40
-41
-29
-7
-7
3
24
29
28
29
24
10
7
0
-11
-16
-24
-24
-20
-28
-29
-7
2
8
23
22
26
30
33
25
5
7
-2
-17
-19
-33
-30
-33
-28
-8
-9
-1
12
29
36
27
31
28
22
20
7
6
9
4
6
9
12
17
22
23
31
28
26
27
22
33
26
3
2
0
-5
-15
-25
-18
-16
-11
-19
-21
-5
-8
-14
-14
-17
-19
-14
-26
-26
-19
-21
-11
-11
-13
0
6
9
7
5
7
-4
-10
-11
-7
-5
-12
-4
7
10
17
14
12
17
12
3
7
5
4
5
-5
-6
-6
-18
-26
-26
-20
-15
-7
0
9
19
16
17
12
2
-3
-15
-26
-31
-24
-19
-7
1
8
21
17
20
16
11
5
0
6
-6
-3
1
0
8
5
7
2
-10
-14
-15
-10
-3
-1
3
10
9
9
6
4
4
5
5
8
12
10
11
5
1
-7
-20
-28
-36
-34
-38
-32
-19
-3
4
11
11
10
14
12
17
17
12
14
17
17
20
18
18
16
12
6
1
2
1
2
2
1
11
15
11
10
-2
-8
-8
-4
-2
-2
-4
1
15
13
15
8
0
-1
-11
2
4
4
0
-11
-12
-28
-31
-28
-32
-35
-36
-39
-34
-33
-26
-17
-18
-11
-8
-7
-10
-9
-4
4
19
22
29
25
18
12
7
11
9
12
15
19
21
21
19
11
10
0
3
1
-2
-3
-4
-3
-5
0
1
5
5
13
17
14
5
-4
1
0
3
7
7
10
11
13
11
2
-4
-5
-8
-13
-28
-39
-38
-28
-21
-11
-1
-7
-4
4
8
7
6
3
0
0
4
7
7
17
25
39
41
36
29
25
25
16
13
8
4
2
-1
4
0
-6
-9
-9
-15
-17
-16
-17
-16
-9
-8
-8
-3
0
8
16
21
24
18
5
-5
-15
-18
-17
-17
-20
-20
-17
-15
-17
-16
-15
-15
-16
-19
-15
-9
-6
-8
-11
-14
-10
-11
-8
-1
3
6
12
8
-4
-5
-9
-3
4
0
-2
-7
-13
-21
-25
-28
-23
-15
-17
-10
-4
-7
0
1
-7
-4
3
7
16
15
21
26
20
17
16
10
7
12
8
8
5
-3
1
10
16
13
16
14
5
2
-5
-6
-2
-5
6
16
10
14
22
24
26
27
22
18
26
21
20
21
9
10
10
10
17
16
14
17
11
0
-2
-10
-16
-9
-16
-10
0
-4
8
18
12
13
19
22
24
16
5
3
-2
-8
-11
-19
-25
-23
-19
-16
-16
-18
-18
-22
-24
-23
-20
-28
-30
-19
-26
-25
-22
-25
-25
-22
-21
-26
-14
0
12
14
16
28
25
22
20
8
-3
-17
-21
-28
-42
-52
-55
-44
-48
-43
-36
-40
-36
-25
-18
-20
-17
-14
-4
10
22
34
29
28
30
30
27
17
15
6
2
2
-6
-6
-4
2
26
30
26
21
7
-9
-9
-13
-16
-2
8
16
24
28
24
18
12
19
29
35
45
49
50
51
33
12
2
-12
-16
-11
-4
-2
2
8
11
25
36
41
46
46
36
25
7
-3
-2
-4
3
8
11
12
7
6
-4
-4
4
5
8
10
10
10
5
4
-4
-13
-24
-27
-16
-14
-9
-6
-13
-14
-11
-12
-23
-28
-25
-26
-26
-22
-27
-33
-26
-28
-26
-21
-28
-30
-33
-28
-21
-16
-10
-10
-3
-1
-5
-10
-15
-18
-22
-21
-27
-25
-28
-22
-14
-18
-19
-25
-30
-30
-21
-14
-15
-10
-2
5
10
11
6
8
8
4
1
-3
4
0
-2
2
-2
-6
4
18
25
29
26
24
22
22
21
21
25
27
32
31
29
28
24
26
27
28
25
29
28
30
27
23
23
19
22
27
33
26
20
19
14
7
7
5
-1
3
6
14
11
6
8
6
14
15
14
9
7
6
1
2
-2
-5
-7
-8
-10
-11
-8
-10
-6
-9
-6
-2
-9
-14
-15
-13
-11
-10
-6
-1
-7
-10
-15
-24
-23
-24
-24
-19
-16
-13
-16
-16
-24
-26
-26
-34
-25
-28
-26
-24
-35
-39
-40
-36
-36
-30
-21
-17
-5
-1
1
8
16
21
19
12
16
16
9
15
12
7
4
-1
-6
-11
-12
-12
-12
-9
-13
-18
-23
-24
-25
-17
-22
-20
-17
-27
-30
-25
-13
-6
-6
-4
-5
-4
-7
0
10
10
20
20
17
22
19
20
23
25
23
24
29
33
34
26
23
29
34
32
39
38
44
50
48
45
45
36
36
33
23
26
21
19
21
19
7
4
15
14
16
14
13
12
0
-4
0
-9
-5
1
-13
-16
-18
-18
-20
-20
-21
-28
-25
-25
-26
-33
-39
-38
-42
-43
-40
-35
-26
-22
-17
-11
-8
-4
-4
0
0
0
7
10
14
15
19
18
18
17
7
5
6
-6
-10
-9
-7
-5
-4
2
-3
-1
0
-1
-6
-9
-13
-17
-19
-19
-19
-26
-18
-16
-20
-26
-30
-23
-27
-27
-29
-26
-24
-19
-13
-8
-2
4
12
8
6
7
14
12
13
14
9
10
9
9
6
3
6
7
5
4
6
0
0
9
9
9
3
6
14
24
28
30
34
37
44
37
38
35
23
29
26
28
27
18
12
14
13
9
15
17
17
20
15
4
-3
-3
-6
-11
-11
-4
-4
-7
-8
-11
-4
-8
-15
-16
-16
-21
-27
-24
-26
-19
-12
-9
-10
-10
-15
-26
-29
-31
-19
-18
-26
-18
-20
-19
-20
-19
-14
-8
-11
-11
6
4
8
6
-4
-2
-1
-1
-6
0
9
14
15
12
4
-5
-4
-9
-9
-5
-9
-4
3
-1
1
0
-2
-2
0
7
4
5
5
2
8
11
14
21
20
13
10
3
3
7
3
1
-1
-6
-3
8
6
14
25
21
20
20
14
13
14
9
11
14
12
11
4
-5
-9
-15
-24
-28
-34
-37
-32
-27
-26
-26
-27
-29
-28
-30
-30
-29
-21
-9
1
7
13
16
16
20
18
13
13
15
18
17
10
7
2
-10
-17
-17
-14
-5
0
-3
-1
-1
1
10
19
20
26
35
39
44
51
54
51
52
46
37
32
23
20
17
12
6
3
-6
-25
-24
-21
-28
-28
-30
-25
-17
-18
-20
-13
-11
-8
-10
-4
2
3
11
13
17
15
16
22
28
27
20
18
8
-1
-9
-13
-13
-6
-8
-9
-14
-25
-29
-35
-32
-30
-24
-21
-23
-29
-28
-28
-39
-39
-40
-38
-32
-31
-26
-22
-14
-13
-23
-23
-22
-28
-22
-18
-16
-19
-28
-18
-15
-14
-8
-9
-8
1
6
14
19
16
18
20
18
20
24
23
20
26
21
20
16
12
13
15
15
14
14
14
15
7
11
5
11
18
19
32
28
29
27
25
34
37
35
40
44
43
36
31
30
18
19
11
9
8
-3
3
-2
-2
-4
-5
-9
-8
-3
-10
-9
-7
-6
-7
-1
7
7
11
15
7
11
3
-1
-1
-9
-5
-2
-5
-6
-12
-14
-20
-21
-25
-32
-20
-28
-30
-28
-22
-15
-18
-13
-11
-14
-10
-10
-9
-7
-13
-15
-16
-8
-11
-10
-5
-6
-10
-15
-18
-26
-27
-26
-29
-24
-27
-35
-40
-35
-33
-27
-16
-12
-14
-12
-18
-20
-21
-20
-19
-22
-15
-10
-7
-3
-2
-5
-9
-10
-8
-3
-1
3
8
6
6
15
25
30
39
45
44
39
34
36
29
30
37
38
42
52
56
55
51
52
50
46
48
45
44
42
39
45
42
38
39
37
35
30
26
18
8
-2
0
-4
-4
2
-1
-8
-6
-9
-13
-15
-19
-24
-29
-20
-12
-16
-11
-9
-18
-15
-16
-25
-28
-29
-33
-35
-34
-27
-22
-15
-12
-14
-12
-8
-8
-13
-9
-7
-10
-5
0
0
1
6
6
0
-6
-6
-10
-17
-13
-16
-22
-22
-19
-18
-25
-27
-26
-27
-24
-23
-22
-29
-27
-22
-24
-28
-27
-27
-30
-30
-28
-31
-33
-32
-35
-32
-30
-25
-24
-26
-26
-19
-14
-14
-5
-5
0
6
4
5
4
9
13
11
16
19
18
20
24
29
28
33
36
35
40
37
35
35
37
39
37
35
42
38
38
42
41
47
48
47
46
44
49
43
35
37
36
38
35
27
28
26
23
24
14
14
22
20
21
19
16
10
9
5
6
2
-1
-1
-1
-4
-3
-9
-13
-13
-18
-11
-7
-8
-12
-18
-20
-20
-19
-21
-22
-25
-26
-28
-32
-32
-36
-38
-37
-34
-31
-29
-35
-34
-38
-46
-49
-46
-46
-49
-51
-50
-41
-45
-49
-44
-44
-37
-25
-20
-15
-16
-23
-25
-29
-24
-19
-18
-20
-22
-24
-24
-28
-22
-19
-16
-3
-2
6
8
7
19
21
24
32
34
40
40
29
30
28
32
33
30
33
28
28
29
30
28
22
18
17
24
24
24
21
22
24
19
22
33
34
34
30
24
30
24
23
26
22
24
26
27
30
28
24
23
23
28
24
18
14
15
12
9
14
11
9
12
18
24
29
22
18
22
15
16
21
19
20
12
6
8
3
0
2
3
-7
-15
-21
-25
-31
-42
-38
-44
-51
-50
-54
-53
-55
-52
-50
-51
-54
-57
-56
-59
-57
-53
-51
-47
-46
-52
-48
-48
-54
-44
-42
-45
-47
-50
-50
-49
-46
-46
-37
-32
-23
-10
-9
-4
-4
-3
4
11
21
23
24
33
30
26
30
35
34
38
46
42
40
36
31
35
36
39
46
42
41
44
42
37
36
40
38
41
47
41
31
29
23
23
30
33
32
30
34
30
28
22
12
11
9
12
10
7
4
-1
-2
0
3
-3
0
6
7
-7
-13
-14
-14
-5
-4
1
-3
-3
0
-7
0
-1
-4
-6
-14
-10
-22
-24
-19
-23
-18
-20
-20
-25
-28
-29
-30
-27
-27
-17
-15
-12
-7
-7
-6
-6
-3
-2
-3
-11
-8
-11
-16
-11
-19
-15
-14
-26
-25
-28
-36
-34
-38
-39
-40
-36
-33
-31
-15
-16
-16
-8
-2
2
8
12
11
6
2
3
0
10
6
7
14
12
13
16
23
20
23
27
22
27
23
21
26
22
19
19
20
20
14
19
28
30
40
38
33
38
40
45
44
33
36
32
25
17
7
9
0
-9
-12
-13
-14
-21
-21
-25
-25
-28
-33
-34
-29
-30
-28
-23
-18
-6
-10
-13
-17
-13
-14
-13
-12
-14
-9
-12
-16
-16
-15
-1
5
3
5
5
1
-6
-15
-23
-27
-32
-33
-30
-27
-20
-22
-18
-4
0
3
11
20
24
35
41
35
37
36
26
17
4
-6
-9
-17
-20
-13
-17
-16
-13
-8
-3
-6
-10
-9
-6
-1
2
4
18
31
40
43
45
39
32
33
23
17
14
11
8
8
4
2
2
0
1
1
-7
-16
-16
-13
-8
-4
-1
4
8
2
2
-1
-9
-7
-4
4
11
17
26
32
26
20
17
9
0
-11
-12
-13
-22
-25
-31
-36
-41
-44
-41
-46
-45
-36
-24
-13
-12
-8
-3
4
11
18
23
28
26
30
27
19
19
14
12
11
1
0
-4
-16
-18
-21
-27
-25
-20
-19
-22
-25
-25
-19
-16
-13
-1
5
17
28
25
26
23
17
18
14
9
4
0
-6
-12
-11
-9
-6
-10
-7
-3
-10
-11
-9
-14
-11
-4
5
12
11
11
13
14
13
11
11
10
7
9
17
18
12
12
16
18
10
8
3
2
-2
-10
-10
-11
-5
-1
-1
1
4
0
-5
-12
-11
-7
-9
-6
-7
3
11
14
19
22
17
7
8
-2
-6
-5
-5
-1
1
2
8
9
1
-3
-9
-10
-16
-23
-20
-21
-23
-16
-9
-2
1
13
22
24
19
16
10
3
-4
0
1
7
17
16
17
6
-4
-13
-26
-33
-33
-28
-25
-23
-21
-7
5
3
12
16
11
9
2
3
3
0
5
3
8
22
24
23
14
10
11
-2
-10
-13
-18
-15
-14
-11
-9
-7
-1
-1
-7
-7
6
4
-2
0
0
0
0
1
6
7
13
18
15
17
15
12
4
-2
-3
-6
-17
-25
-24
-27
-26
-20
-26
-21
-9
-8
-3
-3
0
2
-1
6
9
8
15
22
25
30
41
43
42
41
37
36
28
19
13
0
-4
-6
-17
-26
-23
-21
-27
-24
-20
-22
-20
-26
-23
-23
-21
-8
-1
-3
9
18
20
23
26
27
23
22
21
21
14
11
2
-9
-16
-20
-19
-27
-27
-26
-30
-36
-29
-26
-27
-17
-11
-1
6
15
21
18
14
8
2
0
7
8
6
9
10
7
-3
-6
-12
-24
-28
-30
-35
-37
-33
-32
-29
-17
-15
-9
-7
-7
0
7
17
27
29
25
23
24
21
27
36
29
28
25
21
24
23
19
12
9
-7
-10
-8
-12
-6
-12
-12
-12
-17
-12
-9
-9
-7
-7
-12
-3
3
2
11
12
23
21
20
21
12
8
5
6
10
18
15
12
4
-1
-1
-8
2
0
3
8
4
0
-4
-9
-9
-6
0
7
5
6
-2
-8
-11
-16
-14
-7
-6
-5
-2
-11
-17
-26
-32
-33
-30
-25
-16
-7
-4
-7
-9
-13
-11
-4
-1
6
12
19
17
13
14
9
1
4
1
-6
6
-3
-2
0
-9
-6
-4
-4
-1
-4
-7
-8
-14
-12
-14
-17
-11
-10
-7
-4
-7
-10
-9
-11
-6
-5
4
12
19
24
24
18
12
14
11
12
13
13
10
15
12
9
14
12
11
13
13
10
10
8
5
8
12
10
14
20
17
21
16
8
4
-2
-7
-5
-5
-5
3
0
6
7
5
4
4
7
7
11
10
7
4
2
-6
-14
-12
-13
-13
-9
-2
0
-5
0
-5
-12
-4
-10
-12
-9
-13
-6
-4
-9
-11
-12
-16
-13
-4
-4
-4
-6
-8
-13
-12
-12
-19
-16
-15
-16
-17
-14
-15
-14
-10
-11
-6
-7
-4
-1
-1
5
5
-1
-1
-5
-7
-4
-4
-7
-5
-9
-11
0
-1
7
12
7
12
7
7
6
11
15
11
14
12
11
3
-1
2
-7
0
3
-2
7
7
4
7
6
0
-6
-6
-13
-13
-9
-1
3
11
20
22
33
34
24
22
17
9
9
-3
-3
4
5
8
6
8
9
6
4
-2
-8
-7
-9
-8
-3
1
1
3
9
2
1
-1
-8
-9
-5
-9
-12
-4
-3
4
9
9
9
8
2
-2
-5
-11
-12
-10
-11
-11
-8
-12
-11
-4
-3
-3
-4
-13
-14
-13
-16
-14
-11
-9
-8
1
-1
-1
6
7
15
20
18
24
18
19
19
9
11
5
0
-5
-4
-10
-15
-16
-15
-18
-19
-14
-14
-10
-11
-5
-9
-10
-8
-11
-5
-5
3
13
8
13
10
2
4
2
3
10
16
21
20
16
11
2
3
1
-4
9
6
11
13
7
6
3
0
1
2
-3
4
3
-4
-6
-14
-23
-24
-23
-21
-14
-10
-8
-7
-6
-16
-16
-15
-12
0
6
12
18
15
10
8
4
3
5
7
10
14
15
12
6
4
-1
-1
-4
-1
4
1
6
7
3
2
5
2
5
3
0
7
4
2
2
0
4
2
4
8
9
10
9
11
8
9
6
7
11
3
3
3
-6
-8
-8
-16
-14
-15
-22
-20
-21
-21
-18
-12
-9
-9
-3
-2
-4
-3
-7
-9
-13
-12
-11
-13
-5
-4
-9
-8
-13
-15
-17
-20
-21
-23
-15
-16
-17
-13
-14
-13
-6
-6
-6
-1
-2
-2
1
4
9
16
18
23
23
28
27
22
23
20
17
17
18
19
19
21
18
13
16
16
13
14
19
13
15
24
12
13
17
4
4
6
1
4
6
5
5
6
3
1
-2
-6
-4
-8
-4
-3
-4
5
5
6
10
10
7
6
3
-2
2
0
2
2
3
8
5
7
8
-1
-3
-2
-9
-5
-2
-6
-4
-2
-4
-5
-4
-7
-7
-9
-14
-14
-16
-12
-16
-19
-21
-27
-22
-25
-24
-27
-28
-28
-30
-21
-24
-24
-23
-20
-17
-14
-13
-14
-7
-7
-9
-7
-7
-7
-3
-6
-10
-9
-2
-6
-11
-3
1
3
7
5
3
6
12
11
5
11
11
9
12
8
9
11
10
9
7
10
11
6
4
8
10
9
14
13
15
20
24
33
30
30
30
27
30
28
16
13
24
26
23
17
11
13
12
12
14
12
2
1
2
2
6
1
-4
-10
-12
-2
1
-10
-10
-2
-1
-1
-3
-12
-15
-15
-15
-11
-8
-9
-11
-13
-13
-2
-3
-16
-24
-18
-6
-14
-15
-14
-23
-18
-8
0
-7
-14
-2
4
-1
-2
1
9
9
1
-8
19
69
49
-5
-27
14
66
25
-48
-42
-9
2
-2
-28
-42
-29
13
27
-18
-61
-13
33
7
-41
-47
-5
18
-7
-42
-51
-27
24
28
-25
-54
-8
34
42
0
-15
20
31
31
13
-4
11
28
3
-14
-12
7
20
2
-19
-7
17
23
23
3
-3
18
44
33
-10
-13
20
28
-5
-31
-24
-13
-15
-20
-27
-42
-35
-7
-4
-18
-10
16
28
1
-27
-11
2
-8
-26
-37
-31
-19
-3
17
41
63
94
114
99
102
112
116
93
41
11
4
-9
-46
-82
-84
-64
-54
-49
-42
-28
4
16
10
8
-2
-2
0
-34
-83
-97
-80
-73
-82
-96
-78
-38
-13
15
30
47
76
88
85
69
48
40
30
-11
-24
-51
-66
-49
-72
-89
-52
-16
-17
5
16
41
59
37
61
59
24
19
30
0
-38
-29
1
-6
-28
-9
10
8
16
21
16
34
22
19
25
3
-8
5
-19
-34
-17
-34
-22
-25
-50
-44
-14
-8
-6
5
16
32
37
33
32
43
28
22
36
36
14
9
26
23
15
19
33
43
43
32
37
50
52
47
36
19
9
26
23
1
-17
-9
19
9
-5
-6
7
5
-1
10
8
7
10
0
-9
-7
-24
-19
-17
-36
-42
-37
-25
-28
-50
-58
-40
-41
-46
-40
-38
-39
-51
-59
-57
-76
-80
-73
-80
-81
-79
-69
-55
-49
-47
-26
-12
-21
-28
-29
-23
-15
-20
-4
-1
-9
-10
-24
-8
9
-18
-27
-12
-10
11
31
24
31
38
47
75
68
56
73
77
77
65
58
86
75
64
89
73
68
88
73
76
80
53
66
70
43
47
54
42
34
13
8
27
19
22
13
4
11
2
2
10
-3
1
9
-4
11
7
-6
5
-15
-24
-5
-14
-18
-2
-16
-21
-26
-49
-41
-41
-52
-44
-44
-47
-55
-63
-47
-30
-43
-64
-64
-62
-65
-69
-74
-83
-102
-100
-96
-92
-93
-103
-89
-79
-84
-68
-51
-47
-51
-64
-63
-50
-49
-54
-49
-61
-42
-34
-31
-17
-15
7
27
32
45
59
68
75
58
49
59
77
77
68
49
56
80
73
77
91
101
116
131
135
152
154
168
181
168
140
121
119
95
61
36
39
28
11
-9
-16
-13
-18
-22
-42
-58
-41
-22
-36
-42
-46
-33
-6
0
20
39
44
83
132
133
146
165
182
191
160
141
139
128
113
95
79
71
86
76
34
16
-2
-1
-12
-43
-60
-89
-103
-91
-116
-159
-170
-169
-162
-185
-210
-203
-193
-193
-201
-219
-237
-231
-233
-256
-295
-339
-351
-382
-409
-416
-447
-457
-461
-477
-463
-440
-410
-372
-352
-330
-289
-230
-177
-118
-91
-56
9
38
83
120
154
204
245
287
317
357
378
416
464
485
492
490
500
499
473
442
412
386
344
307
291
254
229
220
176
153
130
108
96
73
67
45
13
54
179
257
262
229
254
380
432
401
365
308
312
348
282
170
92
95
165
151
39
-8
0
32
53
-23
-83
-92
-67
-55
-145
-269
-277
-227
-243
-316
-422
-431
-350
-299
-276
-292
-294
-222
-133
-99
-119
-138
-116
-104
-136
-199
-251
-252
-239
-279
-373
-439
-420
-348
-316
-344
-345
-308
-254
-222
-237
-241
-224
-195
-169
-207
-253
-227
-192
-187
-231
-279
-258
-215
-217
-260
-314
-334
-286
-275
-336
-411
-460
-427
-395
-417
-415
-351
-245
-145
-103
-58
39
186
320
362
362
403
502
604
625
582
575
637
711
715
640
605
685
760
794
767
664
712
882
1017
1089
1008
935
1065
1129
1031
914
768
712
710
539
338
213
127
188
205
70
-37
-53
41
79
-39
-156
-199
-209
-223
-362
-567
-618
-614
-623
-661
-817
-892
-768
-653
-592
-565
-578
-472
-303
-263
-253
-241
-218
-154
-194
-291
-345
-362
-314
-305
-395
-468
-475
-382
-276
-307
-369
-335
-270
-222
-250
-315
-301
-294
-313
-325
-384
-424
-378
-339
-371
-436
-438
-348
-275
-302
-351
-341
-268
-204
-220
-247
-266
-249
-129
-81
-120
-82
-13
82
149
130
154
226
255
249
201
134
117
127
115
69
1
-2
58
103
117
126
161
246
308
333
344
347
421
479
489
475
473
529
580
599
604
651
753
868
897
852
932
1143
1315
1383
1295
1242
1348
1407
1380
1233
1006
909
888
745
494
262
165
196
126
-110
-297
-369
-360
-375
-532
-699
-802
-847
-885
-1075
-1271
-1290
-1226
-1198
-1282
-1392
-1318
-1092
-900
-786
-735
-670
-458
-207
-83
-38
-23
41
124
76
-22
-97
-126
-126
-215
-384
-504
-510
-457
-482
-611
-681
-641
-563
-525
-549
-585
-559
-467
-389
-373
-400
-354
-231
-160
-154
-143
-73
39
101
100
79
114
225
288
255
166
132
183
217
166
95
79
92
103
87
48
23
50
80
60
-13
-53
-10
67
97
58
44
78
152
210
233
254
320
441
550
633
645
634
681
750
771
726
649
602
623
636
600
568
594
693
753
710
674
786
1021
1189
1223
1199
1201
1308
1391
1322
1198
1052
947
892
695
430
235
134
86
-69
-311
-491
-572
-568
-615
-812
-1005
-1090
-1128
-1173
-1297
-1436
-1442
-1415
-1402
-1375
-1365
-1271
-1083
-931
-829
-732
-626
-443
-283
-248
-261
-261
-212
-173
-234
-360
-446
-453
-422
-450
-545
-590
-555
-493
-441
-457
-450
-378
-306
-270
-313
-361
-346
-285
-284
-369
-441
-438
-361
-301
-279
-262
-217
-136
-75
-42
-38
0
65
105
81
30
46
101
157
181
150
148
227
316
390
429
432
461
495
502
486
440
393
394
376
315
252
213
246
307
323
358
388
461
596
665
684
695
698
761
818
754
694
662
625
617
591
531
472
431
395
405
431
411
428
459
443
454
535
642
771
898
943
948
936
898
886
864
772
619
429
221
32
-86
-162
-312
-483
-619
-761
-813
-829
-896
-905
-947
-1041
-1040
-1035
-1064
-1050
-1073
-1153
-1174
-1198
-1212
-1161
-1132
-1093
-1020
-939
-808
-642
-507
-400
-294
-205
-123
-71
-59
-72
-123
-174
-205
-229
-238
-241
-234
-214
-210
-213
-170
-156
-174
-167
-171
-170
-165
-191
-205
-181
-173
-154
-124
-112
-70
7
75
121
142
176
232
292
326
317
303
290
268
269
303
315
322
325
313
352
397
464
512
501
515
488
482
513
470
434
414
376
390
376
322
361
387
402
462
458
458
475
459
466
430
382
381
348
295
223
138
134
139
120
146
107
92
204
248
266
313
315
411
540
589
627
680
753
882
976
921
840
802
785
707
518
319
130
-33
-176
-348
-506
-623
-714
-754
-777
-829
-829
-789
-804
-809
-868
-974
-999
-1048
-1142
-1252
-1398
-1487
-1446
-1404
-1383
-1324
-1239
-1075
-880
-702
-555
-435
-319
-226
-183
-169
-156
-181
-207
-264
-332
-331
-309
-267
-193
-168
-129
-43
42
133
190
182
156
133
59
-4
-52
-122
-183
-263
-305
-285
-225
-122
-44
10
94
176
267
355
361
344
349
331
301
246
176
158
163
151
147
156
196
245
292
345
402
444
494
516
539
635
715
763
804
764
725
760
787
809
775
645
549
510
450
410
340
207
138
96
59
47
32
45
63
46
66
90
98
148
173
262
426
591
797
974
1085
1203
1344
1430
1475
1460
1361
1244
1084
894
725
527
338
152
-60
-232
-343
-389
-439
-547
-678
-783
-848
-912
-1005
-1177
-1385
-1576
-1708
-1778
-1874
-1975
-2034
-2022
-1924
-1778
-1575
-1328
-1094
-865
-633
-438
-265
-116
-43
-34
-90
-178
-217
-218
-238
-288
-330
-331
-271
-167
-76
0
52
81
103
113
69
-9
-98
-219
-345
-442
-490
-502
-479
-451
-434
-367
-261
-140
-17
50
66
98
124
118
94
46
0
-13
-48
-76
-48
-6
68
175
276
363
469
582
681
743
759
819
880
890
875
862
881
902
922
914
882
855
851
869
876
836
760
731
751
737
695
629
554
501
445
398
384
332
261
230
197
179
179
234
417
653
843
989
1111
1257
1437
1540
1523
1444
1344
1255
1135
880
564
314
148
51
-109
-330
-477
-574
-610
-637
-786
-969
-1099
-1194
-1245
-1402
-1637
-1755
-1794
-1853
-1929
-2017
-2025
-1889
-1730
-1580
-1466
-1376
-1219
-1024
-884
-835
-836
-815
-754
-752
-835
-911
-940
-891
-833
-827
-810
-717
-537
-331
-196
-137
-76
-5
63
81
11
-90
-185
-248
-282
-337
-376
-343
-288
-226
-168
-133
-55
36
85
105
79
38
29
5
-33
-85
-133
-127
-82
-30
41
145
268
415
537
625
726
817
902
948
935
952
972
969
993
1008
1041
1141
1231
1316
1385
1414
1497
1578
1575
1558
1491
1421
1378
1286
1169
1033
883
778
714
634
568
533
533
577
572
528
500
460
461
448
443
562
723
877
975
1031
1129
1235
1305
1307
1204
1052
922
757
512
225
-57
-238
-376
-591
-820
-1035
-1173
-1190
-1233
-1317
-1405
-1485
-1483
-1500
-1627
-1749
-1851
-1963
-2061
-2193
-2331
-2391
-2381
-2310
-2236
-2206
-2105
-1898
-1686
-1490
-1340
-1204
-1055
-941
-872
-834
-824
-806
-755
-727
-721
-704
-650
-542
-444
-385
-326
-273
-233
-220
-224
-252
-299
-327
-342
-346
-348
-348
-296
-215
-151
-76
18
111
201
263
308
350
376
375
363
334
306
314
336
374
404
416
491
634
777
917
1036
1145
1291
1436
1544
1628
1654
1669
1718
1727
1729
1717
1667
1646
1631
1584
1559
1564
1560
1525
1419
1334
1313
1276
1205
1080
923
810
736
680
598
492
429
431
471
478
452
451
480
492
489
482
544
736
938
1100
1170
1150
1211
1271
1190
1058
845
644
499
226
-89
-382
-652
-768
-853
-1046
-1214
-1339
-1394
-1330
-1371
-1522
-1628
-1770
-1898
-2056
-2329
-2523
-2642
-2791
-2914
-3022
-3085
-2988
-2812
-2636
-2426
-2253
-2045
-1739
-1490
-1294
-1160
-1107
-1031
-981
-1032
-1091
-1121
-1160
-1158
-1163
-1161
-1065
-913
-715
-492
-325
-154
15
133
232
289
338
396
398
382
382
393
448
528
591
633
651
681
743
784
766
708
644
599
574
543
539
542
559
618
663
720
828
957
1087
1188
1231
1310
1438
1548
1651
1695
1724
1821
1919
2005
2079
2083
2088
2102
2054
1958
1819
1659
1502
1295
1057
862
677
536
424
269
145
77
69
144
191
199
242
282
348
399
398
407
375
333
332
274
233
204
180
341
545
630
722
730
732
846
813
663
506
273
92
-96
-406
-655
-831
-941
-973
-1111
-1267
-1326
-1375
-1327
-1367
-1597
-1791
-1983
-2175
-2355
-2679
-3023
-3180
-3292
-3374
-3402
-3415
-3283
-3014
-2755
-2483
-2231
-1982
-1650
-1393
-1235
-1118
-1078
-992
-904
-912
-903
-859
-766
-599
-477
-391
-233
-21
220
397
475
559
646
707
733
705
674
713
739
727
725
709
774
929
1040
1105
1127
1147
1214
1246
1204
1128
1053
988
904
809
768
789
832
908
971
1031
1128
1246
1376
1481
1533
1585
1647
1682
1686
1659
1640
1633
1613
1565
1492
1423
1407
1381
1282
1162
1025
903
818
690
489
283
111
2
-37
-123
-203
-215
-251
-258
-236
-253
-211
-151
-154
-141
-165
-147
-20
32
30
-6
-55
33
128
136
128
157
288
418
430
400
364
359
344
187
-46
-239
-354
-411
-586
-872
-1084
-1144
-1066
-1046
-1175
-1324
-1432
-1438
-1451
-1630
-1844
-2043
-2227
-2367
-2602
-2858
-2954
-2976
-2963
-2948
-2974
-2891
-2624
-2307
-2052
-1902
-1768
-1528
-1269
-1066
-934
-876
-762
-602
-499
-409
-288
-126
96
279
387
528
723
922
1066
1110
1109
1154
1210
1246
1225
1180
1211
1278
1324
1328
1334
1390
1459
1483
1430
1358
1308
1291
1266
1182
1079
1020
1016
1023
1025
1045
1108
1182
1244
1258
1242
1271
1350
1406
1370
1306
1297
1324
1368
1386
1375
1357
1348
1335
1274
1164
1030
918
793
588
350
135
-36
-189
-351
-502
-613
-667
-645
-591
-560
-529
-454
-356
-256
-193
-165
-115
-86
-70
-54
-69
-92
-114
-148
-156
-172
-192
-170
-181
-244
-301
-332
-332
-292
-257
-236
-201
-170
-117
-46
5
-12
-40
-41
-58
-93
-216
-411
-566
-694
-836
-995
-1232
-1500
-1722
-1907
-2088
-2276
-2452
-2562
-2670
-2779
-2844
-2889
-2827
-2712
-2663
-2626
-2540
-2406
-2153
-1897
-1724
-1522
-1285
-1018
-713
-440
-213
10
198
355
486
609
755
884
964
1029
1095
1159
1254
1315
1334
1348
1366
1399
1414
1369
1319
1291
1258
1232
1208
1180
1170
1188
1205
1213
1235
1277
1332
1386
1420
1461
1517
1580
1626
1623
1579
1538
1515
1506
1473
1397
1309
1246
1227
1209
1169
1113
1048
979
886
760
620
450
267
106
-72
-263
-395
-485
-565
-628
-691
-714
-667
-620
-589
-557
-515
-446
-342
-264
-217
-179
-133
-94
-102
-116
-149
-194
-204
-230
-274
-301
-316
-311
-296
-320
-329
-298
-310
-333
-353
-363
-380
-423
-471
-514
-460
-324
-214
-158
-124
-82
-36
-6
-33
-90
-130
-219
-343
-533
-784
-947
-1019
-1128
-1319
-1563
-1791
-1905
-1961
-2042
-2157
-2286
-2312
-2276
-2265
-2259
-2235
-2120
-1910
-1750
-1641
-1485
-1266
-949
-610
-367
-159
85
349
635
847
971
1094
1211
1284
1268
1196
1199
1237
1221
1147
990
860
832
810
768
702
640
654
700
726
764
854
1008
1185
1311
1411
1542
1735
1931
2023
2013
2004
1984
1937
1858
1702
1540
1405
1275
1139
997
878
816
771
686
567
437
334
234
78
-129
-348
-509
-573
-609
-663
-695
-670
-566
-422
-308
-229
-144
-65
-10
-2
-43
-107
-176
-257
-363
-485
-563
-571
-568
-549
-547
-571
-529
-435
-385
-361
-374
-386
-358
-361
-397
-419
-430
-392
-333
-314
-253
-187
-106
15
43
55
80
-1
-58
-90
-175
-220
-291
-413
-468
-543
-608
-612
-655
-674
-717
-829
-902
-1035
-1208
-1307
-1438
-1536
-1593
-1732
-1785
-1732
-1669
-1539
-1436
-1369
-1210
-1066
-961
-869
-822
-727
-642
-614
-556
-497
-395
-174
23
170
316
431
613
788
863
892
896
899
924
866
756
699
667
683
672
609
625
695
778
920
1029
1107
1246
1366
1472
1582
1637
1711
1784
1768
1715
1641
1572
1552
1468
1334
1213
1085
1018
984
907
854
818
776
759
696
616
560
475
371
233
41
-93
-176
-269
-345
-440
-513
-494
-436
-360
-259
-182
-106
-27
-14
-22
-34
-84
-143
-246
-385
-514
-646
-724
-756
-808
-838
-830
-801
-718
-630
-583
-524
-507
-494
-430
-409
-372
-336
-372
-360
-323
-302
-225
-190
-195
-177
-216
-247
-239
-263
-294
-401
-567
-632
-623
-581
-550
-600
-631
-590
-564
-549
-554
-613
-640
-661
-777
-909
-1031
-1098
-1058
-1066
-1130
-1144
-1104
-996
-831
-743
-667
-561
-485
-367
-310
-329
-284
-226
-186
-149
-190
-152
0
134
286
369
407
502
600
677
719
701
722
749
715
690
661
695
782
798
790
806
833
926
1017
1041
1053
1041
1048
1098
1093
1086
1109
1137
1218
1245
1255
1325
1370
1400
1385
1283
1191
1133
1043
947
806
643
559
527
481
410
344
336
365
348
297
221
151
97
6
-111
-236
-358
-445
-500
-576
-661
-689
-671
-667
-708
-800
-864
-869
-877
-919
-986
-1038
-1042
-1006
-930
-852
-809
-726
-611
-511
-417
-355
-296
-248
-245
-273
-277
-269
-298
-337
-405
-478
-495
-498
-514
-533
-578
-620
-596
-552
-555
-574
-596
-603
-528
-479
-457
-399
-383
-329
-296
-357
-355
-304
-265
-190
-208
-272
-241
-205
-129
-46
-90
-102
-78
-90
-39
-29
-55
-22
-76
-131
-136
-246
-286
-270
-333
-348
-401
-425
-316
-264
-173
-13
89
239
385
510
699
827
930
1069
1089
1068
1060
1006
972
894
733
620
509
377
323
287
269
300
335
408
508
610
743
889
996
1053
1065
1088
1146
1153
1125
1070
979
946
963
970
999
1029
1056
1113
1138
1125
1111
1052
947
779
525
233
-42
-299
-536
-772
-992
-1163
-1271
-1300
-1285
-1239
-1160
-1085
-1016
-928
-886
-862
-833
-831
-872
-945
-993
-988
-936
-878
-832
-772
-659
-516
-364
-236
-162
-113
-106
-131
-185
-293
-393
-465
-557
-666
-770
-813
-759
-690
-673
-685
-664
-600
-551
-525
-510
-566
-611
-567
-494
-430
-382
-311
-152
20
127
258
450
648
812
895
878
834
833
850
818
673
475
358
313
240
114
35
-12
-81
-152
-228
-332
-445
-500
-528
-590
-695
-746
-651
-475
-324
-200
-1
225
412
582
720
789
828
844
805
674
488
357
288
210
88
-30
-67
-24
41
111
170
234
320
418
501
543
578
652
739
780
834
928
1052
1186
1295
1361
1405
1472
1532
1573
1531
1431
1337
1214
1080
924
737
568
416
232
22
-202
-422
-623
-826
-1047
-1244
-1427
-1573
-1661
-1730
-1751
-1692
-1564
-1414
-1299
-1213
-1074
-912
-796
-712
-694
-699
-640
-609
-625
-628
-629
-562
-441
-391
-348
-269
-196
-101
-91
-123
-137
-180
-198
-219
-306
-412
-512
-558
-527
-561
-634
-619
-571
-466
-376
-390
-379
-339
-192
77
216
289
416
555
816
1042
1066
1142
1264
1390
1553
1453
1244
1193
1141
1110
998
693
524
455
340
253
45
-155
-222
-350
-446
-573
-823
-868
-858
-974
-1042
-1122
-1067
-853
-770
-680
-529
-426
-220
-58
1
93
118
187
308
260
162
128
150
251
257
163
122
108
146
213
185
151
168
200
265
270
276
402
547
706
873
988
1145
1334
1435
1484
1469
1389
1335
1238
1067
892
719
571
437
280
180
105
59
67
5
-85
-133
-239
-370
-535
-795
-1021
-1199
-1382
-1509
-1628
-1683
-1639
-1554
-1407
-1243
-1061
-838
-642
-511
-411
-343
-271
-190
-178
-184
-176
-144
-44
51
115
170
194
225
238
190
94
-58
-207
-337
-522
-681
-806
-931
-976
-1018
-1045
-972
-868
-707
-540
-444
-302
-128
47
329
602
817
1076
1272
1493
1790
1971
2097
2201
2178
2181
2145
1921
1668
1360
1056
839
484
105
-173
-475
-652
-794
-1014
-1100
-1176
-1264
-1233
-1324
-1427
-1372
-1340
-1302
-1311
-1366
-1252
-1074
-887
-616
-425
-253
-15
192
424
576
606
689
725
618
492
341
213
148
-25
-225
-358
-469
-467
-413
-394
-314
-182
19
262
413
568
785
969
1142
1222
1212
1253
1253
1194
1107
938
803
750
679
629
579
531
598
657
682
679
616
600
550
389
180
-97
-384
-629
-912
-1166
-1366
-1534
-1587
-1594
-1593
-1481
-1294
-1084
-853
-668
-507
-338
-190
-72
-32
-60
-70
-62
-60
-60
-73
-16
86
129
175
216
204
192
114
-46
-241
-463
-644
-771
-944
-1136
-1250
-1249
-1185
-1098
-957
-825
-638
-353
-114
124
378
556
772
1044
1288
1553
1777
1955
2158
2292
2340
2319
2256
2224
2141
1891
1519
1058
631
341
31
-357
-764
-1176
-1436
-1512
-1605
-1687
-1733
-1771
-1706
-1652
-1645
-1592
-1506
-1352
-1193
-1170
-1110
-923
-650
-281
-8
182
386
550
755
942
963
929
838
686
574
362
141
28
-96
-212
-342
-473
-464
-396
-353
-274
-213
-151
-32
97
261
384
433
562
715
833
962
1027
1088
1171
1176
1150
1121
1052
977
894
787
657
528
436
358
247
121
7
-72
-123
-242
-400
-530
-688
-825
-903
-990
-1057
-1088
-1063
-956
-838
-682
-493
-319
-161
-71
-3
107
150
76
-35
-176
-304
-378
-479
-573
-628
-724
-756
-713
-747
-795
-838
-888
-918
-1003
-1073
-1038
-1014
-984
-877
-751
-592
-333
-30
291
576
736
961
1262
1431
1521
1533
1502
1608
1684
1656
1667
1623
1616
1719
1666
1545
1484
1360
1318
1162
731
338
-40
-328
-493
-862
-1246
-1447
-1611
-1593
-1529
-1561
-1423
-1271
-1152
-971
-943
-862
-622
-488
-423
-492
-566
-409
-178
36
197
228
325
515
632
747
742
660
666
540
301
94
-97
-157
-228
-446
-621
-714
-675
-520
-445
-410
-323
-198
42
257
355
489
620
783
943
959
972
1078
1117
1092
1000
827
784
779
702
612
474
357
371
389
332
238
174
197
200
114
2
-121
-183
-231
-376
-521
-635
-678
-676
-709
-753
-762
-685
-560
-507
-570
-640
-652
-652
-689
-798
-954
-1059
-1107
-1161
-1234
-1289
-1279
-1197
-1109
-1082
-1071
-995
-864
-715
-619
-552
-439
-283
-68
126
283
480
705
950
1146
1235
1292
1298
1282
1249
1111
967
875
877
987
992
968
1078
1189
1354
1432
1324
1337
1325
1212
1091
692
282
51
-231
-400
-651
-1004
-1051
-1085
-1112
-990
-964
-793
-578
-577
-496
-511
-574
-411
-407
-523
-616
-783
-688
-474
-395
-210
-53
117
381
500
632
760
750
763
649
387
200
29
-92
-174
-362
-501
-522
-511
-423
-342
-283
-150
-62
19
139
170
212
294
304
300
276
256
335
381
393
428
411
467
559
598
703
753
774
872
914
936
958
906
863
822
702
558
384
177
17
-204
-484
-733
-964
-1137
-1286
-1449
-1559
-1594
-1614
-1602
-1583
-1606
-1583
-1555
-1531
-1485
-1492
-1489
-1414
-1336
-1242
-1119
-996
-804
-585
-415
-239
-57
106
281
406
429
479
534
595
703
724
698
753
766
778
876
857
856
875
766
762
719
618
744
836
864
990
1011
1164
1432
1470
1522
1549
1506
1638
1617
1384
1148
796
578
476
162
-123
-314
-507
-548
-613
-747
-715
-670
-628
-561
-654
-751
-704
-685
-698
-775
-932
-961
-871
-747
-586
-484
-390
-188
-8
148
243
269
383
437
371
280
161
127
137
59
-41
-188
-310
-300
-317
-367
-427
-493
-466
-437
-439
-396
-330
-207
-64
0
63
149
234
363
442
438
451
469
549
637
672
733
824
906
968
991
991
1012
984
866
666
416
151
-126
-466
-854
-1215
-1527
-1732
-1894
-2066
-2159
-2172
-2083
-1930
-1841
-1751
-1613
-1465
-1275
-1119
-1043
-954
-834
-695
-525
-380
-209
64
347
590
780
907
1044
1188
1224
1156
1018
853
751
650
476
335
217
124
135
160
214
328
388
448
500
476
519
576
660
815
839
905
1061
1210
1480
1653
1669
1759
1797
1803
1807
1535
1220
966
641
413
88
-304
-536
-782
-893
-905
-1023
-979
-889
-861
-763
-803
-856
-730
-705
-699
-740
-915
-890
-803
-722
-542
-470
-398
-193
-47
141
278
276
344
365
292
198
44
-91
-144
-284
-453
-629
-795
-812
-801
-807
-777
-750
-655
-443
-281
-142
42
238
461
636
717
799
884
947
1002
954
860
777
687
668
642
558
504
434
362
323
246
163
72
-76
-245
-445
-691
-901
-1118
-1347
-1564
-1776
-1900
-1945
-1934
-1847
-1724
-1576
-1388
-1180
-962
-745
-568
-395
-226
-130
-74
-23
35
122
226
309
403
533
670
783
849
863
845
808
713
526
347
238
146
83
48
19
60
174
299
449
568
639
741
840
851
834
838
904
1047
1140
1218
1358
1503
1695
1858
1932
2007
2037
2039
1970
1680
1302
965
650
341
-40
-476
-799
-1021
-1142
-1154
-1183
-1157
-1034
-895
-803
-793
-797
-702
-602
-627
-776
-949
-987
-893
-758
-657
-620
-552
-383
-180
-49
-22
1
52
43
-81
-302
-507
-617
-699
-831
-1019
-1197
-1220
-1113
-987
-888
-787
-603
-340
-86
84
214
364
554
688
699
653
623
645
673
606
449
338
291
287
279
222
186
207
240
219
130
26
-37
-105
-257
-481
-726
-921
-1066
-1200
-1351
-1471
-1494
-1429
-1315
-1178
-1015
-800
-526
-296
-136
-36
59
201
302
307
257
195
195
250
253
240
254
300
414
508
541
568
583
593
539
418
304
201
161
149
77
44
110
219
397
553
634
733
824
919
997
1005
1063
1198
1312
1393
1430
1517
1716
1861
1928
1923
1873
1873
1873
1738
1465
1099
745
485
202
-143
-518
-849
-1031
-1143
-1256
-1276
-1223
-1124
-981
-918
-929
-916
-832
-727
-702
-813
-952
-1020
-992
-930
-902
-875
-829
-775
-677
-572
-531
-482
-431
-439
-485
-543
-593
-584
-576
-638
-745
-833
-821
-773
-708
-594
-523
-443
-331
-240
-95
83
235
374
467
509
538
562
581
543
416
267
125
21
-38
-122
-176
-171
-171
-137
-83
-37
30
75
118
111
24
-68
-141
-203
-284
-408
-527
-582
-598
-575
-528
-464
-362
-260
-172
-84
-35
-19
7
-7
-61
-135
-241
-283
-246
-218
-184
-97
27
217
408
556
689
746
768
748
618
479
352
238
184
104
47
105
237
424
631
813
991
1133
1234
1316
1310
1268
1274
1284
1272
1208
1172
1250
1366
1466
1507
1543
1628
1715
1731
1582
1309
1037
803
550
203
-221
-620
-889
-1060
-1193
-1296
-1332
-1257
-1137
-1030
-972
-950
-890
-846
-900
-1032
-1206
-1353
-1406
-1442
-1487
-1489
-1468
-1337
-1138
-960
-784
-622
-470
-326
-272
-269
-270
-293
-294
-359
-530
-655
-732
-772
-765
-807
-806
-733
-664
-535
-402
-294
-129
4
125
244
263
295
324
295
274
196
99
72
35
29
55
74
171
284
366
478
560
621
665
621
564
495
375
253
102
-81
-227
-313
-342
-365
-394
-366
-288
-185
-86
-32
35
63
36
9
-38
-79
-129
-171
-160
-133
-49
77
237
436
574
661
735
751
715
618
428
251
79
-88
-137
-173
-165
-12
180
439
687
877
1133
1331
1409
1439
1419
1479
1567
1508
1441
1424
1444
1587
1724
1791
1848
1890
1995
2093
1966
1690
1404
1118
820
379
-148
-585
-980
-1292
-1506
-1734
-1859
-1866
-1835
-1728
-1728
-1777
-1667
-1581
-1602
-1729
-1907
-1945
-1954
-1995
-1953
-1933
-1822
-1545
-1286
-1013
-791
-630
-345
-158
-143
-149
-226
-258
-321
-533
-699
-837
-928
-914
-968
-1028
-999
-937
-757
-584
-539
-454
-322
-141
24
75
168
286
348
409
413
391
451
488
489
507
486
528
648
731
761
775
820
936
1007
959
912
852
786
739
607
453
325
213
161
75
-57
-101
-48
13
53
36
49
119
175
196
127
36
11
-26
-80
-151
-229
-211
-138
-53
14
69
202
349
432
469
436
436
488
430
356
313
287
410
523
555
676
790
936
1139
1193
1199
1218
1238
1394
1446
1359
1374
1358
1405
1481
1385
1374
1399
1387
1449
1345
1138
1012
853
699
466
64
-252
-523
-850
-1150
-1495
-1774
-1947
-2121
-2220
-2332
-2451
-2437
-2379
-2347
-2358
-2393
-2316
-2160
-2064
-1967
-1860
-1735
-1544
-1341
-1141
-981
-815
-617
-470
-401
-378
-351
-280
-225
-269
-351
-388
-372
-330
-321
-372
-410
-420
-413
-420
-450
-445
-408
-351
-298
-250
-154
19
253
431
525
615
721
846
938
937
902
904
927
989
1033
1034
1076
1163
1281
1320
1283
1293
1326
1329
1252
1079
878
711
577
431
260
94
-34
-87
-95
-100
-96
-74
-44
-41
-67
-85
-73
-28
0
-61
-150
-210
-213
-134
-41
22
73
138
229
344
423
475
502
478
421
330
298
336
380
435
464
481
568
699
826
910
929
949
1025
1151
1241
1234
1224
1218
1183
1175
1129
1066
1043
1023
1005
879
652
470
335
191
-71
-473
-851
-1170
-1441
-1698
-1992
-2241
-2413
-2477
-2451
-2477
-2521
-2468
-2331
-2186
-2128
-2112
-2027
-1881
-1731
-1603
-1525
-1438
-1266
-1032
-821
-700
-606
-465
-319
-243
-260
-297
-305
-315
-367
-454
-560
-617
-582
-544
-540
-548
-532
-447
-340
-261
-200
-109
55
217
325
423
554
762
985
1109
1163
1210
1288
1399
1429
1370
1308
1295
1370
1413
1389
1419
1506
1624
1696
1667
1635
1615
1582
1517
1322
1042
809
628
467
259
19
-144
-215
-224
-215
-211
-192
-134
-54
-16
-51
-109
-127
-123
-184
-317
-431
-483
-472
-456
-449
-388
-270
-119
67
183
211
270
313
318
289
164
87
92
86
115
134
195
350
482
596
689
734
880
1065
1102
1086
993
910
922
830
702
590
455
443
431
336
242
77
-18
-64
-282
-568
-904
-1236
-1453
-1735
-2050
-2281
-2481
-2512
-2488
-2521
-2460
-2370
-2171
-1913
-1814
-1705
-1574
-1429
-1186
-1057
-1004
-898
-825
-692
-559
-515
-431
-358
-281
-190
-237
-259
-181
-153
-139
-189
-283
-285
-272
-260
-220
-238
-257
-212
-131
-32
43
137
334
524
651
822
1045
1282
1484
1584
1649
1713
1743
1758
1726
1615
1516
1483
1485
1469
1421
1423
1512
1586
1590
1557
1528
1501
1419
1248
1021
772
543
373
192
-16
-192
-291
-307
-286
-271
-226
-157
-128
-134
-181
-234
-278
-353
-457
-612
-790
-893
-873
-784
-726
-695
-641
-522
-355
-207
-84
7
57
58
-10
-87
-146
-192
-208
-229
-273
-231
-85
90
271
384
467
566
622
725
808
744
663
555
428
372
274
212
246
189
178
231
194
190
118
0
-71
-332
-613
-797
-1098
-1363
-1606
-1857
-1927
-1992
-2020
-1880
-1816
-1747
-1566
-1436
-1271
-1176
-1165
-1062
-1032
-1022
-924
-890
-861
-801
-769
-614
-435
-323
-130
13
87
172
214
265
268
173
96
5
-132
-215
-247
-236
-212
-221
-142
31
180
344
542
732
918
1090
1272
1442
1545
1606
1668
1724
1704
1652
1616
1569
1495
1422
1413
1435
1434
1442
1492
1518
1501
1482
1468
1429
1297
1082
866
651
433
253
82
-89
-253
-389
-420
-401
-389
-330
-295
-298
-337
-437
-486
-535
-672
-814
-978
-1147
-1236
-1272
-1212
-1096
-1049
-969
-835
-694
-520
-377
-265
-174
-197
-241
-265
-313
-324
-310
-264
-201
-171
-98
82
259
374
458
511
522
526
575
615
558
402
269
240
214
164
129
148
255
349
363
313
226
194
211
122
-106
-382
-605
-740
-897
-1119
-1299
-1396
-1381
-1327
-1341
-1388
-1400
-1316
-1195
-1167
-1232
-1258
-1215
-1129
-1045
-1028
-997
-892
-749
-585
-426
-307
-173
8
168
267
284
278
319
316
254
182
68
32
49
44
88
83
101
236
354
458
576
669
819
969
1087
1238
1374
1495
1618
1684
1717
1709
1690
1708
1667
1594
1556
1540
1544
1552
1546
1550
1543
1527
1485
1373
1232
1044
813
568
259
-33
-246
-439
-611
-765
-896
-917
-867
-810
-761
-762
-744
-713
-733
-757
-826
-937
-1039
-1170
-1280
-1332
-1353
-1288
-1210
-1166
-1081
-965
-774
-553
-432
-386
-379
-357
-312
-339
-406
-463
-470
-422
-394
-351
-238
-89
80
221
324
387
418
529
614
598
498
340
289
292
243
219
218
320
517
654
757
786
814
964
993
822
554
235
0
-237
-603
-919
-1194
-1399
-1458
-1544
-1594
-1582
-1532
-1335
-1193
-1153
-1060
-952
-803
-673
-652
-631
-581
-524
-416
-323
-249
-158
-80
51
160
167
223
300
330
314
197
97
56
19
3
-31
-68
-49
-1
105
234
343
521
756
978
1166
1304
1468
1657
1780
1836
1832
1776
1725
1676
1635
1577
1480
1435
1428
1417
1416
1412
1421
1429
1358
1189
972
760
538
266
-27
-335
-635
-886
-1084
-1224
-1289
-1295
-1217
-1120
-1053
-966
-884
-794
-707
-672
-684
-747
-853
-945
-1033
-1096
-1142
-1192
-1184
-1106
-1019
-918
-771
-622
-474
-374
-333
-278
-265
-292
-347
-446
-525
-558
-580
-576
-539
-487
-395
-305
-193
-57
34
193
347
434
538
566
601
704
757
794
828
859
1005
1105
1115
1095
1010
999
989
832
613
331
55
-134
-400
-687
-885
-1066
-1141
-1183
-1260
-1288
-1293
-1212
-1093
-1067
-1052
-987
-911
-785
-686
-645
-554
-462
-361
-240
-171
-89
15
119
236
277
267
311
347
343
282
164
103
63
37
53
41
52
121
219
360
495
646
861
1055
1226
1386
1506
1625
1724
1778
1789
1736
1656
1578
1484
1397
1300
1193
1127
1065
1004
978
967
963
944
828
671
495
275
41
-226
-493
-738
-974
-1160
-1278
-1338
-1319
-1248
-1138
-1010
-896
-757
-609
-516
-455
-453
-511
-590
-715
-840
-955
-1074
-1141
-1154
-1166
-1149
-1105
-1036
-913
-825
-767
-721
-722
-717
-753
-817
-857
-929
-928
-875
-841
-759
-638
-464
-257
-78
107
281
417
594
771
902
984
969
958
1012
999
997
1006
1027
1164
1218
1192
1135
1044
1062
1014
816
614
326
73
-100
-359
-584
-773
-919
-899
-942
-1033
-1013
-956
-787
-631
-587
-504
-440
-335
-140
-82
-55
-35
-75
-27
-26
-79
-84
-111
-85
-52
-111
-104
-72
-48
34
5
-23
25
46
129
163
151
203
241
327
456
541
672
821
947
1124
1255
1372
1518
1592
1639
1608
1511
1420
1251
1072
920
764
624
487
370
321
305
301
309
260
195
112
1
-140
-360
-605
-826
-1034
-1213
-1356
-1443
-1428
-1341
-1206
-1038
-846
-615
-421
-262
-129
-81
-85
-151
-290
-463
-673
-871
-993
-1096
-1193
-1241
-1255
-1182
-1075
-996
-887
-813
-781
-730
-720
-735
-763
-820
-808
-768
-723
-631
-528
-346
-122
61
272
456
570
728
873
980
1067
1054
1084
1167
1184
1228
1264
1295
1413
1480
1511
1496
1350
1264
1199
1048
856
554
255
49
-186
-367
-479
-613
-650
-654
-675
-626
-601
-520
-369
-331
-310
-308
-308
-224
-202
-216
-210
-254
-267
-258
-274
-277
-296
-287
-219
-204
-215
-199
-165
-99
-70
-94
-111
-118
-95
-67
-55
-23
3
53
145
225
315
441
581
743
892
991
1098
1206
1277
1275
1188
1077
917
752
639
513
377
272
169
114
107
126
201
230
208
150
47
-42
-187
-366
-536
-708
-864
-978
-1052
-1047
-979
-878
-711
-545
-384
-213
-65
48
79
-5
-143
-315
-518
-730
-975
-1163
-1291
-1413
-1434
-1400
-1342
-1213
-1090
-963
-847
-807
-756
-704
-687
-711
-801
-843
-802
-718
-601
-493
-343
-133
100
372
611
793
966
1109
1244
1331
1354
1405
1422
1441
1488
1464
1510
1596
1669
1781
1757
1652
1575
1436
1318
1131
790
490
188
-109
-302
-500
-604
-639
-701
-679
-663
-627
-496
-392
-307
-276
-339
-342
-344
-375
-374
-437
-487
-509
-557
-508
-434
-390
-318
-270
-206
-156
-162
-117
-91
-151
-217
-301
-359
-378
-421
-392
-329
-304
-247
-155
-4
158
271
393
524
639
742
807
856
885
859
808
719
578
478
424
384
329
255
235
270
316
365
393
414
415
343
251
122
-68
-231
-411
-585
-716
-840
-892
-872
-814
-706
-580
-429
-270
-167
-91
-48
-56
-95
-225
-408
-594
-780
-901
-1006
-1123
-1186
-1187
-1132
-1071
-1027
-965
-913
-878
-866
-897
-923
-915
-891
-867
-845
-769
-613
-389
-142
77
296
536
790
1014
1167
1268
1338
1422
1511
1538
1526
1545
1619
1700
1738
1737
1742
1801
1882
1862
1712
1488
1274
1119
914
611
271
-44
-280
-430
-561
-651
-710
-731
-668
-613
-576
-529
-459
-356
-316
-390
-457
-473
-451
-417
-429
-445
-453
-431
-346
-257
-185
-134
-94
-51
-66
-144
-207
-262
-330
-446
-600
-701
-760
-767
-730
-688
-625
-562
-474
-339
-216
-82
56
158
251
300
349
432
504
552
537
475
430
412
428
466
459
441
426
431
465
477
496
517
492
421
306
193
107
-4
-132
-291
-474
-590
-655
-669
-634
-588
-517
-431
-355
-284
-207
-141
-111
-137
-211
-335
-482
-594
-684
-793
-904
-997
-1035
-998
-964
-930
-898
-874
-824
-795
-772
-734
-687
-621
-564
-534
-488
-340
-128
112
320
460
628
825
1015
1175
1256
1311
1400
1485
1532
1506
1452
1511
1582
1584
1578
1527
1572
1669
1656
1558
1331
1127
1048
903
656
295
-99
-321
-497
-682
-793
-913
-927
-846
-831
-784
-743
-659
-482
-445
-487
-532
-561
-451
-395
-429
-441
-471
-401
-302
-285
-240
-205
-144
-63
-112
-177
-212
-238
-234
-351
-520
-631
-719
-706
-721
-797
-782
-737
-638
-511
-463
-362
-208
-75
72
145
209
338
439
530
547
498
511
536
560
578
549
577
645
675
687
679
716
773
755
689
568
438
348
224
61
-108
-291
-419
-491
-575
-634
-651
-612
-529
-482
-459
-419
-369
-327
-341
-420
-530
-634
-735
-829
-915
-980
-992
-964
-894
-820
-749
-637
-533
-469
-432
-410
-366
-299
-252
-227
-200
-137
-7
143
273
392
530
699
838
940
1013
1117
1274
1362
1384
1367
1349
1387
1411
1391
1355
1292
1310
1368
1339
1265
1136
1055
1018
845
625
392
143
-34
-250
-472
-614
-752
-790
-753
-794
-827
-801
-709
-589
-579
-575
-531
-520
-476
-451
-474
-465
-481
-462
-409
-415
-391
-304
-212
-136
-138
-135
-85
-119
-171
-249
-394
-503
-612
-723
-821
-936
-980
-955
-916
-843
-750
-612
-433
-286
-133
32
153
272
355
381
402
389
387
376
354
351
364
445
542
593
654
749
829
893
898
854
814
719
578
411
195
-12
-209
-392
-545
-706
-806
-812
-814
-771
-695
-636
-520
-419
-364
-302
-278
-285
-296
-348
-397
-431
-452
-427
-415
-405
-344
-248
-145
-71
-17
22
33
19
-29
-109
-182
-206
-187
-164
-137
-76
40
191
343
490
636
801
1029
1223
1333
1404
1420
1422
1415
1349
1277
1209
1136
1111
1057
991
967
955
996
980
851
734
582
440
277
-33
-322
-596
-862
-1008
-1155
-1280
-1306
-1297
-1199
-1090
-1006
-819
-646
-474
-299
-243
-161
-79
-59
-2
-36
-113
-133
-198
-206
-216
-258
-241
-261
-275
-292
-362
-394
-447
-531
-590
-697
-790
-841
-917
-948
-950
-922
-827
-760
-657
-504
-369
-181
-28
97
244
336
418
482
506
544
562
546
522
516
561
613
641
675
685
699
718
697
651
549
413
284
123
-48
-218
-398
-493
-569
-647
-681
-701
-637
-512
-407
-315
-214
-132
-54
9
30
43
18
-22
-60
-90
-74
-50
-5
63
95
121
138
128
116
68
-21
-143
-286
-388
-442
-451
-425
-372
-263
-118
57
276
476
698
970
1171
1293
1349
1383
1412
1340
1240
1116
949
897
899
838
775
730
799
924
913
837
716
547
395
138
-154
-435
-784
-1027
-1201
-1402
-1484
-1482
-1382
-1209
-1121
-960
-690
-468
-254
-102
3
90
83
107
104
0
-46
-103
-146
-179
-274
-235
-171
-206
-233
-292
-294
-291
-406
-491
-584
-669
-672
-765
-873
-933
-956
-823
-719
-696
-589
-444
-230
-17
79
180
305
447
560
519
465
446
427
421
315
211
188
209
284
299
279
327
435
547
566
530
534
521
464
371
196
42
-56
-156
-249
-383
-476
-451
-383
-319
-299
-251
-121
-11
38
51
45
78
117
88
17
-60
-64
-5
-2
-14
-36
-9
97
133
135
101
49
72
32
-53
-129
-235
-205
-146
-165
-120
-71
67
353
543
694
855
958
1151
1245
1168
1115
1006
941
891
710
602
512
456
538
537
502
507
486
491
399
191
13
-201
-428
-668
-963
-1192
-1350
-1445
-1447
-1462
-1419
-1268
-1087
-848
-645
-459
-230
-26
130
195
197
222
207
177
133
27
-38
-62
-89
-106
-159
-190
-172
-201
-247
-318
-382
-401
-466
-550
-655
-753
-762
-772
-793
-765
-708
-577
-407
-270
-113
31
181
369
487
550
565
540
519
442
338
270
213
200
204
202
271
380
502
625
675
706
752
743
692
586
427
280
134
4
-120
-252
-319
-322
-298
-260
-233
-168
-67
-8
24
29
25
33
38
26
-7
-66
-96
-94
-82
-66
-60
-32
20
70
86
53
24
-22
-101
-166
-254
-339
-379
-378
-320
-253
-191
-62
135
374
607
781
917
1014
1074
1109
1061
922
761
634
553
455
353
306
324
390
430
458
495
471
437
356
173
-40
-318
-580
-794
-1074
-1313
-1486
-1585
-1578
-1564
-1482
-1306
-1148
-923
-656
-413
-152
39
209
366
400
411
396
342
316
210
113
51
-62
-104
-119
-149
-159
-203
-207
-196
-232
-252
-304
-350
-387
-465
-507
-542
-584
-543
-485
-417
-314
-225
-53
123
251
375
457
546
608
567
519
452
383
337
263
227
228
250
361
469
558
677
744
814
850
789
723
624
477
329
137
-42
-187
-327
-403
-482
-522
-487
-456
-373
-292
-251
-176
-121
-84
-38
-58
-76
-62
-105
-131
-143
-146
-101
-97
-81
-43
-68
-51
-21
-55
-101
-166
-213
-247
-334
-380
-348
-302
-228
-155
-57
162
408
613
799
922
1044
1159
1185
1157
1055
938
851
724
575
426
336
360
360
290
232
190
187
159
39
-113
-314
-510
-673
-900
-1147
-1360
-1483
-1483
-1515
-1549
-1452
-1270
-1028
-796
-593
-341
-114
102
301
378
402
397
357
327
206
49
-41
-117
-168
-258
-336
-327
-319
-301
-282
-310
-324
-332
-326
-308
-366
-400
-389
-387
-369
-369
-301
-170
-62
82
226
356
530
663
759
816
788
758
708
601
486
357
278
255
235
264
321
408
549
669
757
820
817
797
740
615
465
294
148
19
-144
-286
-367
-385
-383
-390
-375
-332
-269
-206
-148
-118
-118
-103
-74
-88
-134
-172
-175
-164
-175
-161
-126
-99
-57
-29
7
39
29
0
-40
-117
-207
-288
-346
-362
-358
-320
-248
-111
113
361
587
793
970
1111
1181
1151
1085
953
777
581
357
148
-18
-116
-148
-162
-180
-161
-119
-83
-77
-112
-167
-294
-447
-570
-737
-918
-1075
-1198
-1250
-1296
-1295
-1172
-1000
-814
-617
-390
-119
95
262
425
502
521
489
421
349
210
70
-19
-117
-204
-289
-329
-320
-344
-326
-294
-295
-288
-286
-260
-230
-238
-216
-171
-159
-133
-88
10
127
211
332
447
540
666
737
777
805
769
735
657
539
438
348
291
242
204
218
255
320
423
484
542
579
567
549
487
375
245
103
-26
-159
-319
-439
-506
-546
-561
-581
-567
-514
-456
-376
-292
-233
-171
-101
-48
-5
8
15
34
13
-29
-48
-71
-82
-85
-96
-90
-102
-115
-110
-137
-176
-222
-264
-285
-310
-308
-266
-214
-113
42
204
390
547
665
778
836
839
752
614
500
374
249
90
-71
-129
-148
-136
-106
-109
-90
-48
-13
-1
-61
-145
-201
-284
-389
-524
-667
-748
-817
-848
-845
-856
-806
-721
-607
-465
-352
-205
-47
61
145
183
203
236
218
169
96
10
-45
-109
-175
-231
-292
-309
-311
-328
-325
-319
-279
-211
-165
-116
-46
40
125
193
263
319
391
477
544
587
616
672
748
790
801
800
812
812
754
685
615
546
496
430
356
306
276
285
309
312
298
290
312
321
272
180
88
-5
-119
-254
-384
-493
-562
-598
-625
-646
-628
-524
-381
-255
-155
-72
16
116
165
141
86
17
-44
-124
-220
-298
-362
-391
-361
-336
-320
-265
-187
-117
-94
-132
-173
-213
-265
-319
-397
-458
-459
-416
-304
-151
-16
144
311
446
551
600
618
605
527
432
317
166
49
-14
-27
-17
-10
36
104
159
223
272
279
234
141
40
-99
-283
-471
-627
-760
-879
-946
-944
-892
-788
-636
-466
-270
-87
77
253
366
408
426
385
303
184
52
-44
-160
-258
-312
-375
-401
-396
-372
-327
-286
-247
-177
-114
-63
-24
0
44
71
86
123
159
214
286
345
421
519
617
713
788
832
856
864
835
767
681
610
538
451
372
315
292
283
280
283
274
282
278
258
221
123
7
-103
-232
-367
-490
-590
-667
-741
-785
-766
-707
-604
-476
-352
-235
-114
4
96
148
173
153
104
41
-43
-103
-160
-208
-242
-278
-265
-229
-210
-185
-180
-195
-214
-265
-314
-381
-454
-491
-517
-507
-486
-406
-232
-55
120
262
410
570
678
732
731
707
672
613
537
472
414
377
385
390
404
404
407
422
376
310
207
66
-77
-272
-470
-635
-805
-940
-1041
-1105
-1092
-1016
-887
-713
-526
-317
-100
96
271
379
440
470
435
383
284
156
47
-66
-162
-253
-339
-368
-363
-352
-325
-326
-303
-255
-229
-196
-181
-161
-130
-87
-17
34
86
163
228
315
408
486
595
689
762
821
846
885
905
875
826
754
684
613
537
490
447
386
343
301
273
262
237
210
136
38
-69
-211
-341
-467
-610
-749
-875
-939
-956
-938
-857
-752
-628
-461
-282
-93
77
204
313
363
366
338
260
174
86
-29
-136
-246
-327
-356
-384
-394
-407
-436
-436
-450
-491
-519
-567
-609
-638
-650
-612
-577
-515
-394
-227
-36
141
335
526
669
786
884
958
994
973
932
854
747
668
605
545
486
419
354
281
212
179
111
16
-101
-235
-358
-506
-643
-759
-869
-924
-961
-962
-877
-758
-597
-408
-229
-40
132
272
400
453
474
476
406
326
200
39
-78
-197
-313
-403
-484
-516
-511
-505
-474
-434
-385
-313
-252
-196
-131
-67
16
85
116
151
216
318
416
503
587
659
748
848
931
985
1005
1019
1013
960
898
845
787
729
646
539
434
336
292
244
158
65
-41
-131
-238
-375
-499
-605
-697
-772
-841
-879
-851
-782
-680
-577
-476
-321
-143
35
182
254
291
312
305
270
188
85
-3
-113
-222
-326
-425
-488
-551
-623
-692
-746
-754
-748
-766
-790
-816
-820
-785
-734
-668
-580
-487
-354
-172
22
223
419
590
736
828
877
919
928
921
882
803
717
621
544
500
463
414
359
282
203
132
49
-35
-152
-297
-443
-603
-734
-834
-907
-936
-921
-868
-764
-616
-417
-185
26
227
404
555
668
724
719
671
595
489
346
179
37
-91
-206
-313
-409
-456
-481
-484
-480
-475
-458
-423
-364
-309
-238
-154
-70
5
68
139
225
338
463
550
606
689
771
844
922
958
979
973
945
908
839
758
684
608
516
406
288
198
119
38
-25
-110
-201
-280
-364
-448
-538
-613
-660
-696
-727
-736
-717
-652
-552
-453
-338
-215
-97
37
159
235
278
284
277
256
183
98
-10
-131
-239
-351
-455
-566
-658
-721
-770
-792
-819
-828
-797
-760
-728
-695
-648
-574
-487
-374
-268
-166
-27
132
318
492
616
749
866
949
1008
1020
1030
1011
957
890
782
669
579
479
410
320
196
85
-34
-130
-217
-328
-429
-532
-648
-731
-795
-825
-823
-809
-736
-625
-497
-310
-107
84
276
426
540
643
701
716
701
634
527
383
219
64
-97
-249
-383
-535
-646
-709
-738
-719
-712
-680
-601
-498
-373
-244
-126
-24
92
202
268
321
376
442
500
532
550
569
591
633
668
680
701
709
725
721
669
617
551
469
378
242
110
0
-98
-174
-263
-347
-398
-444
-469
-478
-506
-505
-472
-447
-425
-398
-354
-261
-184
-135
-82
-28
66
141
191
212
201
209
207
177
108
15
-71
-166
-285
-425
-558
-682
-788
-871
-944
-984
-974
-935
-865
-786
-698
-573
-440
-287
-163
-49
84
192
350
482
592
743
822
902
976
982
1030
1063
1039
1015
919
804
724
614
515
388
231
101
-50
-192
-303
-419
-511
-578
-645
-681
-716
-734
-681
-635
-569
-473
-383
-246
-92
74
254
398
521
641
709
749
747
703
642
530
393
219
20
-149
-313
-448
-582
-716
-777
-808
-797
-740
-675
-569
-469
-366
-226
-117
-12
105
180
247
278
282
321
360
391
420
437
472
509
534
582
605
604
603
551
482
407
321
261
179
82
-9
-85
-107
-111
-121
-122
-123
-124
-125
-138
-161
-197
-239
-257
-285
-346
-375
-363
-316
-278
-252
-195
-112
-32
35
87
121
138
151
137
57
-55
-162
-272
-400
-537
-686
-804
-855
-887
-878
-838
-776
-658
-527
-383
-257
-160
-54
47
107
141
173
215
291
359
428
510
607
743
854
920
966
991
1019
1003
930
813
646
509
387
239
88
-70
-181
-256
-338
-400
-437
-453
-466
-485
-504
-507
-493
-441
-378
-336
-290
-188
-43
86
199
307
399
484
572
604
597
556
493
415
288
135
-34
-194
-332
-468
-605
-707
-775
-803
-807
-787
-713
-625
-513
-392
-293
-189
-83
38
147
215
256
293
343
375
403
415
420
423
430
430
421
421
408
388
365
334
282
247
237
208
169
129
103
88
82
79
69
57
38
13
-37
-96
-142
-192
-230
-281
-339
-374
-384
-365
-324
-280
-224
-159
-108
-44
5
41
76
65
41
-12
-84
-156
-258
-367
-464
-547
-607
-648
-669
-643
-605
-538
-443
-357
-272
-199
-146
-101
-64
-41
-18
33
91
165
246
348
473
583
720
827
899
950
951
944
913
823
712
574
427
287
154
38
-62
-152
-229
-278
-302
-316
-340
-371
-389
-405
-431
-436
-460
-459
-410
-360
-280
-194
-93
43
177
295
391
463
527
563
543
493
409
318
235
97
-63
-204
-331
-413
-473
-547
-594
-603
-569
-514
-465
-407
-334
-259
-185
-116
-62
-1
60
107
125
117
122
162
179
178
173
168
197
234
249
269
294
323
359
353
346
347
336
319
266
210
168
133
130
121
77
42
10
-19
-31
-53
-83
-116
-147
-179
-228
-278
-313
-338
-344
-343
-362
-341
-278
-200
-106
-42
-5
35
68
85
65
1
-81
-188
-313
-424
-514
-572
-598
-597
-568
-512
-446
-352
-269
-209
-142
-85
-45
-22
4
75
156
218
308
414
534
675
793
899
954
986
1034
1034
983
875
750
611
456
302
158
17
-124
-242
-333
-393
-436
-458
-467
-465
-473
-478
-476
-456
-410
-380
-341
-301
-240
-151
-60
34
120
184
239
309
360
364
337
303
248
161
67
-18
-124
-235
-309
-371
-412
-441
-444
-402
-364
-329
-282
-223
-163
-113
-71
-21
22
45
83
101
118
130
152
191
196
205
230
249
271
285
295
312
313
299
301
273
226
184
145
132
99
58
35
13
19
7
-30
-43
-73
-99
-127
-157
-185
-235
-282
-305
-323
-318
-306
-268
-214
-189
-157
-78
4
84
121
135
148
114
82
29
-34
-109
-218
-309
-386
-458
-483
-496
-492
-471
-446
-391
-343
-292
-243
-195
-143
-93
-43
26
133
218
308
411
511
654
781
873
962
996
1023
1040
979
913
783
631
507
338
189
41
-123
-236
-358
-458
-509
-572
-582
-577
-590
-587
-607
-589
-546
-507
-442
-399
-343
-266
-187
-87
12
116
211
268
324
371
392
408
382
333
254
158
87
-12
-118
-210
-287
-333
-382
-403
-383
-350
-309
-249
-176
-104
-33
37
98
145
180
212
242
240
225
207
197
210
198
173
155
145
160
143
113
108
100
110
105
52
12
-26
-60
-50
-78
-95
-94
-94
-61
-71
-71
-42
-30
-22
-37
-57
-75
-110
-125
-144
-185
-222
-249
-230
-214
-200
-165
-116
-52
-8
33
60
59
52
30
-5
-79
-156
-222
-302
-363
-403
-440
-448
-414
-377
-334
-293
-219
-134
-64
31
108
176
275
367
469
538
583
669
739
791
821
821
859
858
820
799
724
642
570
468
336
171
16
-109
-236
-378
-532
-654
-706
-730
-753
-786
-785
-751
-707
-644
-600
-543
-453
-362
-285
-206
-125
-19
70
140
200
231
304
366
369
363
325
296
263
180
97
22
-50
-103
-157
-217
-256
-260
-230
-190
-170
-130
-52
27
92
149
180
212
245
262
267
240
214
202
179
137
83
65
58
42
33
32
51
66
105
125
102
102
116
113
100
69
35
22
-11
-50
-80
-118
-129
-134
-157
-175
-205
-222
-224
-251
-269
-291
-311
-304
-300
-281
-245
-213
-149
-65
1
60
128
170
199
205
173
126
46
-30
-119
-212
-285
-344
-386
-404
-399
-363
-305
-223
-137
-48
67
180
311
436
531
605
671
718
743
752
753
735
698
660
616
557
512
469
408
339
232
119
10
-120
-253
-388
-521
-660
-762
-818
-852
-853
-830
-788
-725
-641
-535
-426
-325
-232
-139
-62
-12
54
104
148
183
193
217
230
250
279
286
275
250
224
187
137
62
-20
-82
-143
-202
-251
-282
-287
-258
-205
-142
-83
-14
84
179
244
279
289
308
319
301
263
204
151
127
95
59
25
10
23
42
62
80
111
145
167
172
148
114
101
70
9
-57
-120
-149
-161
-173
-180
-194
-202
-193
-191
-201
-218
-240
-267
-309
-342
-346
-336
-304
-267
-232
-180
-93
15
115
195
235
259
277
264
213
138
37
-85
-192
-289
-363
-409
-434
-411
-360
-292
-193
-73
87
246
382
512
603
699
792
825
834
802
743
700
642
572
508
432
395
338
264
209
126
48
-51
-181
-321
-476
-596
-694
-800
-882
-924
-915
-870
-810
-721
-601
-486
-371
-272
-164
-64
-2
64
86
90
109
120
153
165
176
213
245
279
287
277
273
251
208
138
39
-50
-97
-146
-195
-224
-222
-169
-123
-50
34
111
205
278
338
358
349
334
307
268
210
149
98
48
19
1
-18
-22
-3
34
74
101
136
180
187
174
134
89
56
7
-46
-107
-172
-202
-213
-212
-187
-170
-152
-151
-162
-165
-178
-208
-269
-343
-428
-486
-516
-504
-475
-425
-340
-240
-103
35
158
252
315
363
372
329
276
199
118
23
-100
-191
-258
-274
-239
-188
-112
-15
98
226
352
466
565
621
645
640
617
589
542
486
422
358
323
299
283
270
250
221
170
104
16
-109
-234
-369
-519
-657
-786
-877
-910
-911
-881
-818
-720
-588
-433
-301
-212
-136
-45
36
77
100
103
101
112
117
117
123
148
197
243
274
299
315
339
348
313
235
126
28
-40
-116
-186
-219
-208
-167
-121
-57
30
116
208
277
293
277
248
237
225
170
95
48
28
-5
-33
-32
-25
-2
40
60
73
93
126
169
192
166
123
109
111
92
57
12
-32
-65
-79
-92
-114
-127
-141
-166
-205
-255
-289
-314
-350
-417
-483
-505
-499
-473
-436
-406
-344
-258
-160
-58
31
131
211
273
317
310
285
278
259
230
208
172
166
183
190
212
236
270
298
305
313
313
310
303
298
289
258
230
198
168
137
82
37
-8
-71
-120
-184
-245
-292
-358
-418
-470
-500
-509
-513
-505
-504
-484
-432
-384
-343
-299
-269
-220
-163
-123
-73
-49
-31
4
9
13
20
36
67
68
76
98
128
178
218
251
274
279
302
300
267
233
188
150
93
35
9
-4
6
40
64
87
115
155
195
202
195
178
161
137
98
64
35
16
10
3
0
17
40
74
94
102
121
127
138
157
160
161
146
134
144
122
104
93
60
34
-16
-64
-87
-134
-176
-227
-284
-315
-355
-390
-402
-418
-434
-443
-431
-391
-349
-288
-202
-116
-29
72
195
317
404
468
511
536
543
517
484
424
341
263
172
87
2
-58
-72
-100
-130
-142
-138
-115
-96
-83
-68
-60
-78
-93
-123
-174
-222
-277
-332
-380
-433
-467
-471
-462
-449
-417
-366
-306
-245
-188
-125
-73
-43
-22
-9
-15
-37
-51
-39
-32
-27
-18
10
52
87
123
146
160
172
188
201
198
179
168
174
187
194
221
265
306
339
360
368
348
319
283
229
172
112
56
15
-17
-31
-25
-4
20
42
74
112
133
130
106
78
39
-26
-77
-116
-151
-173
-182
-177
-155
-121
-60
21
94
163
225
276
313
334
331
307
267
216
161
104
45
-7
-39
-76
-102
-114
-124
-129
-137
-146
-169
-198
-225
-250
-262
-249
-215
-173
-126
-59
32
121
199
264
327
368
372
355
314
248
161
69
-19
-113
-212
-295
-368
-437
-496
-537
-560
-569
-577
-575
-567
-561
-558
-539
-509
-502
-493
-471
-438
-399
-380
-348
-309
-298
-275
-217
-163
-112
-68
-11
47
83
125
174
217
237
249
260
258
250
252
254
254
258
272
292
315
334
348
359
347
330
322
312
297
283
261
244
238
233
252
265
285
309
313
320
321
307
277
228
173
117
61
14
-23
-45
-52
-49
-25
5
35
79
117
145
156
145
138
111
68
30
-8
-50
-82
-91
-82
-61
-30
7
51
90
136
182
208
222
216
207
206
187
166
131
84
55
28
11
9
11
32
57
90
136
152
163
178
155
124
78
13
-46
-115
-178
-231
-289
-318
-319
-306
-281
-270
-259
-238
-245
-279
-326
-399
-482
-590
-697
-795
-889
-944
-979
-994
-981
-958
-902
-824
-745
-659
-585
-512
-437
-375
-314
-266
-226
-186
-164
-142
-112
-79
-28
18
65
127
188
262
328
403
477
526
577
611
622
624
605
573
529
467
420
379
350
341
322
319
338
351
375
406
420
434
430
424
405
367
345
325
291
279
275
263
262
269
275
265
241
216
180
137
97
46
-2
-31
-59
-71
-64
-44
-9
40
100
159
197
227
252
244
223
187
145
107
59
18
-2
-16
-11
14
40
85
130
173
203
217
226
221
198
166
130
98
80
77
82
96
110
124
126
124
107
68
15
-60
-140
-234
-336
-419
-507
-575
-621
-663
-666
-658
-644
-611
-593
-572
-558
-569
-583
-619
-674
-723
-780
-839
-888
-930
-958
-966
-953
-925
-881
-820
-762
-691
-614
-543
-473
-410
-351
-296
-249
-199
-149
-102
-53
-19
18
69
115
176
235
292
347
390
449
514
563
619
656
675
699
705
710
705
697
688
668
652
637
619
610
602
591
574
548
529
520
515
507
491
465
439
412
384
350
315
298
272
262
262
261
276
279
280
271
244
226
206
177
150
123
100
77
68
80
105
129
149
173
193
222
248
246
215
172
121
69
12
-51
-105
-153
-179
-180
-165
-124
-70
-13
51
108
158
199
223
227
212
173
116
43
-22
-80
-142
-207
-275
-328
-356
-371
-388
-416
-449
-474
-506
-535
-577
-624
-669
-710
-745
-782
-820
-835
-840
-843
-835
-833
-836
-836
-843
-857
-871
-898
-927
-953
-971
-976
-964
-942
-898
-827
-749
-662
-570
-475
-373
-268
-179
-99
-30
29
94
152
202
251
295
351
408
469
527
580
637
691
744
787
828
871
896
916
923
909
896
875
841
806
757
709
669
635
603
568
537
523
525
536
544
547
548
543
530
504
463
420
384
359
344
340
352
379
414
455
493
518
534
538
525
485
427
364
293
229
171
118
83
61
56
58
54
54
52
35
5
-40
-101
-167
-234
-300
-361
-407
-433
-436
-422
-378
-320
-249
-171
-100
-42
-2
17
11
-18
-60
-113
-185
-264
-347
-419
-476
-521
-553
-569
-584
-594
-599
-604
-608
-625
-643
-669
-717
-761
-803
-840
-873
-904
-920
-931
-936
-931
-924
-907
-893
-881
-866
-868
-880
-895
-912
-926
-938
-938
-919
-889
-838
-768
-684
-585
-471
-342
-224
-119
-9
105
199
279
355
423
493
555
615
681
742
807
872
935
996
1041
1079
1115
1129
1124
1116
1094
1069
1033
987
940
893
862
841
823
811
803
804
819
832
840
850
847
848
851
838
818
790
764
736
703
673
646
624
607
582
567
540
504
470
422
365
288
190
105
20
-66
-142
-213
-247
-261
-266
-252
-250
-230
-195
-167
-149
-161
-190
-231
-287
-345
-407
-476
-541
-599
-629
-632
-626
-593
-548
-499
-461
-418
-373
-350
-348
-377
-418
-457
-487
-526
-581
-641
-688
-698
-696
-698
-709
-713
-699
-677
-662
-664
-687
-718
-744
-789
-828
-863
-898
-927
-960
-976
-975
-947
-913
-884
-844
-814
-791
-756
-736
-730
-724
-721
-704
-691
-686
-656
-601
-512
-408
-300
-182
-50
93
248
392
518
635
729
813
869
915
966
992
1007
1015
1013
1033
1058
1075
1084
1080
1083
1098
1126
1145
1151
1153
1146
1144
1146
1144
1130
1115
1106
1090
1062
1032
1009
995
971
951
932
906
887
861
827
785
730
685
628
564
489
400
322
239
159
77
-3
-68
-126
-183
-244
-304
-349
-371
-401
-432
-448
-463
-453
-429
-413
-391
-386
-389
-376
-363
-355
-356
-362
-381
-425
-472
-520
-558
-595
-633
-664
-697
-711
-712
-707
-699
-692
-669
-648
-633
-625
-629
-632
-639
-655
-680
-719
-746
-759
-764
-771
-788
-793
-792
-780
-763
-751
-730
-714
-702
-705
-717
-709
-692
-684
-686
-677
-670
-655
-629
-619
-588
-562
-538
-495
-467
-442
-404
-369
-310
-259
-218
-148
-71
11
110
220
327
445
542
640
738
818
909
976
1019
1059
1073
1084
1089
1066
1058
1043
1020
1024
1022
1016
1008
1005
1024
1045
1066
1090
1124
1140
1140
1153
1164
1181
1196
1184
1158
1135
1110
1086
1052
1011
955
885
807
725
650
569
493
402
309
213
117
43
-44
-127
-210
-278
-334
-375
-409
-449
-479
-501
-509
-500
-490
-479
-465
-470
-464
-451
-431
-423
-436
-465
-505
-534
-565
-592
-633
-683
-725
-764
-799
-828
-858
-884
-916
-943
-957
-954
-942
-931
-903
-857
-812
-774
-707
-654
-616
-571
-543
-525
-531
-535
-533
-538
-558
-577
-601
-621
-624
-621
-614
-612
-609
-602
-583
-561
-541
-512
-501
-496
-456
-419
-378
-336
-305
-264
-227
-152
-82
-41
-2
34
99
159
201
254
295
324
377
446
509
552
596
650
699
749
813
876
902
912
946
978
990
1000
1000
999
1002
1015
1034
1025
1012
1026
1052
1057
1057
1056
1032
1033
1043
1034
1024
997
982
963
936
921
882
838
792
722
651
587
512
429
334
244
167
82
-1
-78
-144
-206
-261
-294
-332
-371
-404
-445
-471
-477
-469
-463
-487
-502
-501
-494
-478
-480
-482
-478
-491
-507
-511
-531
-551
-566
-595
-628
-670
-709
-737
-756
-767
-800
-827
-835
-839
-827
-827
-823
-803
-795
-777
-750
-717
-685
-660
-638
-606
-564
-521
-486
-467
-454
-446
-431
-406
-394
-413
-442
-463
-474
-486
-495
-506
-524
-518
-479
-435
-408
-370
-310
-246
-199
-134
-61
5
58
116
177
230
281
340
395
438
489
535
578
601
620
652
668
671
673
665
651
641
652
654
634
643
664
686
723
746
772
804
831
872
893
897
901
903
900
888
863
829
786
737
706
668
631
601
578
556
532
515
501
482
472
454
419
394
357
315
251
191
143
82
37
-7
-66
-125
-172
-205
-237
-267
-291
-312
-331
-339
-341
-349
-353
-356
-358
-374
-395
-410
-427
-446
-474
-505
-539
-570
-583
-584
-608
-622
-632
-653
-657
-666
-671
-674
-684
-688
-696
-715
-711
-708
-710
-716
-735
-741
-747
-743
-729
-728
-714
-690
-660
-613
-565
-508
-448
-397
-342
-305
-291
-273
-255
-242
-259
-281
-293
-303
-292
-263
-240
-218
-190
-139
-77
-21
43
98
133
186
253
305
346
384
425
475
525
579
607
623
650
692
726
745
749
745
743
745
754
743
720
701
678
663
649
637
631
633
649
668
692
708
739
763
764
761
744
710
651
575
502
422
345
276
219
172
146
149
152
155
171
208
226
227
223
214
199
171
135
95
55
16
-24
-54
-76
-96
-119
-148
-170
-190
-208
-227
-256
-295
-332
-363
-388
-401
-423
-446
-460
-463
-469
-483
-487
-494
-509
-527
-531
-542
-562
-559
-555
-559
-567
-572
-583
-595
-601
-607
-628
-656
-676
-694
-707
-710
-703
-699
-694
-683
-666
-640
-615
-593
-564
-533
-501
-469
-424
-377
-332
-280
-235
-193
-149
-108
-77
-55
-34
-23
-10
4
18
35
50
76
107
137
172
218
262
312
359
399
442
480
518
553
584
602
633
660
676
699
717
728
741
756
760
761
753
739
726
714
700
674
641
612
582
550
526
501
478
464
458
448
442
444
439
419
395
369
317
265
223
166
104
57
17
-18
-40
-44
-35
-20
0
27
51
67
84
80
70
55
31
14
-7
-35
-56
-75
-97
-128
-155
-177
-202
-229
-261
-292
-336
-380
-415
-449
-480
-510
-531
-539
-545
-543
-527
-500
-476
-457
-434
-412
-392
-391
-396
-395
-408
-420
-424
-439
-459
-483
-506
-529
-557
-577
-602
-619
-628
-641
-650
-652
-654
-659
-650
-637
-630
-611
-573
-532
-486
-425
-363
-310
-247
-170
-104
-47
10
73
127
162
206
236
264
285
289
299
316
331
341
354
373
402
433
478
522
554
594
645
691
723
752
768
783
795
793
805
806
801
796
799
801
788
772
752
714
670
623
570
514
447
390
336
274
225
183
152
128
117
116
122
138
147
151
145
126
87
39
-6
-51
-101
-146
-176
-202
-213
-202
-176
-148
-126
-102
-74
-47
-28
-17
-17
-31
-64
-100
-116
-137
-171
-198
-219
-250
-271
-283
-296
-319
-358
-407
-447
-477
-509
-541
-559
-566
-564
-548
-517
-479
-459
-435
-410
-396
-385
-376
-364
-362
-376
-383
-392
-406
-412
-418
-420
-434
-451
-456
-460
-459
-451
-446
-436
-426
-415
-393
-373
-353
-338
-323
-309
-297
-281
-263
-234
-189
-144
-88
-26
35
110
191
271
339
392
434
472
507
545
567
573
573
563
555
552
559
565
558
557
557
561
574
596
619
639
643
641
647
658
659
654
640
608
579
558
528
493
452
405
356
309
272
233
191
153
115
86
57
39
32
17
7
6
4
16
32
58
76
78
75
59
31
-4
-48
-100
-154
-207
-254
-294
-320
-329
-316
-290
-257
-224
-196
-172
-155
-139
-129
-132
-140
-148
-157
-172
-200
-222
-238
-253
-271
-289
-323
-364
-396
-424
-447
-466
-484
-499
-516
-515
-503
-477
-447
-420
-394
-374
-359
-346
-332
-316
-306
-301
-294
-288
-282
-270
-255
-241
-224
-219
-217
-223
-234
-231
-224
-225
-231
-240
-249
-257
-253
-250
-243
-235
-222
-202
-184
-156
-122
-76
-17
42
94
149
205
266
331
394
445
495
533
571
598
622
649
655
663
651
638
633
613
605
588
567
553
537
526
516
509
506
501
496
486
476
460
441
418
388
353
319
278
237
199
159
120
92
71
52
38
29
21
23
30
37
55
74
90
105
115
117
120
120
109
90
54
16
-35
-90
-140
-188
-243
-298
-339
-377
-406
-424
-434
-435
-425
-408
-394
-375
-348
-326
-293
-265
-245
-221
-210
-198
-196
-204
-215
-236
-267
-296
-323
-360
-397
-422
-450
-472
-477
-475
-473
-458
-438
-412
-377
-349
-316
-268
-230
-195
-160
-134
-108
-86
-64
-53
-43
-45
-53
-63
-79
-84
-101
-126
-142
-161
-185
-201
-206
-223
-239
-237
-239
-229
-210
-192
-163
-130
-90
-40
28
92
159
231
300
374
449
526
598
659
703
757
796
820
840
842
825
803
757
706
658
591
538
477
425
376
330
300
267
246
233
219
211
208
197
187
176
158
132
116
98
81
59
40
32
28
29
34
46
42
45
43
35
36
29
9
6
1
-14
-7
4
9
31
45
45
46
34
8
-41
-94
-172
-263
-339
-425
-508
-561
-586
-588
-574
-538
-483
-424
-366
-305
-237
-186
-164
-138
-132
-150
-175
-216
-260
-304
-364
-408
-438
-476
-503
-515
-513
-509
-473
-437
-408
-369
-322
-274
-229
-172
-131
-89
-52
-33
-14
2
9
26
37
42
47
48
53
44
38
22
3
-30
-69
-95
-134
-171
-201
-224
-253
-266
-267
-262
-239
-203
-150
-96
-19
56
136
228
314
394
465
529
574
616
646
676
697
706
710
718
714
706
706
676
643
600
543
474
401
327
251
190
121
69
41
31
37
58
86
117
149
169
196
208
216
214
195
174
150
122
99
88
73
62
61
66
79
83
86
85
74
57
38
21
1
-18
-34
-45
-52
-63
-74
-78
-96
-119
-150
-193
-232
-287
-335
-388
-444
-464
-487
-486
-470
-447
-407
-367
-316
-270
-236
-210
-200
-206
-230
-267
-303
-353
-403
-447
-484
-496
-506
-496
-461
-424
-379
-332
-282
-239
-189
-146
-115
-87
-68
-51
-55
-45
-35
-42
-45
-39
-28
-17
-15
-11
-13
-26
-25
-37
-54
-64
-82
-86
-93
-101
-105
-118
-122
-122
-122
-110
-99
-77
-33
16
61
127
196
268
348
416
484
523
557
586
591
592
586
574
557
549
549
542
530
531
517
487
456
417
375
320
260
205
144
92
50
17
8
7
20
44
71
106
140
166
180
184
178
169
145
127
108
83
71
66
69
76
87
105
121
135
132
117
96
63
28
-16
-56
-90
-122
-133
-134
-136
-135
-130
-128
-135
-157
-188
-228
-283
-340
-405
-471
-522
-557
-568
-565
-543
-506
-464
-412
-360
-312
-281
-254
-236
-232
-243
-262
-279
-298
-310
-311
-302
-285
-254
-218
-178
-137
-97
-57
-31
-8
-1
-10
-21
-44
-74
-106
-128
-146
-162
-168
-165
-161
-149
-129
-111
-94
-79
-72
-76
-73
-73
-74
-72
-67
-55
-30
1
31
57
89
123
154
185
216
249
280
313
351
380
412
445
462
472
475
469
452
428
405
377
347
332
318
309
306
310
321
329
333
335
327
308
294
264
228
193
159
136
113
97
93
88
102
118
137
162
176
191
198
202
203
201
192
173
150
127
107
94
75
54
32
6
-8
-18
-29
-39
-60
-76
-95
-117
-138
-158
-170
-187
-205
-217
-240
-257
-275
-305
-337
-384
-432
-485
-537
-575
-606
-626
-638
-625
-593
-543
-484
-426
-368
-307
-252
-206
-170
-140
-123
-121
-121
-124
-130
-143
-153
-157
-156
-152
-142
-132
-131
-127
-119
-120
-127
-137
-149
-165
-177
-180
-176
-176
-176
-165
-145
-121
-101
-85
-74
-57
-38
-28
-18
-5
11
38
74
109
146
183
218
252
278
296
304
309
311
315
325
331
337
348
371
398
414
430
450
457
457
449
439
426
405
385
367
348
342
345
355
366
383
397
410
410
407
397
370
331
279
223
174
142
112
84
65
55
60
77
103
118
116
105
93
83
60
29
-10
-57
-93
-118
-134
-150
-164
-175
-175
-176
-185
-187
-200
-211
-221
-236
-250
-267
-284
-298
-306
-321
-333
-343
-360
-379
-395
-415
-439
-459
-486
-509
-521
-528
-526
-520
-499
-468
-430
-387
-334
-280
-236
-189
-142
-103
-78
-62
-59
-69
-80
-95
-109
-126
-150
-157
-162
-164
-165
-160
-150
-143
-136
-129
-120
-110
-106
-96
-78
-58
-35
-10
24
57
92
123
153
181
202
225
246
258
274
291
303
322
325
330
341
337
332
331
326
322
312
305
298
293
296
298
308
318
326
340
340
342
342
330
319
312
298
281
273
265
251
251
260
265
274
276
275
274
266
243
220
193
147
106
65
17
-15
-43
-66
-78
-84
-87
-81
-69
-52
-35
-14
-6
-2
-7
-19
-31
-50
-69
-93
-120
-145
-162
-178
-194
-205
-217
-225
-228
-239
-248
-256
-271
-284
-304
-331
-355
-373
-388
-405
-413
-417
-430
-439
-435
-424
-418
-417
-408
-392
-380
-355
-330
-305
-272
-238
-205
-168
-131
-99
-72
-54
-37
-33
-37
-53
-76
-92
-109
-130
-149
-172
-181
-177
-165
-147
-119
-93
-76
-55
-33
-11
23
49
66
89
113
137
173
206
238
274
301
327
343
356
371
380
389
386
374
363
356
353
344
333
319
311
295
278
276
276
276
284
297
306
322
344
358
368
372
373
366
347
322
298
265
241
216
187
172
165
159
154
154
154
150
135
111
76
32
-7
-47
-93
-138
-183
-217
-237
-240
-233
-218
-198
-169
-136
-110
-85
-69
-70
-70
-76
-90
-104
-119
-134
-143
-144
-149
-156
-164
-168
-167
-173
-187
-208
-239
-271
-298
-336
-374
-405
-431
-447
-467
-473
-466
-454
-429
-402
-371
-343
-313
-289
-269
-256
-252
-246
-231
-218
-213
-208
-199
-176
-148
-131
-113
-105
-96
-87
-84
-87
-95
-102
-105
-102
-96
-92
-79
-62
-39
-13
23
65
110
154
198
246
293
337
372
396
410
423
439
446
445
437
430
422
416
408
395
380
361
351
339
326
306
281
256
241
222
205
191
172
168
163
162
165
167
173
174
170
168
166
164
160
150
144
130
117
101
81
68
51
33
16
5
-7
-20
-37
-52
-64
-78
-86
-92
-105
-118
-127
-139
-141
-148
-149
-142
-133
-117
-100
-83
-63
-39
-17
-6
-6
-11
-19
-35
-51
-76
-96
-121
-143
-157
-171
-174
-185
-192
-199
-209
-220
-235
-252
-274
-298
-325
-348
-362
-378
-388
-391
-378
-356
-332
-304
-281
-264
-249
-240
-233
-234
-227
-223
-225
-223
-221
-217
-201
-176
-149
-115
-90
-68
-46
-30
-12
1
4
8
6
7
15
21
38
57
87
127
165
206
247
279
309
335
354
372
381
382
378
372
370
366
363
353
348
350
346
347
346
339
332
328
328
321
316
309
295
286
274
261
248
234
214
196
171
150
140
124
114
109
102
94
89
89
83
75
66
48
30
4
-20
-40
-61
-83
-95
-106
-112
-109
-103
-94
-84
-74
-64
-58
-62
-71
-89
-103
-117
-126
-137
-144
-140
-142
-141
-126
-115
-107
-98
-95
-99
-108
-128
-149
-175
-203
-237
-264
-289
-307
-309
-309
-307
-306
-304
-298
-293
-289
-287
-293
-300
-317
-328
-340
-354
-366
-370
-369
-356
-343
-328
-297
-277
-258
-233
-215
-202
-183
-159
-148
-143
-130
-113
-100
-75
-47
-30
-7
24
55
83
112
141
165
188
210
227
236
241
253
261
269
272
284
302
311
329
349
359
374
390
402
406
405
408
408
409
407
398
389
382
375
374
376
367
355
340
325
310
293
280
263
250
241
222
199
180
166
146
127
104
70
44
24
14
-1
-14
-28
-45
-57
-65
-67
-73
-87
-98
-114
-133
-151
-160
-166
-170
-165
-158
-159
-153
-146
-141
-130
-123
-122
-125
-124
-130
-141
-150
-163
-168
-166
-166
-171
-179
-182
-188
-189
-194
-204
-216
-239
-261
-279
-289
-297
-302
-302
-308
-307
-301
-287
-278
-270
-263
-269
-267
-269
-272
-272
-269
-265
-261
-253
-241
-217
-192
-168
-143
-120
-96
-79
-68
-57
-60
-62
-69
-78
-77
-78
-72
-63
-48
-30
-3
26
52
85
116
143
163
178
189
204
218
224
229
233
243
252
268
292
317
339
354
370
392
411
428
448
461
471
473
480
477
470
472
455
442
425
405
385
366
348
328
313
298
282
269
265
254
242
225
199
170
144
120
84
45
4
-35
-61
-78
-92
-105
-114
-118
-118
-122
-124
-132
-148
-172
-199
-222
-244
-265
-281
-289
-293
-298
-293
-276
-254
-231
-214
-202
-197
-196
-196
-195
-201
-215
-236
-257
-270
-272
-271
-279
-290
-293
-290
-296
-293
-291
-297
-308
-323
-341
-353
-364
-367
-366
-375
-374
-366
-347
-318
-287
-257
-237
-221
-200
-170
-143
-127
-113
-103
-86
-68
-49
-25
-5
8
22
33
33
38
44
38
30
17
14
16
25
43
71
101
125
155
187
219
246
278
297
305
314
327
335
339
355
369
380
400
419
442
458
470
476
470
462
443
428
421
412
402
390
379
375
376
382
376
371
368
361
355
338
321
300
278
253
227
210
187
165
140
114
81
51
28
-3
-32
-51
-80
-104
-127
-155
-177
-202
-219
-235
-251
-260
-267
-275
-289
-295
-295
-308
-318
-322
-332
-332
-331
-332
-327
-318
-302
-288
-280
-266
-254
-254
-246
-242
-254
-267
-279
-288
-308
-320
-324
-335
-347
-356
-361
-373
-375
-376
-387
-390
-395
-392
-383
-375
-362
-344
-320
-293
-266
-242
-207
-170
-137
-104
-67
-42
-22
14
36
59
77
97
121
134
157
171
189
198
205
206
203
202
191
178
168
153
153
152
152
171
181
204
234
255
279
302
324
339
349
363
362
367
380
389
402
414
428
433
441
444
439
433
412
394
369
348
327
306
300
295
295
303
317
331
339
355
363
351
339
313
284
249
202
158
118
75
42
13
-14
-36
-58
-68
-89
-108
-139
-173
-200
-242
-281
-319
-358
-390
-407
-414
-423
-413
-402
-394
-370
-348
-337
-332
-332
-346
-361
-376
-388
-401
-417
-421
-417
-416
-398
-373
-354
-333
-306
-289
-284
-281
-278
-281
-287
-297
-309
-316
-313
-304
-291
-275
-264
-242
-221
-199
-174
-156
-130
-99
-75
-53
-30
-12
2
23
27
27
36
43
42
47
64
77
95
114
132
159
186
215
243
263
272
290
305
305
295
283
265
246
238
222
204
200
210
223
243
270
300
324
344
367
377
379
376
363
339
323
307
292
288
284
282
289
294
301
301
295
290
278
267
247
229
218
204
206
209
206
209
206
201
194
179
160
131
98
68
29
-6
-40
-70
-94
-114
-138
-159
-169
-188
-203
-220
-242
-267
-294
-319
-342
-363
-376
-383
-387
-379
-373
-359
-341
-326
-314
-306
-297
-292
-291
-293
-302
-312
-318
-323
-329
-328
-322
-316
-301
-286
-273
-257
-244
-235
-230
-234
-242
-250
-260
-272
-279
-282
-279
-272
-256
-226
-194
-154
-112
-69
-25
11
44
64
76
75
71
64
56
51
46
45
54
70
90
121
156
188
221
248
269
292
311
322
330
328
320
319
315
312
314
303
300
296
291
294
294
292
292
284
280
282
283
284
282
287
279
269
266
256
248
238
222
199
180
165
151
148
139
133
131
124
127
122
122
122
102
90
68
45
30
11
-4
-17
-35
-46
-48
-45
-40
-40
-40
-49
-56
-68
-84
-101
-123
-145
-169
-191
-211
-223
-235
-244
-259
-274
-281
-296
-304
-315
-327
-334
-343
-339
-334
-320
-309
-293
-270
-252
-235
-219
-209
-197
-195
-204
-208
-220
-229
-236
-245
-247
-245
-245
-240
-227
-215
-199
-185
-168
-153
-139
-122
-113
-99
-87
-74
-54
-37
-15
6
31
55
80
103
121
130
139
147
148
147
145
143
144
149
152
162
172
185
199
215
230
240
245
255
259
259
260
258
261
263
263
263
269
274
281
288
288
279
266
251
234
210
190
168
156
149
142
147
145
156
160
166
177
172
169
166
155
140
124
102
87
75
65
54
46
42
36
36
31
23
11
1
-18
-35
-50
-68
-82
-94
-106
-114
-121
-123
-124
-131
-142
-157
-174
-192
-207
-229
-247
-264
-275
-281
-290
-293
-296
-294
-288
-284
-277
-274
-278
-278
-284
-288
-284
-279
-265
-252
-239
-218
-198
-178
-162
-154
-149
-149
-159
-169
-183
-198
-215
-231
-240
-240
-226
-206
-177
-142
-106
-69
-37
-6
19
36
45
43
38
29
23
18
22
32
46
68
103
140
178
214
247
274
290
299
296
292
279
260
243
221
211
208
211
225
239
261
288
306
326
338
341
346
337
319
303
282
266
254
239
229
221
217
213
207
201
196
187
173
156
142
125
107
93
78
67
58
52
51
48
45
43
33
23
9
-8
-20
-34
-47
-61
-79
-90
-102
-116
-127
-142
-152
-166
-187
-202
-216
-227
-231
-237
-240
-240
-239
-230
-224
-220
-218
-221
-225
-235
-244
-250
-263
-272
-278
-277
-273
-268
-254
-236
-220
-203
-186
-174
-168
-163
-155
-153
-153
-149
-146
-137
-125
-112
-96
-85
-75
-64
-55
-53
-55
-58
-65
-74
-78
-75
-69
-55
-34
-7
23
57
87
114
134
147
152
144
131
117
100
85
78
73
78
86
104
129
156
186
214
235
249
256
248
237
218
191
166
139
117
101
93
93
98
117
136
157
176
190
200
204
200
193
182
162
141
121
105
93
88
88
85
90
99
102
100
97
88
78
71
63
50
39
32
29
26
28
29
28
26
24
14
6
-9
-25
-41
-56
-69
-84
-87
-97
-109
-112
-116
-120
-124
-129
-150
-172
-189
-206
-216
-233
-244
-240
-237
-230
-217
-201
-186
-180
-164
-149
-151
-152
-146
-149
-151
-146
-141
-131
-118
-105
-92
-80
-64
-61
-60
-61
-73
-79
-80
-84
-89
-89
-79
-67
-53
-31
-10
-1
11
19
16
19
9
-3
-10
-17
-19
-21
-13
-7
6
28
48
68
90
104
111
111
106
100
87
81
67
50
51
55
57
70
101
127
146
171
194
194
190
186
171
152
136
120
102
92
86
99
112
131
156
180
200
208
215
211
202
197
184
167
150
137
121
113
107
106
111
112
114
112
114
103
94
88
79
69
51
38
23
8
-6
-16
-29
-44
-59
-77
-90
-108
-121
-133
-138
-139
-148
-144
-138
-135
-131
-128
-126
-136
-148
-164
-182
-202
-218
-233
-242
-250
-252
-246
-239
-226
-210
-193
-182
-166
-152
-155
-152
-154
-152
-155
-160
-162
-171
-167
-166
-157
-144
-133
-116
-102
-80
-69
-61
-53
-41
-35
-34
-25
-29
-29
-23
-13
-4
4
19
27
36
42
44
44
39
38
38
38
38
43
50
58
74
91
103
114
118
119
121
122
121
119
123
124
127
135
139
145
148
154
165
170
170
172
170
160
161
148
131
124
116
103
93
93
100
101
110
123
122
121
123
121
115
112
106
99
92
84
77
75
77
81
81
86
89
84
79
72
58
44
27
10
-5
-25
-45
-57
-66
-76
-91
-111
-123
-129
-135
-137
-134
-131
-129
-128
-118
-112
-112
-104
-103
-106
-108
-115
-116
-120
-131
-144
-155
-161
-169
-167
-164
-164
-154
-148
-143
-130
-122
-111
-95
-89
-85
-83
-79
-78
-82
-80
-80
-77
-67
-54
-37
-21
-9
2
19
26
31
37
36
38
35
40
39
39
40
37
39
41
45
55
64
71
65
66
58
44
43
42
42
40
41
45
50
60
66
72
81
82
84
89
83
76
68
67
63
60
64
66
72
76
84
91
92
101
108
100
93
92
80
82
81
79
81
73
72
65
71
82
88
102
106
103
106
105
98
97
91
82
77
73
59
47
40
21
9
-1
-9
-25
-38
-42
-57
-67
-74
-82
-89
-99
-109
-116
-125
-131
-135
-139
-142
-149
-152
-152
-158
-149
-144
-135
-123
-118
-110
-107
-103
-94
-95
-102
-105
-114
-119
-131
-138
-141
-144
-141
-140
-132
-115
-108
-96
-79
-72
-65
-57
-56
-50
-50
-47
-46
-42
-35
-27
-14
-2
11
21
34
42
44
48
44
39
28
25
20
11
14
19
29
36
48
62
77
93
104
112
111
112
115
112
107
102
99
106
102
105
112
114
124
128
130
126
126
126
114
105
98
84
78
74
67
63
61
60
53
49
47
44
44
36
23
21
17
12
8
6
3
2
5
6
12
17
25
34
38
42
43
45
45
37
31
23
11
11
3
-6
-6
-8
-17
-19
-24
-39
-47
-54
-70
-84
-98
-106
-116
-127
-136
-142
-140
-143
-141
-135
-134
-120
-99
-81
-65
-48
-28
-15
0
6
3
2
-4
-11
-22
-42
-52
-65
-78
-87
-89
-91
-95
-86
-79
-79
-68
-58
-53
-47
-43
-44
-42
-44
-46
-43
-43
-43
-37
-29
-24
-12
1
9
18
25
32
36
39
38
37
34
27
27
25
27
38
42
50
64
74
87
99
107
113
117
120
117
114
113
108
97
95
95
89
87
88
85
86
90
88
90
92
92
89
87
87
80
74
68
68
63
55
49
49
42
35
36
29
23
19
22
17
12
15
10
12
15
16
17
15
16
21
24
21
18
13
8
1
-8
-18
-31
-41
-48
-55
-63
-67
-75
-80
-80
-92
-97
-103
-109
-113
-121
-127
-134
-142
-150
-153
-154
-157
-155
-149
-139
-134
-124
-108
-99
-86
-69
-64
-60
-52
-55
-58
-60
-68
-71
-73
-73
-77
-75
-73
-69
-62
-57
-53
-53
-49
-45
-43
-45
-49
-49
-47
-48
-48
-48
-45
-37
-25
-16
-11
3
21
35
52
65
69
74
83
91
95
98
101
104
117
126
131
142
156
166
175
180
176
178
168
158
148
134
121
111
105
98
84
76
78
77
82
82
80
83
81
80
75
64
54
42
37
27
15
8
4
1
-2
4
5
9
12
13
11
1
-5
-14
-24
-30
-37
-41
-40
-37
-32
-27
-23
-14
-3
10
13
15
16
14
15
6
-5
-19
-25
-29
-38
-43
-57
-68
-71
-73
-74
-81
-86
-94
-99
-101
-109
-117
-124
-131
-137
-140
-141
-139
-134
-128
-124
-116
-105
-97
-85
-73
-66
-58
-55
-47
-40
-37
-36
-36
-36
-37
-32
-35
-37
-39
-40
-40
-41
-39
-41
-43
-37
-36
-28
-24
-17
-5
2
12
21
31
40
49
60
65
72
81
87
96
99
103
106
109
112
113
110
107
104
103
106
105
101
101
97
94
93
93
94
93
94
90
86
76
68
59
47
36
24
15
11
11
8
9
10
8
14
14
13
16
14
13
16
13
13
9
5
0
-8
-16
-23
-31
-38
-46
-52
-54
-59
-52
-46
-41
-32
-22
-13
-4
5
9
12
17
18
17
17
10
3
-5
-12
-20
-27
-34
-39
-40
-41
-41
-41
-42
-40
-39
-40
-42
-48
-53
-59
-64
-72
-80
-87
-91
-94
-95
-92
-90
-87
-79
-73
-66
-59
-53
-45
-41
-37
-33
-32
-34
-37
-40
-49
-54
-55
-57
-58
-64
-63
-66
-65
-61
-58
-47
-37
-28
-14
0
8
22
33
44
54
67
79
87
94
102
114
125
133
142
148
151
150
146
148
144
136
134
131
124
118
115
117
120
121
128
129
125
122
117
104
96
82
66
55
38
21
3
-14
-27
-31
-32
-29
-23
-14
-7
-3
9
11
10
13
3
-5
-15
-26
-27
-31
-33
-36
-35
-36
-38
-42
-49
-53
-61
-64
-74
-79
-85
-95
-103
-110
-112
-117
-113
-113
-105
-94
-89
-77
-71
-69
-69
-71
-76
-83
-85
-87
-91
-85
-86
-86
-76
-72
-68
-59
-51
-52
-52
-50
-54
-51
-54
-49
-43
-46
-37
-34
-27
-20
-14
-5
-4
4
4
2
6
4
1
1
-1
-1
0
-2
6
9
16
20
21
28
29
35
34
38
46
51
61
71
74
80
86
86
91
90
88
91
88
89
88
89
92
95
97
107
112
109
112
105
96
91
78
78
76
69
71
68
69
72
74
79
81
80
73
63
55
37
21
8
-12
-19
-30
-36
-38
-36
-34
-29
-20
-19
-14
-11
-13
-19
-26
-29
-38
-51
-60
-65
-67
-65
-57
-49
-39
-29
-19
-16
-14
-16
-21
-29
-39
-54
-69
-84
-94
-92
-97
-93
-79
-71
-59
-41
-27
-18
-12
-8
-7
-9
-19
-26
-30
-38
-50
-45
-34
-34
-24
-17
-10
-4
-3
5
1
-9
-17
-30
-43
-57
-60
-56
-58
-55
-50
-40
-29
-25
-14
-5
-1
-4
-1
1
1
7
4
3
11
10
12
19
24
25
28
31
31
29
27
25
29
35
36
38
46
48
51
57
53
53
51
50
51
50
48
44
45
44
44
48
54
57
52
52
51
42
36
23
14
10
6
2
-5
-1
7
13
17
18
18
23
23
18
10
-1
-8
-20
-36
-44
-46
-49
-56
-50
-38
-29
-17
-1
9
19
26
28
34
27
21
15
8
1
-8
-14
-18
-18
-18
-15
-22
-30
-34
-38
-46
-59
-70
-77
-81
-82
-77
-69
-62
-51
-43
-33
-20
-14
-6
-2
-2
-3
-3
-3
-5
-5
6
8
6
8
14
13
12
12
9
0
-12
-20
-25
-34
-38
-37
-30
-28
-24
-6
4
8
15
23
24
26
27
24
17
17
21
24
24
29
39
45
47
51
53
45
39
30
18
8
-4
-11
-15
-15
-14
-10
-2
3
13
19
22
26
29
32
31
30
26
24
23
24
22
22
26
28
32
28
29
28
23
20
16
9
5
7
9
11
11
12
19
18
19
16
14
5
-6
-17
-36
-50
-60
-61
-66
-65
-61
-52
-37
-25
-13
0
9
17
22
24
20
14
10
6
-2
-7
-14
-20
-21
-23
-26
-28
-27
-23
-24
-22
-24
-31
-31
-35
-40
-44
-49
-49
-44
-43
-35
-30
-22
-14
-12
-5
-6
-5
0
-2
0
1
1
2
3
5
5
4
3
-3
-4
-9
-22
-23
-28
-35
-32
-30
-25
-17
-14
-7
1
9
15
14
23
28
33
43
44
48
50
49
53
54
56
59
63
67
65
64
58
49
47
33
25
16
6
4
-5
-13
-12
-9
-4
4
9
11
11
10
7
5
5
-1
-3
0
-4
-3
5
12
20
23
26
26
16
11
2
-10
-21
-28
-30
-36
-37
-31
-30
-25
-15
-10
-1
3
4
4
1
-6
-14
-22
-29
-32
-35
-39
-34
-24
-14
0
9
20
30
33
37
36
35
31
25
22
14
8
4
2
4
3
-2
-2
-5
-8
-11
-16
-20
-21
-26
-34
-38
-37
-39
-42
-39
-38
-35
-33
-28
-25
-21
-15
-9
-7
-7
-3
-2
4
9
10
13
15
17
15
15
14
15
13
11
10
6
2
6
4
2
4
3
4
5
-1
-2
-2
0
1
0
4
5
7
7
10
12
17
24
27
28
28
25
28
28
24
18
13
6
-6
-14
-19
-24
-28
-25
-23
-21
-17
-13
-10
0
10
22
30
36
36
34
29
25
22
21
23
22
17
11
2
-6
-9
-11
-13
-15
-11
-10
-14
-17
-16
-12
-4
5
12
16
9
3
-4
-12
-21
-30
-34
-33
-38
-43
-42
-44
-38
-26
-16
-5
1
4
3
-6
-13
-21
-29
-29
-32
-36
-38
-39
-37
-36
-32
-23
-16
-12
-9
-10
-11
-13
-18
-22
-27
-26
-22
-18
-16
-10
1
12
19
25
35
40
46
45
43
36
27
24
24
22
15
19
20
21
24
24
26
30
38
36
35
30
25
22
15
13
10
7
7
7
9
12
14
17
20
14
12
9
5
8
6
14
21
23
28
22
18
17
10
6
-2
-10
-15
-27
-35
-39
-42
-34
-23
-10
0
6
12
12
11
13
17
13
9
0
-7
-13
-22
-26
-25
-25
-21
-18
-15
-11
-9
-5
-4
0
5
6
5
5
-1
-2
-1
4
7
6
10
13
13
10
9
4
1
4
-1
2
7
11
16
18
23
30
32
36
31
23
14
4
-4
-16
-26
-33
-41
-45
-45
-45
-44
-44
-41
-38
-36
-39
-37
-40
-47
-53
-59
-61
-62
-56
-55
-53
-44
-35
-24
-11
7
15
23
31
39
43
39
41
39
38
39
37
38
38
39
39
38
41
42
38
34
31
23
20
16
10
5
0
-2
-5
-5
-3
-8
-4
-1
1
1
3
10
11
8
7
7
11
14
13
15
16
15
12
7
-1
-4
-6
-4
-3
-5
-3
1
4
9
18
21
26
27
22
20
13
13
9
1
-7
-11
-16
-15
-15
-16
-11
-11
-14
-12
-13
-15
-17
-17
-20
-20
-20
-25
-23
-20
-17
-8
-1
3
10
14
11
13
9
0
-1
-7
-8
-9
-9
-7
-7
2
2
5
16
23
24
27
25
18
12
-1
-7
-18
-30
-40
-49
-54
-58
-60
-61
-57
-56
-52
-44
-40
-38
-34
-36
-31
-29
-28
-26
-27
-13
-13
-5
9
15
27
34
40
48
59
62
66
64
61
63
60
54
48
44
40
36
36
31
23
22
13
8
4
-4
-6
-12
-16
-21
-30
-32
-35
-35
-30
-30
-27
-14
-5
8
18
28
35
39
43
39
41
34
33
32
29
32
21
14
7
-3
-12
-18
-21
-15
-14
-14
-10
-6
-1
1
8
8
7
6
5
6
-4
-9
-16
-18
-16
-17
-16
-18
-13
-10
-10
-11
-13
-12
-13
-22
-29
-33
-33
-29
-26
-25
-17
-9
-4
3
10
14
13
11
11
5
-4
-10
-16
-13
-12
-9
3
18
28
35
34
30
31
21
11
2
-12
-24
-33
-43
-55
-64
-65
-62
-62
-66
-60
-58
-63
-64
-63
-67
-65
-62
-50
-41
-33
-16
-3
13
25
37
52
62
72
75
75
77
74
61
53
42
30
23
17
12
16
17
21
26
21
17
15
13
9
3
-2
-4
-10
-13
-16
-21
-19
-18
-15
-5
3
11
21
27
41
49
58
72
84
96
97
100
102
95
91
87
76
64
56
45
35
29
20
10
4
2
-2
-8
-15
-19
-26
-34
-34
-36
-40
-41
-42
-41
-43
-42
-37
-25
-21
-17
-11
-11
-7
-14
-16
-24
-36
-39
-47
-50
-50
-55
-52
-50
-54
-47
-53
-51
-48
-53
-53
-55
-56
-55
-57
-60
-61
-66
-67
-68
-62
-51
-45
-38
-34
-27
-29
-25
-20
-22
-22
-27
-28
-26
-30
-29
-27
-25
-18
-23
-27
-23
-34
-31
-27
-28
-22
-23
-13
-3
-2
14
23
34
49
59
71
78
90
98
104
110
106
106
104
97
95
91
84
83
86
82
78
78
72
63
63
59
49
48
44
40
40
40
48
48
54
57
56
60
60
61
62
60
59
55
49
42
37
33
24
18
15
8
-4
-4
-9
-20
-19
-33
-47
-52
-67
-79
-89
-95
-93
-94
-89
-88
-85
-82
-80
-82
-77
-78
-87
-85
-89
-87
-86
-82
-77
-69
-58
-56
-47
-43
-44
-40
-46
-48
-50
-52
-50
-56
-57
-49
-52
-43
-35
-21
-11
0
12
16
19
15
17
20
19
20
21
22
24
28
35
39
45
55
60
64
59
52
46
38
31
23
19
15
13
10
8
6
2
5
2
-1
0
-2
-3
-3
0
5
7
12
17
16
15
20
22
28
38
40
43
47
50
47
46
46
48
46
52
52
50
53
48
48
46
42
37
31
24
21
11
6
10
9
12
17
22
24
23
24
21
11
3
-5
-14
-19
-18
-22
-19
-14
-13
-12
-13
-15
-25
-29
-36
-46
-51
-58
-65
-73
-75
-79
-88
-85
-81
-81
-73
-64
-57
-48
-43
-38
-36
-39
-44
-47
-48
-48
-49
-42
-36
-28
-24
-22
-19
-18
-17
-17
-16
-13
-11
-13
-14
-17
-20
-20
-23
-17
-11
-9
0
6
11
16
17
21
19
22
19
17
20
22
26
31
35
39
42
44
47
50
50
51
53
55
59
57
59
60
55
53
50
45
37
32
29
23
19
17
20
19
21
21
21
23
22
25
29
31
37
41
48
51
47
51
47
44
43
34
31
30
30
28
28
26
24
20
15
10
3
2
-3
-11
-14
-21
-27
-33
-34
-39
-39
-37
-39
-37
-38
-35
-32
-28
-23
-18
-17
-19
-21
-24
-30
-32
-31
-31
-28
-24
-23
-28
-35
-38
-44
-49
-52
-51
-52
-50
-46
-48
-52
-59
-58
-55
-54
-47
-48
-41
-34
-29
-28
-29
-25
-22
-17
-13
-8
-4
-1
2
-5
-5
-6
-5
-6
-9
-11
-15
-17
-18
-15
-17
-13
-4
1
3
2
2
1
8
12
15
21
26
30
32
32
35
39
44
51
58
59
64
62
65
63
51
46
43
47
50
43
41
42
35
29
24
18
22
27
24
23
20
16
15
13
11
14
17
15
15
15
18
18
19
17
14
11
11
10
6
2
-3
-6
-5
-6
-15
-17
-23
-26
-25
-28
-33
-34
-31
-33
-30
-32
-35
-30
-31
-29
-22
-20
-18
-8
-5
-3
0
-3
-4
-7
-6
-8
-8
-2
-4
-7
-7
-10
-15
-16
-18
-21
-21
-28
-31
-33
-33
-33
-33
-28
-29
-30
-28
-23
-18
-14
-10
-7
-3
-3
4
4
4
8
9
8
3
1
0
3
-1
-3
-4
-5
-1
-1
4
7
5
6
5
7
5
6
7
7
7
6
10
14
15
20
24
21
19
21
23
23
30
30
28
33
30
33
32
32
31
28
26
27
25
28
34
33
33
30
30
23
19
20
16
13
10
7
4
4
7
5
2
2
4
3
6
7
13
15
16
18
13
10
3
-3
-9
-14
-18
-27
-28
-31
-32
-34
-37
-39
-43
-45
-44
-50
-54
-52
-58
-62
-66
-68
-67
-66
-62
-57
-48
-40
-33
-25
-14
-7
0
3
3
7
8
12
16
21
17
13
21
18
18
24
18
16
16
14
15
14
11
8
11
13
16
22
23
25
26
24
20
19
14
12
5
2
0
-9
-5
-9
-15
-21
-27
-33
-37
-41
-44
-45
-45
-42
-36
-28
-19
-11
-9
0
5
9
15
18
16
23
23
21
22
16
17
17
21
23
23
29
34
40
44
50
55
65
71
76
79
73
70
69
60
47
40
33
23
17
10
1
-4
-11
-15
-13
-16
-19
-20
-25
-23
-21
-23
-19
-17
-17
-14
-10
-14
-17
-21
-22
-27
-32
-31
-37
-38
-44
-46
-53
-53
-48
-50
-44
-41
-35
-32
-27
-22
-17
-10
-3
1
2
1
0
-5
-9
-11
-11
-7
-5
-4
-4
-8
-13
-14
-14
-14
-7
1
9
18
21
21
20
22
20
24
26
24
27
25
16
6
-4
-7
-11
-8
-6
-2
7
12
19
17
23
29
29
31
32
32
26
20
13
2
-8
-21
-26
-31
-38
-38
-34
-32
-31
-35
-36
-37
-35
-30
-24
-15
-12
-7
-1
4
-1
-4
-5
-8
-10
-12
-10
-9
-2
5
10
22
32
44
57
63
69
71
76
75
71
61
51
46
36
34
32
34
32
29
25
22
22
21
24
24
20
11
2
-8
-21
-27
-32
-32
-28
-28
-25
-26
-26
-25
-27
-28
-33
-35
-35
-36
-39
-47
-53
-51
-49
-49
-49
-47
-44
-37
-31
-27
-20
-23
-21
-20
-20
-18
-14
-13
-13
-14
-15
-8
-3
1
3
6
10
13
10
4
5
5
6
10
9
7
9
3
3
2
0
-1
-1
-3
-8
-10
-12
-12
-11
-12
-12
-9
-5
-3
2
5
8
15
17
16
15
14
14
12
14
19
17
16
22
27
28
31
31
34
35
34
37
38
37
34
34
32
31
33
33
30
26
26
19
19
21
22
20
23
27
25
29
28
30
34
29
27
24
18
10
10
6
2
5
0
2
4
2
4
0
-1
2
4
8
5
10
8
-2
-3
-15
-25
-33
-39
-46
-57
-59
-55
-52
-40
-34
-27
-20
-19
-15
-17
-20
-23
-24
-34
-47
-50
-53
-56
-54
-49
-48
-41
-31
-26
-18
-13
-14
-14
-17
-22
-28
-25
-28
-32
-30
-29
-28
-19
-10
-9
-1
8
9
15
16
17
18
13
12
9
15
18
24
38
33
35
40
38
38
35
34
31
21
19
14
12
19
20
26
31
31
38
36
34
34
25
18
13
8
2
-9
-14
-24
-30
-32
-37
-39
-31
-31
-26
-17
-19
-17
-14
-9
-15
-13
-10
-10
-7
-3
-4
-3
2
4
3
-3
0
-4
-1
5
5
12
20
24
30
39
37
38
36
29
29
21
14
13
5
2
-1
-1
5
4
10
15
13
13
6
-6
-12
-19
-26
-30
-32
-33
-25
-18
-11
-2
4
3
3
5
1
1
2
-5
-8
-17
-26
-33
-41
-47
-47
-51
-47
-38
-32
-20
-14
-6
0
5
12
16
20
19
12
8
4
-3
-2
-4
-3
1
5
7
7
10
8
5
7
2
1
3
-1
-1
-1
-3
1
2
2
1
4
2
2
7
2
3
8
2
-2
-1
-2
-2
1
5
